1.113100
599.478210
726.053528
362.357758
81.208115
55.562950
62.231129
41.206806
68.617905
149.214569
104.827782
140.306488
10.230547
64.633469
26.064240
29.486080
54.923512
75.936531
31.078323
83.078583
3.306950
73.303879
24.996155
73.486130
48.220940
16.207623
40.423210
26.042652
43.931725
2.193156
26.245703
11.470706
22.364241
57.781769
40.976589
20.911644
16.562763
2.207832
31.212549
5.446239
6.374762
5.646578
21.066086
2.972700
7.568363
12.635373
34.346588
34.673222
15.083656
6.519754
6.503392
3.314525
1.100907
7.669536
11.251946
23.586149
11.352978
36.694759
16.203888
9.707708
3.158910
3.616963
9.726586
6.750848
5.444792
1.305180
4.936006
2.485208
1.675215
1.396584
1.048805
1.325548
1.934051
3.906240
1.045968
4.447661
0.940238
1.354691
1.129017
1.232035
2.140584
1.347919
1.209610
1.275759
1.148126
2.422284
1.226423
1.817520
1.696171
2.453322
1.249593
1.095509
1.159280
0.864511
1.217157
1.150061
2.202092
1.333476
1.241403
1.217972
0.937704
1.101114
1.563092
3.016249
4.198709
4.423585
1.737795
1.064929
2.276085
1.418017
1.378215
1.296649
1.170170
1.064107
1.304082
1.445559
1.181285
1.140308
0.996801
1.114804
1.124219
1.405619
1.144386
1.112422
1.153080
1.194394
1.064679
1.159075
1.037402
1.105004
1.123394
1.104580
0.850814
1.217126
1.371031
3.530714
1.013860
1.230852
3.122487
1.377749
1.154082
1.201494
1.068688
1.053179
1.120602
1.336906
1.121486
1.016929
1.256753
0.977126
1.228187
1.116845
1.062258
1.139583
1.079717
1.045879
0.930164
1.108588
1.305609
0.957854
1.039055
1.150515
1.093390
0.984199
1.230364
1.052357
1.428570
1.247327
1.149698
1.358827
1.125434
1.243567
0.972344
1.253417
1.106249
1.097531
1.241629
1.128409
1.253910
1.168073
1.120864
1.082028
1.144490
1.100780
1.198077
1.175260
0.973103
1.112368
1.002859
1.335320
1.241323
1.165680
1.185473
1.034922
1.067402
1.114819
1.113824
1.194787
1.130764
1.081137
1.224123
1.084069
1.091918
1.208295
1.144755
1.044731
1.084174
1.115685
1.120266
1.465879
1.011139
1.057506
1.151515
1.071723
1.089560
1.090248
1.090004
1.216323
1.217064
1.174192
1.012959
1.083988
1.191976
1.166273
1.204580
1.190439
1.163906
1.123781
1.098272
1.112332
1.150416
1.004235
1.055655
2.002621
1.247910
1.215857
1.021959
1.092376
1.131311
1.121530
0.995243
1.109426
1.237841
0.970791
1.326144
1.062941
1.055828
1.242627
1.217292
1.054907
0.987033
1.233386
1.060320
1.097385
0.970789
1.318057
1.234506
1.241110
1.459609
1.275896
1.603070
1.226406
1.110214
1.109551
1.291017
1.016148
1.175727
1.039298
0.893378
1.727860
4.028015
4.295289
1.636037
1.253938
1.201386
1.086992
1.119336
1.172260
1.117675
1.082945
1.086926
0.992966
0.879702
1.363568
1.198804
1.183946
1.082590
1.179344
1.104076
1.093788
2.878516
1.087296
1.135274
1.097891
1.043459
1.096181
1.045022
1.160895
1.040663
1.148095
1.178129
1.112054
1.109330
1.469936
1.125980
1.099769
1.032029
1.123766
1.129746
1.121623
1.161088
1.218639
1.167369
1.048941
1.090434
1.206488
1.065275
1.110041
1.077754
1.399072
1.277139
1.036734
1.307925
1.215833
0.982794
1.138509
1.336009
0.984723
1.090928
1.244937
1.151636
1.141632
1.103884
1.133686
1.095958
1.088591
1.106468
0.729646
