1.082273
1.097777
1.090903
1.096021
1.090318
1.095436
1.097192
1.103481
1.102894
1.092080
1.109183
1.090904
1.089729
1.097193
1.089728
1.104071
1.090903
1.084023
1.096604
1.083432
1.090898
1.097191
1.089134
1.109199
1.116086
1.097780
1.110376
1.083418
1.104667
1.102901
1.088539
1.110966
1.095423
1.084598
1.096602
1.083415
1.110380
1.084597
1.095416
1.097786
1.082815
1.097193
1.090298
1.096599
1.091485
1.104091
1.078278
1.104685
1.097191
1.116711
1.089110
1.096600
1.097777
1.097776
1.097187
1.104674
1.104671
1.090285
1.122460
1.089706
1.104081
1.090286
1.089709
1.104078
1.104653
1.109823
1.084538
1.124183
1.075932
1.109254
1.117283
1.091426
1.097746
1.103499
1.083404
1.102934
1.096613
1.104061
1.103498
1.097738
1.082850
1.103497
1.110379
1.090293
1.097734
1.122463
1.102938
1.117810
1.096617
1.083423
1.110367
1.116126
1.089190
1.117233
1.102374
1.091423
1.097734
1.116662
1.109793
1.096620
1.105153
1.082344
1.090317
1.096621
1.097733
1.096621
1.102923
1.083463
1.104035
1.097177
1.122937
1.090321
1.102365
1.109219
1.110888
1.109771
1.097179
1.084593
1.096621
1.097180
1.082364
1.090889
1.102354
1.096621
1.096621
1.084039
1.109763
1.110325
1.083476
1.103473
1.104600
1.109198
1.097183
1.110325
1.097183
1.096619
1.089768
1.115478
1.102904
1.090901
1.096618
1.083485
1.102900
1.103468
1.088626
1.097759
1.084629
1.090336
1.097762
1.089760
1.097188
1.098336
1.084621
1.092047
1.096616
1.090327
1.110901
1.102909
1.089759
1.109770
1.083464
1.103477
1.097745
1.117198
1.104040
1.109775
1.102917
1.110333
1.102357
1.091444
1.097739
1.111441
1.089772
1.090884
1.097178
1.096624
1.082931
1.097728
1.084033
1.097725
1.097175
1.090874
1.094989
1.110869
1.090870
1.109779
1.102932
1.096085
1.089780
1.109236
1.110324
1.102930
1.089779
1.103474
1.089231
1.116073
1.090877
1.102922
1.096624
1.090329
1.078294
1.102918
1.096623
1.097735
1.097735
1.084031
1.103474
1.109772
1.096622
1.097178
1.096067
1.110328
1.103475
1.096622
1.096622
1.090326
1.104031
1.117179
1.102917
1.097736
1.122910
1.097735
1.096068
1.096068
1.090334
1.103468
1.096067
1.097180
1.097180
1.103467
1.096623
1.090896
1.109193
1.104582
1.123991
1.083501
1.090342
1.104020
1.090899
1.089788
1.092008
1.104017
1.096074
1.089791
1.103463
1.116584
1.096077
1.084609
1.097178
1.103463
1.083508
1.090891
1.102367
1.090341
1.109203
1.102915
1.091440
1.091440
1.109203
1.104014
1.097726
1.096628
1.089244
1.096628
1.096628
1.090888
1.084598
1.103466
1.077207
1.090335
1.116603
1.116058
1.109764
1.076651
1.111407
1.090334
1.090333
1.089786
1.083490
1.096627
1.104019
1.102924
1.091424
1.096079
1.083481
1.082931
1.104023
1.097174
1.097174
1.096076
1.102929
1.082366
1.104030
1.090317
1.084011
1.104035
1.077699
1.104037
1.117211
1.089206
1.096621
1.096621
1.097174
1.089202
1.110908
1.109802
1.090860
1.101827
1.090306
1.090306
1.103489
1.096619
1.104046
1.082876
1.096060
1.090303
1.083429
1.096616
1.088615
1.103493
1.109244
1.122439
1.117258
1.089729
1.116114
1.103492
1.117255
1.116675
1.104065
1.082853
1.104064
1.097767
1.096608
1.096029
1.096028
1.096027
1.097773
1.078128
