1.117227
1.110937
1.105229
1.090902
1.083452
1.116636
1.097189
1.089744
1.081726
1.085764
1.104054
1.088593
1.104630
1.089169
1.110923
1.089743
1.090318
1.097186
1.097186
1.084021
1.097186
1.109781
1.109208
1.110355
1.082869
1.090887
1.110929
1.102910
1.090313
1.103483
1.090313
1.103483
1.096612
1.110355
1.089741
1.104056
1.090314
1.096612
1.097185
1.103483
1.089167
1.089740
1.110930
1.089164
1.097761
1.090313
1.083439
1.109783
1.104062
1.090311
1.083434
1.090886
1.097186
1.097762
1.102912
1.090881
1.117250
1.103490
1.102341
1.090878
1.089157
1.097184
1.096610
1.098332
1.096610
1.110371
1.104636
1.117250
1.082854
1.104060
1.117244
1.102920
1.102352
1.096613
1.110927
1.090310
1.104052
1.104618
1.122954
1.090881
1.102916
1.090318
1.084021
1.109214
1.110338
1.097181
1.117192
1.096619
1.103474
1.097181
1.102913
1.082919
1.090330
1.096061
1.096060
1.102909
1.102908
1.090896
1.090332
1.076063
1.117177
1.110325
1.076624
1.104040
1.089761
1.097756
1.089189
1.082901
1.089756
1.085760
1.109764
1.089750
1.097761
1.104052
1.082880
1.097761
1.098334
1.102908
1.095467
1.096612
1.109207
1.095464
1.102908
1.104059
1.089737
1.077145
1.102324
1.096026
1.090895
1.090895
1.097190
1.091481
1.096605
1.084010
1.083421
1.109790
1.097776
1.104664
1.102907
1.083411
1.088544
1.097189
1.096603
1.083988
1.082225
1.090880
1.095424
1.083977
1.104093
1.083380
1.089691
1.096597
1.109232
1.116145
1.089085
1.090874
1.090874
1.091474
1.104112
1.103512
1.111034
1.091470
1.083948
1.091465
1.092057
1.096594
1.090858
1.117361
1.109850
1.097184
1.116186
1.102933
1.089680
1.084514
1.096017
1.090847
1.104099
1.109273
1.109854
1.117350
1.109851
1.103515
1.129425
1.089691
1.083364
1.102929
1.090276
1.110997
1.110996
1.097184
1.077638
1.095441
1.083960
1.097184
1.097184
1.116149
1.104085
1.082221
1.102924
1.083381
1.089700
1.096019
1.084545
1.103506
1.109242
1.096600
1.096599
1.097187
1.101740
1.097188
1.095413
1.103508
1.104698
1.102911
1.102910
1.102908
1.123045
1.090282
1.095990
1.104108
1.082164
1.084586
1.103503
1.110416
1.089677
1.082762
1.082760
1.090898
1.097201
1.102890
1.090898
1.090898
1.095968
1.097202
1.096584
1.083971
1.111055
1.109818
1.097821
1.102892
1.110438
1.083966
1.104128
1.102893
1.111054
1.110435
1.104125
1.104123
1.095972
1.076439
1.090893
1.082135
1.090279
1.089665
1.098427
1.097199
1.109821
1.110434
1.096586
1.101674
1.116132
1.090890
1.103509
1.097815
1.076432
1.095971
1.089661
1.097201
1.089659
1.104128
1.104129
1.096583
1.089656
1.103511
1.116130
1.110440
1.103511
1.090896
1.096582
1.083349
1.103510
1.103510
1.090899
1.130597
1.103508
1.095960
1.103507
1.098449
1.123652
1.092147
1.104123
1.083987
1.096586
1.091518
1.097815
1.104113
1.090898
1.117322
1.116107
1.096593
1.104102
1.103498
1.090294
1.104095
1.089100
1.096597
1.090297
1.096598
1.103495
1.104090
1.096004
1.102899
1.097789
1.097194
1.104088
1.110981
1.104086
1.089709
1.103492
1.097192
1.098372
1.096014
1.108613
1.089129
1.097191
1.097192
1.089717
1.090306
1.123559
1.096602
1.110374
1.090308
1.084014
1.109782
1.090899
1.109191
1.097193
1.099094
