1.090900
1.096603
1.110369
1.110368
1.096603
1.089722
1.096603
1.097193
1.102894
1.090313
1.090313
1.110365
1.089722
1.102892
1.098971
1.116062
1.092089
1.090905
1.110362
1.136696
1.105244
1.097778
1.097191
1.076001
1.102317
1.117212
1.103477
1.103476
1.104052
1.082889
1.111486
1.102897
1.097763
1.110901
1.096615
1.102898
1.104039
1.097757
1.096618
1.089771
1.096052
1.123437
1.116587
1.104030
1.103462
1.097186
1.096621
1.109730
1.089787
1.096622
1.090354
1.077820
1.082391
1.110855
1.097754
1.096622
1.096056
1.110856
1.104022
1.104021
1.090354
1.102891
1.089791
1.090919
1.102891
1.096059
1.110851
1.091483
1.089792
1.084650
1.084085
1.097185
1.102896
1.102897
1.085199
1.082955
1.090348
1.097183
1.089786
1.083505
1.096064
1.109188
1.097182
1.096061
1.076082
1.089772
1.115477
1.089199
1.081771
1.097758
1.084043
1.097764
1.115472
1.103476
1.096030
1.103477
1.090906
1.096023
1.090322
1.104066
1.102890
1.097784
1.097785
1.097785
1.098964
1.091496
1.110354
1.102895
1.103480
1.089152
1.083447
1.096025
1.075406
1.109772
1.090316
1.090900
1.083436
1.110950
1.096018
1.097192
1.105249
1.090309
1.089722
1.103487
1.109199
1.104075
1.108613
1.104075
1.089720
1.089132
1.103487
1.088538
1.090308
1.103488
1.098384
1.084014
1.097790
1.089710
1.096599
1.089113
1.096599
1.097195
1.084004
1.102895
1.117288
1.097795
1.103494
1.090298
1.098992
1.089700
1.110990
1.109796
1.104685
1.088516
1.104682
1.090891
1.090298
1.096010
1.116101
1.110388
1.104084
1.097191
1.076519
1.096602
1.090300
1.076518
1.090299
1.082815
1.097190
1.096600
1.110395
1.117886
1.102908
1.090292
1.097780
1.097780
1.104088
1.101734
1.077084
1.102911
1.090879
1.110987
1.090877
1.082217
1.083976
1.103501
1.089699
1.098361
1.102917
1.096600
1.090282
1.097186
1.116145
1.096600
1.091453
1.097186
1.103507
1.104092
1.102922
1.083373
1.096017
1.089694
1.116737
1.097185
1.083371
1.097772
1.097186
1.102923
1.104094
1.104094
1.083953
1.091446
1.082201
1.105259
1.090274
1.111002
1.103511
1.089115
1.090850
1.103512
1.105243
1.083937
1.104087
1.110995
1.097177
1.097176
1.083931
1.097174
1.097173
1.104640
1.097171
1.089708
1.101843
1.109862
1.109862
1.096613
1.090267
1.083365
1.096613
1.096613
1.097726
1.089709
1.110977
1.109307
1.108749
1.110420
1.090267
1.103514
1.109857
1.096611
1.090831
1.091393
1.096611
1.090832
1.083931
1.136336
1.104071
1.103511
1.102952
1.109848
1.082264
1.116739
1.102947
1.091961
1.096052
1.109836
1.116164
1.123611
1.089162
1.102937
1.083405
1.096612
1.095478
1.103496
1.097181
1.102353
1.089724
1.096608
1.088569
1.103493
1.103493
1.096605
1.097188
1.090300
1.096015
1.103492
1.097192
1.116684
1.090301
1.090895
1.089708
1.124170
1.095408
1.102895
1.088512
1.095998
1.090906
1.090304
1.097199
1.104701
1.097200
1.115465
1.103490
1.090912
1.089697
1.095984
1.103490
1.096592
1.105323
1.095981
1.084020
1.085243
1.089694
1.102268
1.097203
1.104714
1.104103
1.097202
1.097202
1.096592
1.104710
1.084009
1.088480
1.104100
1.090905
1.095988
1.117297
1.103494
1.090902
1.102890
1.077101
1.116692
1.109792
1.104097
1.097198
1.109790
1.104095
1.099095
