1.102891
1.076514
1.111587
1.103490
1.082812
1.115475
1.089705
1.110982
1.095995
1.109175
1.090911
1.116665
1.102882
1.109769
1.097201
1.123538
1.083431
1.077763
1.103480
1.109149
1.096596
1.097204
1.082831
1.090932
1.104088
1.104698
1.097205
1.096596
1.098422
1.104085
1.104690
1.097203
1.092134
1.097802
1.097798
1.102284
1.096008
1.096603
1.096012
1.104069
1.102885
1.090324
1.090915
1.110348
1.077762
1.102888
1.089735
1.102889
1.090322
1.102890
1.090910
1.102890
1.111530
1.095428
1.090321
1.090320
1.089142
1.097194
1.090319
1.090318
1.102890
1.090908
1.103482
1.104668
1.090906
1.091497
1.090312
1.110957
1.090311
1.102898
1.083427
1.103487
1.116667
1.104658
1.104072
1.097189
1.090308
1.077130
1.102907
1.096608
1.104067
1.091464
1.098341
1.096609
1.092028
1.095466
1.102919
1.095471
1.089732
1.104062
1.104633
1.083991
1.090301
1.102924
1.124137
1.088596
1.085691
1.097180
1.096613
1.089732
1.091428
1.096048
1.103495
1.110378
1.088603
1.095484
1.104062
1.088596
1.108680
1.116131
1.096609
1.110383
1.103495
1.091450
1.102917
1.097185
1.083992
1.095448
1.096025
1.097769
1.103493
1.090299
1.102909
1.096604
1.077106
1.096016
1.090886
1.091475
1.103496
1.102318
1.097190
1.089704
1.116701
1.102906
1.096007
1.091480
1.102903
1.089104
1.090293
1.096597
1.090890
1.095399
1.110403
1.090291
1.104101
1.104102
1.097196
1.090893
1.097798
1.109805
1.096594
1.088486
1.082781
1.097196
1.090288
1.097196
1.104711
1.110414
1.104107
1.103503
1.122423
1.116717
1.110408
1.095388
1.111006
1.097197
1.084602
1.084603
1.102892
1.130487
1.089699
1.096596
1.074711
1.096596
1.102287
1.084010
1.103491
1.084617
1.090302
1.083402
1.097200
1.097807
1.090298
1.096592
1.122993
1.090295
1.103496
1.102281
1.102888
1.085217
1.097200
1.090903
1.103497
1.095983
1.097808
1.089684
1.090901
1.084599
1.109801
1.089075
1.090288
1.123019
1.090895
1.096591
1.098413
1.104717
1.097803
1.109205
1.103503
1.089080
1.089684
1.104105
1.083377
1.096593
1.085787
1.089682
1.089682
1.109816
1.089680
1.110420
1.123648
1.110420
1.104107
1.110417
1.104105
1.095994
1.090885
1.103502
1.095997
1.097792
1.091485
1.090887
1.083982
1.096597
1.089694
1.090288
1.110406
1.097190
1.096598
1.098372
1.103503
1.109818
1.103503
1.096012
1.116719
1.096600
1.102914
1.089701
1.090877
1.117299
1.096012
1.097189
1.096012
1.104676
1.103498
1.110393
1.110392
1.096601
1.096602
1.097190
1.116099
1.090889
1.110380
1.103490
1.085181
1.096604
1.077124
1.102903
1.090306
1.109788
1.104073
1.077124
1.096605
1.104657
1.090305
1.117256
1.091469
1.108630
1.096027
1.102908
1.104649
1.075386
1.102908
1.109788
1.104651
1.104069
1.116665
1.096025
1.084597
1.089730
1.103485
1.090312
1.089730
1.096024
1.089144
1.096021
1.096605
1.097192
1.096603
1.098962
1.102897
1.097193
1.102306
1.084605
1.096010
1.096009
1.102895
1.074746
1.097195
1.089706
1.097797
1.095394
1.090904
1.104097
1.129883
1.110393
1.083400
1.089693
1.089084
1.085227
1.116079
1.104105
1.097813
1.090299
1.111008
1.104104
1.102274
1.092129
1.124197
1.083401
1.089088
1.104099
1.096594
1.109784
1.103491
1.097200
1.089699
1.101111
