1.102282
1.097803
1.097802
1.117877
1.089706
1.092106
1.109779
1.096599
1.129250
1.103486
1.102297
1.097195
1.074771
1.110958
1.096007
1.096601
1.077154
1.089123
1.096600
1.104681
1.082834
1.090316
1.110368
1.091519
1.087905
1.097200
1.116657
1.097201
1.104090
1.084029
1.095385
1.077138
1.091524
1.110379
1.089095
1.097808
1.103489
1.102882
1.097201
1.097201
1.109172
1.090912
1.088482
1.096593
1.104100
1.097202
1.092744
1.083404
1.089084
1.097201
1.110395
1.092124
1.083396
1.089690
1.104102
1.097804
1.090898
1.110403
1.089087
1.089689
1.117311
1.102899
1.091491
1.104100
1.092087
1.102903
1.104097
1.090884
1.104095
1.089103
1.109812
1.096008
1.090878
1.104091
1.103501
1.109813
1.096600
1.082802
1.082801
1.102912
1.096600
1.096599
1.116715
1.090880
1.090288
1.103501
1.082198
1.102907
1.103502
1.090287
1.104099
1.091482
1.097791
1.103503
1.089689
1.110410
1.088496
1.082780
1.090284
1.096594
1.104105
1.095993
1.096593
1.123645
1.090884
1.109817
1.104109
1.084576
1.109211
1.115520
1.116724
1.090890
1.095987
1.083984
1.110411
1.102894
1.089683
1.075867
1.097808
1.109800
1.075860
1.102889
1.097813
1.090902
1.095974
1.102887
1.102886
1.102885
1.077073
1.116718
1.083989
1.083368
1.096583
1.117345
1.109802
1.108554
1.090911
1.103503
1.103503
1.109796
1.109794
1.103501
1.092179
1.102240
1.089664
1.091554
1.110414
1.095951
1.102866
1.096581
1.096580
1.089665
1.104128
1.097213
1.091566
1.103494
1.102861
1.104128
1.104127
1.089035
1.117319
1.096581
1.095948
1.102858
1.104759
1.090304
1.090305
1.084029
1.096581
1.104124
1.102224
1.110400
1.103490
1.104123
1.102855
1.097849
1.095948
1.096581
1.104755
1.083404
1.097215
1.102854
1.109758
1.109757
1.089044
1.095947
1.117292
1.097217
1.103483
1.102845
1.084692
1.084693
1.090955
1.104119
1.096581
1.110382
1.103482
1.089683
1.103481
1.096582
1.097217
1.103481
1.084055
1.104749
1.098483
1.105376
1.102851
1.104109
1.090946
1.084052
1.085296
1.103481
1.090936
1.122920
1.110371
1.090318
1.089706
1.090317
1.102872
1.090926
1.104698
1.129812
1.095991
1.095992
1.097202
1.097806
1.096598
1.088511
1.097805
1.117240
1.097202
1.087911
1.090322
1.103477
1.089718
1.097203
1.109753
1.103478
1.084656
1.078382
1.085260
1.085255
1.089715
1.103481
1.097200
1.095998
1.095399
1.102285
1.083423
1.090310
1.097199
1.090307
1.104092
1.109782
1.109783
1.083408
1.110387
1.077114
1.089698
1.095990
1.109787
1.104706
1.090299
1.111001
1.110395
1.111606
1.109182
1.110390
1.089094
1.077720
1.090907
1.104094
1.104093
1.104092
1.089704
1.109783
1.096597
1.096598
1.116074
1.097796
1.082220
1.116668
1.103487
1.102887
1.097799
1.097198
1.109170
1.078345
1.097799
1.088514
1.102283
1.097800
1.084631
1.116053
1.097199
1.095997
1.096598
1.109165
1.090315
1.104690
1.097804
1.097201
1.085240
1.109765
1.097199
1.116650
1.091515
1.096001
1.095405
1.103481
1.102884
1.082241
1.102882
1.084636
1.096599
1.089114
1.077151
1.110368
1.084636
1.090313
1.104090
1.084026
1.096596
1.083416
1.104093
1.117279
1.110989
1.083409
1.084011
1.103491
1.095995
1.110990
1.102892
1.082804
1.102892
1.097197
1.104095
1.143074
