1.089700
1.103492
1.083405
1.096596
1.096596
1.097799
1.096596
1.104695
1.115479
1.103492
1.096596
1.097197
1.091505
1.102890
1.077113
1.122975
1.104093
1.103491
1.096596
1.097799
1.115477
1.090904
1.097197
1.089100
1.089701
1.082807
1.096596
1.090904
1.110988
1.103491
1.096596
1.097799
1.109183
1.110386
1.090303
1.102889
1.123574
1.109784
1.116678
1.110987
1.123572
1.109181
1.097198
1.090304
1.089703
1.089703
1.090305
1.102887
1.096596
1.102285
1.097198
1.109178
1.110382
1.104091
1.090908
1.097199
1.110984
1.089703
1.096596
1.111586
1.097199
1.096596
1.084017
1.090307
1.110983
1.102886
1.089102
1.096596
1.097801
1.097800
1.103488
1.122358
1.077125
1.082813
1.091511
1.095995
1.102886
1.110380
1.095994
1.104693
1.090909
1.098403
1.084017
1.104692
1.089103
1.096597
1.090307
1.103489
1.096596
1.091509
1.102887
1.102887
1.097198
1.099002
1.097198
1.085218
1.088503
1.104090
1.124165
1.104089
1.088504
1.103489
1.082814
1.095396
1.089705
1.095396
1.117873
1.090306
1.110381
1.104691
1.104090
1.110982
1.109179
1.097799
1.104089
1.109178
1.096597
1.084617
1.097799
1.104089
1.102888
1.116669
1.076526
1.091508
1.090307
1.097198
1.097798
1.103488
1.104088
1.090307
1.082817
1.097197
1.116070
1.088509
1.083417
1.098396
1.096598
1.096598
1.090906
1.103488
1.123561
1.091506
1.102889
1.083416
1.102889
1.109779
1.095399
1.089707
1.109180
1.102888
1.095998
1.089707
1.097198
1.091507
1.091508
1.097198
1.109779
1.110379
1.088506
1.098399
1.109779
1.110379
1.102888
1.103488
1.095997
1.109177
1.089106
1.097198
1.109177
1.103488
1.090308
1.110979
1.090308
1.109776
1.109776
1.110377
1.097198
1.096597
1.090911
1.089707
1.097800
1.083419
1.104690
1.084623
1.103487
1.104088
1.089708
1.089707
1.095996
1.090910
1.096597
1.091511
1.083418
1.096597
1.095996
1.097198
1.089707
1.103487
1.097198
1.089706
1.103488
1.104089
1.090909
1.102285
1.110379
1.082213
1.090307
1.090909
1.097198
1.103488
1.092112
1.102285
1.083415
1.116670
1.083415
1.109779
1.082813
1.097198
1.089705
1.082812
1.089102
1.103489
1.076521
1.087896
1.110382
1.085220
1.110986
1.117879
1.097802
1.084014
1.090908
1.082809
1.110986
1.084616
1.104092
1.095993
1.096596
1.109782
1.091509
1.088497
1.097198
1.096596
1.083410
1.083410
1.089099
1.103490
1.090906
1.097801
1.102888
1.110988
1.104093
1.104093
1.122972
1.082806
1.097198
1.090905
1.110386
1.084010
1.097198
1.095994
1.090303
1.102889
1.097198
1.103491
1.090905
1.116679
1.097198
1.103491
1.097198
1.110386
1.096596
1.108580
1.104694
1.090905
1.090905
1.090303
1.090905
1.129263
1.117279
1.102889
1.096596
1.089101
1.077118
1.103490
1.096596
1.104092
1.075915
1.083410
1.096596
1.077719
1.088499
1.083409
1.098402
1.224827
1.090905
1.090303
1.097800
1.082805
1.102890
1.097198
1.103492
1.103492
1.103492
1.097198
1.110388
1.090302
1.090903
1.097799
1.090301
1.104093
1.097798
1.109787
1.102891
1.096596
1.097798
1.097798
1.102891
1.103492
1.108586
1.103492
1.097197
1.102892
1.110388
1.089701
1.109787
1.097798
1.084007
1.095996
1.097197
1.103492
1.102290
1.089701
1.097197
1.089100
1.095395
1.098399
1.110387
1.099095
