1.076511
1.109786
1.088498
1.109785
1.109184
1.103492
1.096596
1.090904
1.082804
1.110387
1.104094
1.110387
1.109182
1.092110
1.103491
1.084010
1.095993
1.090905
1.102888
1.101683
1.097198
1.095390
1.096595
1.097802
1.097198
1.105301
1.083407
1.103491
1.110387
1.109784
1.090906
1.104094
1.097802
1.117282
1.097198
1.110989
1.090303
1.083408
1.101683
1.083408
1.102888
1.097801
1.085216
1.110386
1.090303
1.103491
1.110386
1.097198
1.104093
1.109783
1.088498
1.097800
1.102889
1.102889
1.090304
1.096596
1.102888
1.096596
1.103490
1.105297
1.110987
1.103490
1.096596
1.097800
1.096596
1.096596
1.091508
1.090304
1.117879
1.097198
1.099002
1.110383
1.088502
1.096597
1.089704
1.104090
1.084613
1.097798
1.104090
1.097197
1.109782
1.088505
1.102890
1.089705
1.097197
1.091505
1.089705
1.083412
1.109783
1.091504
1.095997
1.095997
1.104090
1.095997
1.097197
1.103490
1.095397
1.109783
1.117277
1.089103
1.095396
1.089103
1.102889
1.089102
1.098400
1.096596
1.097799
1.109783
1.098401
1.123570
1.097800
1.090906
1.089703
1.096596
1.096596
1.097198
1.101685
1.103490
1.097198
1.102888
1.090906
1.097198
1.082809
1.102888
1.104092
1.098402
1.091508
1.096596
1.097800
1.089703
1.082809
1.082809
1.089702
1.097198
1.109181
1.084011
1.103491
1.096596
1.095994
1.097198
1.083408
1.091507
1.103491
1.102889
1.096596
1.090905
1.109182
1.097800
1.098403
1.078920
1.110387
1.097198
1.082805
1.103492
1.102288
1.097799
1.103491
1.097198
1.089099
1.103492
1.089099
1.084609
1.090302
1.097197
1.090903
1.110388
1.089098
1.096596
1.110389
1.104695
1.111592
1.090902
1.103492
1.104695
1.102290
1.102290
1.090301
1.110989
1.110388
1.102290
1.097197
1.089701
1.108585
1.116682
1.102290
1.110387
1.090903
1.077113
1.103491
1.097197
1.084009
1.096596
1.097799
1.097197
1.085211
1.082205
1.097197
1.097197
1.089701
1.103492
1.091504
1.104093
1.084608
1.103492
1.110387
1.103492
1.096596
1.104092
1.109787
1.078312
1.090301
1.089701
1.083406
1.096597
1.082806
1.091501
1.095397
1.096596
1.090300
1.116685
1.089700
1.103493
1.104693
1.097196
1.097196
1.104093
1.102893
1.097796
1.089700
1.103493
1.105292
1.082803
1.109790
1.090899
1.083403
1.110390
1.095997
1.109790
1.103493
1.122983
1.084602
1.103493
1.095398
1.096597
1.098395
1.097196
1.109789
1.103493
1.104092
1.109789
1.105291
1.089701
1.110388
1.116684
1.103492
1.088504
1.109188
1.095998
1.095998
1.095998
1.090901
1.095997
1.097197
1.103492
1.096597
1.103492
1.090302
1.096597
1.081607
1.103491
1.095996
1.110386
1.083407
1.084008
1.104093
1.110387
1.110988
1.102890
1.110387
1.092107
1.096596
1.089701
1.089701
1.089701
1.109785
1.117281
1.110386
1.110386
1.090303
1.109784
1.098401
1.090904
1.090904
1.084010
1.096596
1.103491
1.096596
1.096596
1.097197
1.097197
1.083409
1.096597
1.097798
1.090904
1.096596
1.097798
1.104091
1.109185
1.090303
1.083408
1.110385
1.109785
1.089703
1.090302
1.116680
1.097197
1.089103
1.096597
1.102891
1.097197
1.090303
1.090903
1.110386
1.110386
1.109185
1.090903
1.123574
1.082808
1.089702
1.122973
1.091504
1.090303
1.095996
1.084010
1.082208
1.096596
1.082808
1.097092
