1.102890
1.095394
1.095393
1.109784
1.097198
1.102286
1.109784
1.089097
1.102888
1.095992
1.103491
1.103491
1.109783
1.109178
1.116074
1.104096
1.097804
1.104096
1.090909
1.110991
1.090909
1.096594
1.102885
1.110385
1.095989
1.104701
1.109779
1.096594
1.075910
1.097200
1.102278
1.096594
1.104095
1.095989
1.104701
1.103489
1.110384
1.097806
1.083411
1.096595
1.097200
1.104095
1.097200
1.089094
1.102278
1.095989
1.117278
1.096594
1.085230
1.110989
1.104095
1.104095
1.097200
1.103489
1.095383
1.097200
1.089095
1.096595
1.084018
1.089701
1.115459
1.089700
1.103489
1.084018
1.102276
1.084625
1.082805
1.090306
1.117279
1.109170
1.102882
1.090913
1.095380
1.082804
1.083411
1.110384
1.097809
1.091521
1.078337
1.104097
1.095986
1.083409
1.096594
1.085231
1.084623
1.097201
1.096594
1.085229
1.104097
1.089090
1.090303
1.090303
1.089697
1.109175
1.102885
1.116073
1.091516
1.103491
1.090302
1.097807
1.089696
1.096593
1.097807
1.102278
1.103492
1.089695
1.089089
1.082797
1.104099
1.104099
1.077111
1.097200
1.088480
1.090908
1.090908
1.095378
1.090908
1.111000
1.082793
1.097808
1.095378
1.090300
1.089692
1.095985
1.103493
1.097201
1.097200
1.095376
1.103494
1.110395
1.097200
1.099026
1.095984
1.097809
1.098417
1.096592
1.089691
1.097808
1.110395
1.089691
1.083397
1.090299
1.104102
1.116081
1.091514
1.090299
1.096592
1.090298
1.097200
1.104709
1.115475
1.116690
1.097200
1.082182
1.089691
1.097200
1.110396
1.116690
1.090906
1.098415
1.103494
1.090906
1.104101
1.116082
1.084612
1.090299
1.102887
1.102887
1.096593
1.104100
1.090299
1.110394
1.082792
1.115475
1.097200
1.095986
1.089086
1.111001
1.083399
1.095986
1.089692
1.116687
1.104101
1.090907
1.084006
1.111001
1.097200
1.097200
1.109787
1.097200
1.103493
1.097200
1.095986
1.096593
1.089692
1.104101
1.096593
1.123587
1.083399
1.083400
1.104708
1.104100
1.097200
1.116079
1.097200
1.090907
1.097200
1.085221
1.110393
1.110393
1.090907
1.096593
1.097806
1.090300
1.084613
1.104099
1.089694
1.109181
1.097199
1.084006
1.097199
1.084006
1.103493
1.089694
1.091510
1.095989
1.077710
1.084004
1.089694
1.089089
1.082793
1.091508
1.097198
1.096594
1.117297
1.090297
1.095989
1.102890
1.096593
1.084000
1.089087
1.108583
1.098408
1.096593
1.096593
1.110398
1.097804
1.122993
1.111003
1.097804
1.105311
1.116694
1.103495
1.090297
1.096594
1.096594
1.089692
1.103495
1.111001
1.104099
1.104099
1.082792
1.102890
1.102890
1.109791
1.104099
1.102890
1.101681
1.082189
1.096594
1.117295
1.097198
1.083398
1.111604
1.089694
1.089089
1.090904
1.097199
1.103494
1.090299
1.110394
1.116689
1.097199
1.110394
1.109789
1.097804
1.097804
1.096594
1.122982
1.097199
1.097804
1.090300
1.110997
1.098408
1.089695
1.088487
1.104097
1.110391
1.116081
1.096594
1.097199
1.095386
1.083403
1.104097
1.103492
1.097199
1.104701
1.109181
1.090301
1.096594
1.098407
1.136770
1.099011
1.084009
1.095387
1.096595
1.103492
1.103492
1.116077
1.101680
1.091510
1.104699
1.097199
1.089699
1.102887
1.110387
1.090907
1.082804
1.083408
1.116679
1.096595
1.078323
1.090303
1.097802
1.095991
1.090906
1.095992
1.078120
