1.110387
1.104698
1.084009
1.090905
1.097198
1.096595
1.110388
1.110991
1.097198
1.096596
1.097198
1.089700
1.095391
1.097198
1.116682
1.109786
1.103492
1.089097
1.097198
1.090302
1.092108
1.097198
1.089699
1.102890
1.097800
1.109786
1.089700
1.122976
1.097198
1.089700
1.110990
1.084610
1.097198
1.104094
1.105297
1.097799
1.091505
1.084008
1.102289
1.084008
1.089701
1.110988
1.078313
1.110387
1.104693
1.084006
1.096597
1.097796
1.097196
1.082806
1.089702
1.096597
1.082806
1.104092
1.090300
1.115487
1.102894
1.104691
1.090300
1.111587
1.095998
1.104092
1.109790
1.109789
1.103493
1.091498
1.075911
1.089103
1.095998
1.097196
1.089102
1.104092
1.089701
1.097196
1.097795
1.122983
1.104692
1.084603
1.085202
1.089701
1.097196
1.097795
1.095998
1.102894
1.090898
1.097794
1.102895
1.102895
1.095999
1.097196
1.110389
1.095400
1.102895
1.090898
1.096597
1.089701
1.095998
1.095399
1.089101
1.097196
1.097795
1.109791
1.103493
1.096596
1.117287
1.104093
1.097196
1.090899
1.097196
1.109790
1.110990
1.095997
1.096596
1.085803
1.097796
1.109789
1.083404
1.097196
1.084003
1.088502
1.090300
1.092098
1.090899
1.109791
1.090898
1.110390
1.095399
1.101697
1.102895
1.095998
1.109791
1.096597
1.097795
1.083402
1.116688
1.097796
1.090899
1.109791
1.090299
1.090899
1.102894
1.109191
1.097196
1.122984
1.095397
1.109790
1.097796
1.096596
1.116086
1.097796
1.096596
1.103492
1.095996
1.074708
1.095996
1.109788
1.090902
1.103492
1.104093
1.108585
1.097197
1.083405
1.090301
1.090903
1.117285
1.103492
1.082201
1.102890
1.083405
1.122977
1.091506
1.096596
1.090301
1.089699
1.102890
1.101684
1.097198
1.090301
1.090904
1.097801
1.097198
1.083404
1.102889
1.104096
1.102889
1.109787
1.089698
1.090301
1.090904
1.082800
1.089697
1.090300
1.109184
1.096595
1.090300
1.091508
1.096595
1.122981
1.096594
1.082797
1.096594
1.097803
1.096594
1.102284
1.097803
1.103493
1.089695
1.116082
1.102888
1.090300
1.123586
1.090300
1.083400
1.084006
1.097804
1.090905
1.109787
1.090299
1.124192
1.085216
1.091510
1.109788
1.110997
1.090904
1.102889
1.110996
1.097803
1.123585
1.084609
1.116686
1.130482
1.095991
1.089697
1.096595
1.095992
1.116684
1.095992
1.097801
1.090302
1.089095
1.090302
1.102889
1.096595
1.098405
1.111595
1.104095
1.089096
1.097801
1.109182
1.090302
1.097198
1.084009
1.097198
1.090302
1.116681
1.097801
1.097198
1.084611
1.102287
1.096596
1.104094
1.091506
1.090302
1.116079
1.103491
1.110387
1.109785
1.116681
1.089700
1.095994
1.102889
1.090302
1.110386
1.102889
1.096596
1.122972
1.103491
1.084613
1.084011
1.095391
1.091508
1.095391
1.104695
1.122970
1.098403
1.098403
1.090304
1.082205
1.102286
1.116677
1.096596
1.097800
1.096596
1.095392
1.089100
1.082808
1.096596
1.109179
1.083410
1.089701
1.103490
1.077721
1.097802
1.077720
1.104094
1.077720
1.085218
1.116679
1.096595
1.090906
1.110387
1.103491
1.103491
1.089699
1.117887
1.084612
1.102286
1.088494
1.110388
1.110990
1.084009
1.109785
1.095390
1.090302
1.095993
1.090302
1.097801
1.097801
1.089699
1.102888
1.082200
1.097198
1.096595
1.097801
1.102285
1.104095
1.084008
1.078117
