1.115476
1.090301
1.104095
1.097198
1.084611
1.110389
1.102889
1.097802
1.095388
1.096595
1.109786
1.083403
1.104699
1.109786
1.102889
1.097198
1.089094
1.103492
1.116080
1.097198
1.091508
1.097198
1.090905
1.091508
1.083404
1.104095
1.090904
1.102286
1.085213
1.085213
1.102890
1.103492
1.096595
1.097800
1.104095
1.096595
1.109185
1.104095
1.089698
1.110992
1.110390
1.110389
1.110389
1.096596
1.097197
1.097197
1.103492
1.110990
1.075307
1.082203
1.097197
1.084007
1.089700
1.085209
1.085209
1.104094
1.098399
1.097197
1.104694
1.095996
1.089099
1.089700
1.095996
1.082203
1.117287
1.102893
1.097196
1.096596
1.091501
1.096596
1.096596
1.090900
1.098398
1.109790
1.109790
1.091500
1.095395
1.097196
1.089099
1.109791
1.102893
1.103493
1.090900
1.090900
1.110391
1.122985
1.083402
1.101692
1.103493
1.090900
1.096596
1.109790
1.089699
1.089098
1.104094
1.103493
1.102291
1.095994
1.116686
1.091503
1.095994
1.090300
1.097197
1.097197
1.090300
1.116686
1.084005
1.109788
1.095993
1.090300
1.110390
1.097800
1.103493
1.096595
1.104095
1.103493
1.104095
1.081597
1.104095
1.095391
1.097800
1.103492
1.103492
1.104095
1.095993
1.089698
1.077110
1.090301
1.082198
1.085212
1.089698
1.077108
1.109788
1.089094
1.110994
1.077106
1.102287
1.104700
1.084004
1.109789
1.089092
1.097198
1.097198
1.097198
1.117293
1.103494
1.122985
1.092109
1.109790
1.109186
1.095388
1.084607
1.084004
1.096595
1.095388
1.102287
1.101682
1.102890
1.116084
1.098407
1.102889
1.096594
1.102888
1.084005
1.098409
1.104098
1.097804
1.116686
1.102888
1.104098
1.117291
1.089091
1.102283
1.103493
1.084612
1.110996
1.096594
1.122977
1.090301
1.084008
1.104097
1.090301
1.116078
1.101678
1.090301
1.089697
1.090302
1.110389
1.089697
1.104702
1.110995
1.096594
1.097199
1.090302
1.090907
1.095384
1.110389
1.082800
1.110389
1.116076
1.089092
1.109784
1.085221
1.097805
1.090302
1.096594
1.110994
1.103491
1.109783
1.102281
1.108572
1.097805
1.104097
1.097200
1.084012
1.117284
1.084618
1.104702
1.103491
1.096594
1.084617
1.089093
1.122969
1.083407
1.097199
1.077116
1.091513
1.102886
1.075906
1.098409
1.089698
1.102886
1.095990
1.089698
1.091512
1.102282
1.102887
1.097199
1.090907
1.109179
1.104097
1.110389
1.090907
1.097199
1.117286
1.096594
1.084010
1.102887
1.095385
1.082800
1.089697
1.089092
1.095989
1.097805
1.089091
1.104098
1.082797
1.084615
1.123581
1.096593
1.097806
1.084008
1.103492
1.095987
1.117290
1.116078
1.082795
1.104099
1.110391
1.116683
1.117290
1.077717
1.077717
1.110390
1.089089
1.103492
1.083403
1.109177
1.116682
1.082797
1.103492
1.110997
1.097200
1.098413
1.090302
1.104705
1.109783
1.097200
1.096594
1.110389
1.102885
1.085223
1.116074
1.109782
1.090909
1.096594
1.090303
1.095988
1.096594
1.110388
1.103491
1.095988
1.084012
1.084012
1.090303
1.102279
1.091515
1.097806
1.095988
1.089697
1.103491
1.096594
1.102279
1.098412
1.090303
1.096594
1.091514
1.097200
1.077719
1.102280
1.097200
1.102886
1.083404
1.077718
1.084009
1.103492
1.097805
1.103492
1.092118
1.103493
1.092723
1.103493
1.102283
1.090300
1.104098
1.102888
1.104098
1.076100
