1.017055
1.369599
1.158138
0.932141
1.037871
1.131832
1.264312
1.130055
1.170149
1.103120
1.079189
1.150464
1.146771
1.081510
1.316209
1.108498
1.124881
1.114563
1.098789
1.106422
1.204901
1.041867
1.121608
1.153383
1.175637
1.060139
1.099966
1.223361
1.093085
1.091121
1.043369
1.359450
1.089571
1.097149
1.075006
1.113268
1.187488
1.106613
1.081191
1.146311
1.100162
1.067383
1.022222
1.062679
1.226467
1.099286
1.147201
1.041392
1.154539
1.085567
1.090940
1.101893
1.092035
1.159053
1.081225
1.150956
1.152533
1.246938
1.169259
1.315649
1.268780
1.054625
1.052960
1.100775
1.226768
1.145402
1.036923
1.182576
1.120140
1.071345
1.102626
1.098003
1.061667
1.113735
1.129114
1.134172
1.121444
1.199189
1.008335
1.199010
1.237692
1.146352
1.177210
1.168543
1.213720
1.211471
1.472941
1.148103
1.043243
1.076013
1.162770
1.178997
1.163858
1.159380
1.279083
1.073371
1.103899
1.094079
1.091361
1.074656
1.275365
1.280112
1.109307
1.107579
1.065735
1.060110
1.012041
1.108130
1.361943
1.261467
1.102413
1.184434
1.187840
1.208408
1.122921
1.185650
1.146722
1.143325
1.177460
1.112498
1.093081
1.110916
1.109212
1.107265
1.133329
1.072966
1.147662
1.046732
1.295262
1.133664
1.215979
1.124393
1.114460
1.114989
1.054740
1.223150
1.162877
1.118930
1.064162
1.105835
1.110940
1.137854
1.091373
1.117010
1.074342
1.092914
1.092255
1.114783
1.107448
1.156723
1.105047
1.118233
1.123860
1.040974
1.056815
1.213403
1.339788
1.243691
1.138781
1.238680
1.144912
1.089134
1.069111
1.140265
1.093474
1.238893
1.171374
1.374171
1.118054
1.255229
1.207366
1.104609
1.021689
1.132438
0.844061
1.192149
1.385808
1.479539
1.069883
1.340650
1.291881
1.134837
1.139716
1.119741
1.174617
1.100954
1.077764
1.090480
1.060638
1.218847
1.050465
1.035799
1.252848
1.186806
1.067794
1.106728
1.108774
1.035683
1.165694
1.110423
1.112273
1.183027
1.220870
1.036563
1.067004
1.181711
1.276278
1.137607
1.205232
1.031173
1.314659
1.092384
0.938509
1.134359
1.178589
1.113359
1.107469
1.107304
1.058969
1.303501
1.354232
1.208373
1.171182
1.135909
1.075713
1.056945
1.133499
1.112331
1.231369
1.260743
1.127382
1.220083
1.276005
1.087486
1.068557
1.141756
1.035520
1.310230
1.068240
1.078567
1.197240
1.032584
1.224678
1.095885
1.167293
1.107329
1.008618
1.044908
1.141239
1.196457
1.152846
1.041920
1.137042
1.279107
1.097993
1.214567
1.083235
1.053440
1.144761
1.571019
1.404130
1.392081
1.065902
1.317065
1.131500
1.169936
1.069476
1.226530
1.124692
1.085779
1.090292
1.187584
1.254816
1.111758
1.085647
1.053778
1.216876
1.216338
1.267792
1.265168
1.391877
1.163611
1.141826
1.122119
1.064438
1.128979
1.110125
1.027931
1.043560
0.954580
1.064773
0.942563
1.270545
1.413855
1.362101
1.060779
1.195554
1.147129
1.027757
1.110157
1.034342
1.234014
1.109890
0.864100
1.050180
1.515374
1.484766
1.284582
1.211961
1.020886
1.011872
1.116797
1.164760
1.091358
1.099288
1.097474
1.094868
1.028870
1.023436
1.004531
1.094656
1.070181
0.963038
1.253736
1.116041
1.314847
1.108587
1.128915
1.204234
1.144273
1.181660
1.202035
1.492275
1.204592
1.174394
1.279770
1.027477
1.256428
