1.091509
1.104097
1.082797
1.116686
1.096594
1.083401
1.104701
1.082796
1.089695
1.090299
1.103493
1.102890
1.096594
1.096594
1.077708
1.090903
1.089694
1.076498
1.082190
1.095990
1.104099
1.103495
1.089693
1.129286
1.109187
1.109791
1.102890
1.097198
1.089087
1.110396
1.082185
1.103495
1.089691
1.091510
1.084608
1.103495
1.110397
1.090297
1.105314
1.082789
1.091510
1.097806
1.096593
1.105314
1.090297
1.096593
1.094776
1.103495
1.122385
1.095381
1.084000
1.083394
1.123596
1.097199
1.109792
1.103495
1.103495
1.104708
1.097806
1.088478
1.090297
1.116086
1.104101
1.090297
1.090904
1.089691
1.089085
1.102888
1.098412
1.090904
1.103495
1.103495
1.090904
1.097199
1.111610
1.097806
1.116692
1.117298
1.083396
1.110396
1.123593
1.109790
1.089692
1.082792
1.109184
1.089088
1.109184
1.103494
1.102888
1.097199
1.103494
1.084005
1.102887
1.096593
1.090299
1.084006
1.110394
1.090906
1.102280
1.088480
1.082186
1.104707
1.083398
1.103493
1.102887
1.109180
1.091514
1.109787
1.089691
1.109787
1.111003
1.084006
1.109787
1.084614
1.098416
1.090907
1.077712
1.104709
1.110395
1.096593
1.110395
1.097200
1.105315
1.090299
1.096593
1.096593
1.090299
1.122983
1.090299
1.096593
1.090299
1.102282
1.104706
1.090299
1.104100
1.104099
1.089693
1.090905
1.102888
1.116082
1.104099
1.104099
1.102888
1.104099
1.104099
1.096594
1.096594
1.084611
1.102888
1.085216
1.084611
1.097199
1.116082
1.089695
1.109788
1.090904
1.098408
1.102284
1.122981
1.116082
1.089091
1.089091
1.110996
1.109787
1.095990
1.078318
1.110391
1.097804
1.102888
1.089696
1.104702
1.097199
1.103492
1.089092
1.090301
1.077110
1.082798
1.104097
1.110996
1.109181
1.103492
1.109181
1.109786
1.110390
1.090301
1.095989
1.101677
1.096594
1.097199
1.104097
1.095988
1.103492
1.103492
1.090907
1.110390
1.097806
1.117287
1.116075
1.116681
1.084617
1.097806
1.098411
1.091514
1.097200
1.116679
1.097805
1.096594
1.090303
1.102886
1.095990
1.123573
1.098408
1.082200
1.096595
1.102282
1.089700
1.089700
1.097804
1.085827
1.088491
1.095991
1.082804
1.103490
1.103490
1.104095
1.081593
1.078931
1.103491
1.129866
1.109782
1.102886
1.116678
1.109782
1.097200
1.104096
1.089699
1.095384
1.110386
1.089699
1.090304
1.084620
1.102885
1.092121
1.077724
1.090910
1.083408
1.104701
1.096594
1.084013
1.095989
1.083407
1.075905
1.095989
1.083406
1.097200
1.097200
1.103491
1.097199
1.095989
1.077111
1.110390
1.090301
1.095988
1.097200
1.097199
1.097199
1.083402
1.109180
1.122978
1.084007
1.117291
1.110392
1.098411
1.084613
1.089089
1.090300
1.081584
1.089694
1.109786
1.090300
1.102281
1.089694
1.096593
1.097806
1.117293
1.103493
1.096593
1.110393
1.097806
1.090907
1.095987
1.110393
1.097200
1.084007
1.089693
1.111000
1.103493
1.089693
1.103493
1.089693
1.097200
1.111000
1.097200
1.085220
1.116080
1.104099
1.095381
1.096593
1.090300
1.110393
1.089087
1.090906
1.082794
1.090300
1.097200
1.084613
1.097806
1.103493
1.097806
1.090299
1.103493
1.090299
1.084005
1.097199
1.097199
1.104705
1.095988
1.097199
1.102889
1.084003
1.103494
1.095989
1.110395
1.110395
1.102889
1.104099
1.097804
1.120080
