1.082188
1.109184
1.110394
1.097199
1.096594
1.095988
1.102283
1.104099
1.096594
1.091511
1.110999
1.110999
1.110393
1.097199
1.104704
1.104098
1.084006
1.104098
1.084612
1.101678
1.109182
1.090300
1.091510
1.090301
1.104097
1.084007
1.089696
1.090905
1.077108
1.089696
1.090904
1.082797
1.097803
1.089695
1.122983
1.090299
1.102890
1.097802
1.090299
1.104098
1.103494
1.083399
1.102890
1.109186
1.089694
1.102890
1.097802
1.089694
1.109790
1.110394
1.103494
1.090903
1.096594
1.096594
1.109790
1.090903
1.102889
1.097803
1.109789
1.096594
1.090299
1.090299
1.083399
1.110394
1.104099
1.104099
1.104703
1.096594
1.096594
1.097199
1.089694
1.090299
1.116689
1.102889
1.116688
1.116688
1.104098
1.103494
1.110996
1.097198
1.089092
1.089696
1.095990
1.084006
1.097199
1.103493
1.096594
1.095990
1.089696
1.096594
1.097199
1.090300
1.116686
1.097199
1.103493
1.096594
1.097804
1.096594
1.091510
1.104097
1.084611
1.104097
1.110391
1.103493
1.084006
1.095990
1.110995
1.095990
1.117289
1.110391
1.097802
1.109183
1.104700
1.090301
1.110390
1.084007
1.095992
1.103492
1.103492
1.116683
1.110389
1.096595
1.102889
1.097801
1.102888
1.090302
1.096595
1.096595
1.096595
1.103491
1.102285
1.089096
1.097198
1.097198
1.096595
1.110990
1.097199
1.110990
1.090303
1.084011
1.096595
1.110386
1.104697
1.084011
1.104094
1.110989
1.090906
1.090303
1.090906
1.097801
1.077718
1.096596
1.097198
1.102889
1.082806
1.095392
1.096596
1.089700
1.110387
1.082203
1.103492
1.097198
1.097198
1.104094
1.090904
1.117284
1.096596
1.109184
1.083406
1.109785
1.096596
1.090904
1.090302
1.083406
1.085212
1.110388
1.089097
1.110388
1.103492
1.095994
1.103492
1.103492
1.103492
1.090301
1.082803
1.096596
1.104697
1.097198
1.077713
1.083405
1.104697
1.089699
1.103492
1.095993
1.089698
1.103492
1.090301
1.084607
1.089698
1.123583
1.096595
1.109788
1.090902
1.097198
1.103493
1.102891
1.090300
1.104095
1.102891
1.117288
1.097198
1.109788
1.103493
1.084005
1.102891
1.078313
1.110992
1.090902
1.109186
1.102891
1.089699
1.090301
1.090902
1.102891
1.082802
1.103493
1.097799
1.110389
1.097799
1.102891
1.083403
1.084005
1.095994
1.083403
1.090300
1.095994
1.097799
1.084606
1.090300
1.089095
1.097197
1.102290
1.085207
1.090901
1.110393
1.109791
1.104096
1.104096
1.090900
1.095392
1.096595
1.102893
1.110393
1.089697
1.102892
1.104096
1.116088
1.102892
1.089696
1.097197
1.089697
1.090298
1.089094
1.097197
1.103494
1.090299
1.083399
1.110393
1.090901
1.090298
1.090298
1.110394
1.096595
1.097198
1.096595
1.102288
1.097198
1.104701
1.104097
1.097198
1.102891
1.110997
1.095992
1.090298
1.104097
1.102288
1.095992
1.096595
1.089092
1.104097
1.091504
1.091504
1.096595
1.097198
1.102288
1.097801
1.102891
1.104097
1.102288
1.102288
1.096595
1.104097
1.102891
1.116690
1.096594
1.110997
1.122985
1.089092
1.104097
1.102890
1.088488
1.097198
1.103493
1.098407
1.111600
1.096594
1.109787
1.084006
1.090905
1.109786
1.115476
1.103492
1.077714
1.075902
1.095990
1.103492
1.090905
1.083403
1.102888
1.094781
1.097804
1.091510
1.089091
1.103492
1.089696
1.083401
1.104098
1.101113
