1.097199
1.090300
1.089695
1.103493
1.084005
1.102888
1.102888
1.103493
1.082795
1.089089
1.109183
1.090904
1.090299
1.104099
1.096593
1.124195
1.097805
1.104100
1.089087
1.090299
1.099016
1.102888
1.097199
1.104705
1.096594
1.098410
1.105309
1.116084
1.111603
1.098408
1.108580
1.090299
1.084004
1.117895
1.116687
1.102890
1.110391
1.084005
1.101683
1.089697
1.104096
1.089697
1.090300
1.096595
1.129877
1.103492
1.090904
1.090301
1.110390
1.110993
1.103492
1.116080
1.104095
1.089096
1.084008
1.095390
1.089096
1.096595
1.097198
1.104095
1.088492
1.110388
1.097802
1.097198
1.097802
1.089699
1.130474
1.102284
1.091509
1.101681
1.103491
1.089699
1.104095
1.090303
1.096595
1.090907
1.090303
1.097199
1.104095
1.090303
1.085218
1.104095
1.090906
1.109180
1.095992
1.095992
1.097198
1.103492
1.110388
1.096595
1.084613
1.095992
1.089095
1.087888
1.124181
1.095991
1.090302
1.089698
1.089698
1.110388
1.090906
1.090906
1.116077
1.090302
1.090302
1.090302
1.089697
1.097804
1.095989
1.082194
1.089696
1.109785
1.095384
1.090301
1.090907
1.090301
1.116078
1.102887
1.110998
1.096593
1.102886
1.076503
1.097806
1.110392
1.095987
1.104099
1.102886
1.089087
1.102885
1.090908
1.096593
1.096593
1.090301
1.109785
1.096593
1.091516
1.089693
1.090908
1.097808
1.098416
1.082185
1.090300
1.084008
1.111609
1.090300
1.110394
1.085221
1.102279
1.109787
1.090299
1.109787
1.102886
1.090299
1.104100
1.089692
1.091513
1.097807
1.089692
1.095986
1.082791
1.089085
1.097807
1.090298
1.095986
1.090905
1.104708
1.082789
1.102280
1.096592
1.096592
1.104102
1.103495
1.089690
1.110397
1.077707
1.083395
1.082179
1.090297
1.103495
1.091512
1.104103
1.110399
1.089689
1.104103
1.097200
1.097200
1.096592
1.095984
1.097200
1.083392
1.104104
1.097200
1.102888
1.081569
1.103496
1.117305
1.090903
1.090295
1.082783
1.088472
1.084606
1.083998
1.095375
1.085214
1.090294
1.096591
1.083997
1.122390
1.092119
1.083387
1.089685
1.098416
1.083386
1.098416
1.095375
1.117312
1.096591
1.089684
1.104107
1.123612
1.090292
1.091508
1.090900
1.097199
1.097807
1.098414
1.122398
1.102284
1.090292
1.089685
1.097806
1.097199
1.083385
1.102892
1.090899
1.082778
1.116706
1.097805
1.109799
1.117313
1.103499
1.109799
1.102892
1.102892
1.102892
1.090899
1.104105
1.096592
1.091506
1.095985
1.104105
1.103498
1.116703
1.111010
1.103498
1.109190
1.096592
1.097199
1.104104
1.102284
1.090900
1.090294
1.097199
1.098412
1.096592
1.091507
1.095986
1.103497
1.096593
1.101678
1.109189
1.117305
1.090901
1.116092
1.111007
1.090901
1.109793
1.095986
1.102890
1.116696
1.097199
1.110399
1.095986
1.117301
1.091510
1.104708
1.082788
1.098412
1.095987
1.095987
1.098411
1.109791
1.104101
1.082790
1.082184
1.088480
1.090297
1.095987
1.103495
1.097199
1.103495
1.104101
1.097806
1.116692
1.091511
1.084609
1.090904
1.116692
1.108577
1.082789
1.097806
1.103495
1.095987
1.102282
1.116692
1.102282
1.089691
1.085216
1.097199
1.097200
1.095986
1.109789
1.099021
1.103494
1.103494
1.084003
1.090298
1.097806
1.097199
1.090298
1.111002
1.103495
1.116691
1.110396
1.096593
1.089692
1.110395
1.078112
