1.097199
1.116084
1.104100
1.122985
1.103494
1.089693
1.090299
1.102283
1.085216
1.096593
1.102888
1.097805
1.096594
1.089088
1.097199
1.117293
1.095382
1.095988
1.084005
1.084611
1.123587
1.096593
1.102888
1.101676
1.091511
1.089693
1.091512
1.095987
1.096593
1.109181
1.102887
1.084005
1.103494
1.084006
1.110394
1.095986
1.077105
1.092120
1.084005
1.116082
1.092726
1.083398
1.109182
1.102887
1.104100
1.102888
1.084610
1.097199
1.090298
1.097199
1.103494
1.103494
1.089692
1.103494
1.089692
1.104101
1.098412
1.089086
1.115479
1.102282
1.084003
1.095987
1.109789
1.109183
1.096593
1.096593
1.097806
1.104101
1.110396
1.109182
1.101673
1.097200
1.097807
1.096593
1.083398
1.090299
1.082790
1.097808
1.110395
1.089691
1.097200
1.084613
1.096592
1.103494
1.123591
1.103494
1.091514
1.097200
1.090299
1.091514
1.104709
1.095985
1.097200
1.122377
1.097200
1.103494
1.090299
1.098413
1.104101
1.123590
1.109181
1.108575
1.090906
1.090906
1.103493
1.095987
1.097806
1.109787
1.098412
1.104099
1.097199
1.108574
1.103493
1.104098
1.090301
1.097805
1.096594
1.096594
1.096594
1.092118
1.089090
1.082797
1.090301
1.116079
1.104098
1.091512
1.095989
1.104098
1.082192
1.104098
1.096594
1.089090
1.090301
1.090300
1.109786
1.122978
1.103493
1.117291
1.096594
1.082796
1.096594
1.097200
1.088482
1.116684
1.117896
1.090907
1.097200
1.110391
1.110997
1.084009
1.084616
1.102886
1.084009
1.095381
1.098412
1.098412
1.083403
1.104098
1.103492
1.089696
1.103492
1.104097
1.097200
1.103492
1.110996
1.090301
1.103492
1.089696
1.090301
1.103492
1.090301
1.096594
1.095990
1.095989
1.091511
1.103492
1.090301
1.094780
1.104097
1.105307
1.090301
1.084612
1.089696
1.097199
1.109182
1.089696
1.109182
1.109786
1.091510
1.090300
1.089090
1.104098
1.110391
1.109181
1.095989
1.089090
1.116079
1.104098
1.097805
1.097199
1.097805
1.110997
1.090906
1.090301
1.090906
1.110391
1.089696
1.096594
1.089091
1.104097
1.090301
1.077715
1.104703
1.095989
1.102888
1.102888
1.084007
1.104703
1.089091
1.091510
1.109787
1.102888
1.104098
1.089091
1.110392
1.090300
1.104703
1.082797
1.089090
1.102888
1.102888
1.075897
1.089089
1.095988
1.089694
1.097805
1.090299
1.111000
1.111000
1.104706
1.082187
1.089087
1.092118
1.109788
1.090905
1.097199
1.102887
1.116082
1.129277
1.116082
1.090906
1.096593
1.089693
1.116687
1.104100
1.110393
1.085220
1.104100
1.096593
1.089087
1.098413
1.109786
1.095381
1.102886
1.090907
1.090907
1.097807
1.102886
1.110391
1.090907
1.116077
1.097806
1.109784
1.109178
1.077111
1.089695
1.098412
1.103492
1.090908
1.084615
1.089696
1.089696
1.104704
1.084615
1.083403
1.083402
1.095988
1.096594
1.094777
1.097199
1.090300
1.097199
1.090300
1.102888
1.090300
1.090905
1.090905
1.088481
1.102281
1.090905
1.103494
1.095381
1.089692
1.098413
1.089692
1.096593
1.103494
1.089084
1.092119
1.109182
1.098414
1.103495
1.102888
1.104102
1.111611
1.095378
1.110397
1.110397
1.090297
1.103495
1.103494
1.090298
1.090905
1.097200
1.116691
1.089084
1.089691
1.103494
1.090905
1.097200
1.097200
1.089085
1.104708
1.091512
1.097806
1.102888
1.110396
1.078112
