1.079527
1.104101
1.095987
1.089692
1.097805
1.111002
1.089087
1.103495
1.077705
1.095988
1.109791
1.090297
1.090297
1.096593
1.103495
1.095989
1.110397
1.090297
1.111002
1.104100
1.089692
1.089087
1.089087
1.095989
1.104100
1.104100
1.083394
1.192341
1.103495
1.095383
1.102890
1.104101
1.102285
1.096593
1.103495
1.090296
1.116089
1.095987
1.097199
1.097199
1.090297
1.095381
1.104102
1.090297
1.089690
1.096593
1.111005
1.102282
1.102282
1.095985
1.104709
1.105317
1.109791
1.090297
1.110398
1.089690
1.103495
1.083395
1.102887
1.095377
1.092120
1.097200
1.096592
1.097200
1.077100
1.101672
1.116693
1.090297
1.090905
1.110398
1.090905
1.102279
1.110398
1.083394
1.090297
1.102279
1.091513
1.108574
1.095984
1.083394
1.099026
1.102887
1.103495
1.097809
1.084002
1.090297
1.097200
1.091514
1.096592
1.110399
1.089080
1.111007
1.090904
1.084001
1.102888
1.082784
1.097808
1.109792
1.104712
1.089688
1.109792
1.109792
1.090904
1.098415
1.109792
1.109792
1.088473
1.098415
1.109184
1.095985
1.102888
1.098415
1.090296
1.097807
1.089689
1.089689
1.097807
1.117910
1.096592
1.097200
1.090297
1.111006
1.083393
1.084001
1.095985
1.095985
1.109792
1.089082
1.085214
1.097199
1.097806
1.109792
1.097199
1.129896
1.104103
1.104103
1.110399
1.090903
1.103496
1.090903
1.089690
1.104102
1.089690
1.109792
1.109185
1.090903
1.096593
1.083395
1.095381
1.089691
1.104101
1.095987
1.090297
1.095986
1.110398
1.109791
1.090297
1.097199
1.097199
1.116087
1.103495
1.097199
1.097807
1.097200
1.082180
1.116693
1.102280
1.085216
1.095378
1.097200
1.104710
1.098415
1.082180
1.110397
1.090904
1.116085
1.116085
1.090905
1.091512
1.103495
1.102888
1.083395
1.122987
1.097807
1.098414
1.089691
1.082789
1.095986
1.104101
1.116084
1.103494
1.084003
1.090298
1.084003
1.102888
1.091512
1.097807
1.104101
1.095986
1.090904
1.089084
1.089691
1.090904
1.082788
1.095986
1.097199
1.103495
1.097806
1.098413
1.109185
1.090903
1.103495
1.110398
1.097199
1.089690
1.092116
1.110399
1.104708
1.109792
1.084606
1.103495
1.096593
1.103495
1.103495
1.095988
1.083394
1.110398
1.095988
1.090297
1.097199
1.104101
1.096593
1.090297
1.109792
1.098409
1.096593
1.090902
1.102890
1.084605
1.103495
1.102890
1.097803
1.083394
1.097198
1.082789
1.090901
1.096593
1.109793
1.089691
1.090900
1.097803
1.110398
1.077700
1.103496
1.103496
1.102892
1.110399
1.109794
1.090900
1.096594
1.097802
1.111003
1.117301
1.110398
1.090296
1.082186
1.097198
1.101685
1.104099
1.097198
1.111605
1.103496
1.095387
1.096594
1.091504
1.104099
1.109189
1.083395
1.090900
1.102892
1.096594
1.104099
1.097198
1.096594
1.129892
1.089090
1.084000
1.096594
1.090297
1.104702
1.097198
1.082793
1.116090
1.083396
1.104099
1.088486
1.091504
1.089693
1.104099
1.097198
1.109793
1.096594
1.096594
1.109189
1.097198
1.095990
1.103495
1.104099
1.104099
1.090901
1.097198
1.096594
1.090901
1.109792
1.094781
1.089693
1.082791
1.109792
1.103495
1.097803
1.117298
1.089692
1.095989
1.084605
1.089692
1.095383
1.095988
1.096593
1.096593
1.097804
1.117905
1.097199
1.102890
1.097199
1.104101
1.095987
1.104101
1.076089
