1.084000
1.110397
1.085212
1.082183
1.097804
1.109792
1.109792
1.089690
1.103495
1.091508
1.083394
1.104101
1.122992
1.102890
1.076491
1.104101
1.089085
1.097199
1.095987
1.097199
1.104101
1.090296
1.123598
1.090296
1.123598
1.116089
1.116695
1.103495
1.097199
1.090903
1.090903
1.096593
1.075282
1.092115
1.104101
1.095381
1.122989
1.103495
1.109185
1.111608
1.096593
1.089086
1.084609
1.109790
1.098411
1.103494
1.096593
1.104100
1.097199
1.123591
1.103494
1.090298
1.110394
1.115477
1.116688
1.089088
1.091511
1.110393
1.091511
1.082795
1.082795
1.090905
1.097199
1.115475
1.084006
1.090300
1.102888
1.090905
1.103493
1.095988
1.102887
1.090300
1.090905
1.110998
1.084612
1.095988
1.077106
1.097199
1.104705
1.097199
1.090299
1.103493
1.095988
1.090299
1.090904
1.095988
1.097199
1.117295
1.102889
1.089693
1.095988
1.116084
1.096593
1.115478
1.095988
1.089693
1.089693
1.089693
1.097806
1.104707
1.097806
1.088479
1.097806
1.111001
1.095986
1.102280
1.084611
1.096593
1.097807
1.096593
1.097806
1.091512
1.102887
1.076496
1.089692
1.077709
1.109789
1.094773
1.098413
1.089084
1.117299
1.097200
1.097807
1.090297
1.082181
1.104102
1.095379
1.096593
1.090904
1.091511
1.111005
1.097199
1.085822
1.103495
1.096593
1.083394
1.096593
1.102889
1.097199
1.102889
1.089690
1.090902
1.083999
1.090296
1.097199
1.084604
1.110400
1.097199
1.104709
1.095987
1.097198
1.095987
1.109795
1.111006
1.097804
1.097804
1.090295
1.096593
1.109190
1.084602
1.082786
1.116699
1.090295
1.090294
1.090294
1.090294
1.103497
1.104102
1.103497
1.098408
1.109796
1.109796
1.090899
1.089689
1.102288
1.104102
1.109191
1.083391
1.096593
1.103497
1.116699
1.104102
1.090294
1.095988
1.096593
1.084601
1.117908
1.102892
1.090900
1.084601
1.086416
1.090899
1.109795
1.096593
1.117303
1.102893
1.083392
1.090295
1.095387
1.089691
1.090898
1.090294
1.089691
1.090294
1.104101
1.103497
1.109797
1.096594
1.097197
1.096594
1.101686
1.109797
1.103497
1.109797
1.097802
1.103497
1.117304
1.103497
1.096593
1.083391
1.083392
1.084600
1.109191
1.090295
1.097198
1.117303
1.089086
1.096593
1.104101
1.090295
1.109795
1.116094
1.077093
1.090899
1.090295
1.103497
1.097803
1.090295
1.104101
1.089690
1.091504
1.090899
1.082182
1.116699
1.090899
1.082786
1.098406
1.108588
1.109797
1.102893
1.109797
1.083390
1.111005
1.089085
1.085204
1.089085
1.104102
1.105311
1.097802
1.088480
1.103497
1.090898
1.083994
1.098406
1.111006
1.104102
1.095990
1.109798
1.090294
1.095990
1.110401
1.102894
1.103497
1.090897
1.097197
1.103497
1.097801
1.096594
1.102894
1.095990
1.096594
1.116097
1.102290
1.102893
1.089690
1.077695
1.110400
1.104101
1.095989
1.104101
1.110400
1.090898
1.109192
1.090294
1.097198
1.098406
1.096594
1.091503
1.095989
1.117907
1.083392
1.089691
1.096594
1.083996
1.122394
1.102893
1.102893
1.102893
1.102893
1.109191
1.097802
1.090899
1.089086
1.096594
1.098407
1.102287
1.089691
1.090900
1.102892
1.110399
1.102891
1.090295
1.103496
1.096593
1.089085
1.110399
1.076489
1.090295
1.104102
1.103496
1.095382
1.097804
1.089689
1.097805
1.109794
1.110400
1.102284
1.143099
