1.116697
1.095987
1.095987
1.097199
1.110399
1.104102
1.104102
1.110399
1.102890
1.116696
1.083998
1.097199
1.088477
1.102890
1.089689
1.097199
1.085211
1.103496
1.103496
1.097805
1.095986
1.102283
1.102890
1.123599
1.089083
1.083999
1.097199
1.109793
1.110399
1.109793
1.104708
1.109186
1.095986
1.095380
1.103496
1.097199
1.089690
1.096593
1.082786
1.104102
1.090296
1.090296
1.102889
1.096593
1.089689
1.097199
1.090902
1.097199
1.083393
1.102889
1.110399
1.109792
1.090296
1.089689
1.103496
1.090296
1.083393
1.110399
1.103496
1.102889
1.089689
1.090902
1.103496
1.104102
1.096593
1.085819
1.097199
1.102889
1.104709
1.122993
1.095986
1.096593
1.091509
1.097199
1.083999
1.111612
1.102889
1.090296
1.097199
1.097199
1.096593
1.103496
1.116696
1.110399
1.097805
1.096593
1.116696
1.096593
1.084605
1.089083
1.122992
1.116089
1.104708
1.104102
1.095986
1.104102
1.110399
1.084606
1.097805
1.111005
1.111005
1.089690
1.083999
1.097199
1.089690
1.089690
1.110399
1.110399
1.096593
1.089690
1.105314
1.083393
1.089690
1.102889
1.103496
1.089690
1.096593
1.109792
1.092115
1.090902
1.087871
1.095987
1.103496
1.110399
1.097805
1.090902
1.090296
1.094774
1.090296
1.103495
1.102889
1.103496
1.083999
1.097199
1.116089
1.089690
1.089690
1.109792
1.103496
1.097805
1.103496
1.102889
1.097199
1.097805
1.097805
1.111005
1.110399
1.097805
1.090902
1.103496
1.110399
1.097805
1.084605
1.097199
1.090902
1.104102
1.084606
1.103496
1.090902
1.097805
1.104102
1.091508
1.083393
1.090296
1.097199
1.082181
1.095987
1.091508
1.104102
1.083393
1.104707
1.090902
1.083393
1.102890
1.116696
1.096593
1.109793
1.102284
1.103496
1.090296
1.090296
1.090296
1.090902
1.109187
1.095381
1.109793
1.090296
1.116090
1.109793
1.110399
1.102890
1.110399
1.109187
1.099017
1.117301
1.089690
1.084605
1.090296
1.096593
1.110399
1.109187
1.095987
1.092114
1.096593
1.089690
1.097199
1.090296
1.089690
1.077702
1.097199
1.096593
1.090902
1.109792
1.097199
1.104102
1.102284
1.103496
1.097805
1.082787
1.104102
1.096593
1.085211
1.097199
1.097199
1.096593
1.097199
1.091508
1.082787
1.103496
1.097805
1.090902
1.089690
1.104707
1.089084
1.101678
1.110399
1.096593
1.110399
1.097199
1.097199
1.083999
1.082787
1.090296
1.122993
1.103496
1.089690
1.085210
1.104102
1.102890
1.097199
1.082787
1.109793
1.090296
1.083393
1.101679
1.116696
1.095987
1.096593
1.109793
1.089084
1.109793
1.097199
1.092114
1.097199
1.083393
1.083393
1.095987
1.109187
1.083999
1.096593
1.089084
1.104102
1.082181
1.103496
1.116696
1.116090
1.096593
1.103496
1.102890
1.104708
1.102890
1.109793
1.077096
1.109793
1.096593
1.090296
1.089690
1.095987
1.097199
1.089690
1.116696
1.097199
1.091508
1.091508
1.090902
1.089083
1.097199
1.088477
1.083393
1.095380
1.085211
1.116696
1.089083
1.075883
1.111005
1.095986
1.097199
1.090902
1.109793
1.103496
1.089689
1.110399
1.096593
1.102283
1.077095
1.102890
1.097199
1.097199
1.090902
1.099018
1.096592
1.091508
1.102890
1.091508
1.103496
1.104102
1.083392
1.084605
1.111006
1.102283
1.104102
1.083392
1.083392
1.102284
1.116697
1.109793
1.103496
1.101117
