1.090296
1.097805
1.103496
1.104102
1.076489
1.090902
1.102890
1.089083
1.104102
1.089083
1.102284
1.083998
1.097199
1.110399
1.096593
1.097805
1.096593
1.095986
1.110400
1.097805
1.104102
1.109793
1.102284
1.083392
1.096593
1.097199
1.090296
1.124206
1.095380
1.082180
1.102890
1.102890
1.095380
1.097805
1.090902
1.090296
1.117303
1.103496
1.104709
1.102890
1.089083
1.097199
1.117303
1.089689
1.104102
1.103496
1.115484
1.089689
1.090295
1.111006
1.096593
1.097199
1.103496
1.084605
1.091508
1.097199
1.103496
1.095380
1.097199
1.104102
1.104709
1.089689
1.090296
1.111006
1.097805
1.103496
1.098412
1.095986
1.083392
1.116090
1.097805
1.117303
1.097199
1.103496
1.078914
1.081574
1.090296
1.089689
1.097805
1.108581
1.104102
1.090902
1.109187
1.104102
1.089689
1.090902
1.097199
1.084605
1.078914
1.090902
1.083998
1.090296
1.097805
1.097805
1.083998
1.090295
1.111005
1.090901
1.096593
1.084604
1.108582
1.098411
1.123600
1.111005
1.109793
1.104708
1.122994
1.097804
1.102890
1.090901
1.122994
1.109793
1.090901
1.096593
1.103496
1.102890
1.095987
1.097804
1.081575
1.098410
1.096593
1.090901
1.102285
1.110399
1.097199
1.095381
1.090901
1.082787
1.091507
1.082181
1.096593
1.077095
1.097199
1.109187
1.103496
1.104102
1.095987
1.109793
1.109793
1.116696
1.090296
1.123600
1.096593
1.097199
1.110399
1.102890
1.097805
1.109793
1.083998
1.104102
1.097199
1.102890
1.102284
1.097199
1.102284
1.096593
1.096593
1.103496
1.096593
1.085210
1.097199
1.083393
1.095987
1.097805
1.098410
1.095381
1.097199
1.090296
1.097805
1.102284
1.102890
1.089690
1.089690
1.109793
1.095987
1.091508
1.089690
1.103496
1.097199
1.104708
1.091507
1.090901
1.116090
1.095987
1.077095
1.095987
1.088478
1.109187
1.090901
1.097199
1.083392
1.089689
1.090295
1.102890
1.104102
1.097199
1.090296
1.096593
1.110399
1.111006
1.097199
1.104102
1.103496
1.076489
1.109187
1.110399
1.123600
1.109793
1.091507
1.102890
1.104102
1.103496
1.090296
1.095381
1.097805
1.097199
1.104102
1.116696
1.104708
1.103496
1.102890
1.097199
1.089689
1.089083
1.096593
1.089690
1.097199
1.096593
1.084605
1.090902
1.095987
1.090296
1.116090
1.104708
1.111005
1.102890
1.102890
1.094774
1.096593
1.082787
1.095987
1.111005
1.091508
1.088477
1.090296
1.090296
1.096593
1.097199
1.084605
1.109793
1.089690
1.090296
1.103496
1.097805
1.109793
1.083393
1.103496
1.102890
1.091508
1.089083
1.083392
1.084605
1.097199
1.089689
1.116696
1.110399
1.117303
1.097805
1.109793
1.110399
1.110399
1.102890
1.090296
1.098411
1.097199
1.097199
1.103496
1.097199
1.097805
1.111005
1.111005
1.096593
1.096593
1.077702
1.102284
1.103496
1.090296
1.103496
1.089689
1.103496
1.102890
1.104102
1.097199
1.097199
1.103496
1.090296
1.103496
1.083393
1.104102
1.084605
1.097805
1.104102
1.109793
1.096593
1.089084
1.092113
1.090296
1.095987
1.077096
1.097199
1.096593
1.089084
1.090902
1.089690
1.102284
1.102284
1.102890
1.090295
1.096593
1.097199
1.117302
1.108581
1.090296
1.083392
1.083998
1.095381
1.097199
1.085211
1.089689
1.123600
1.098411
1.089083
1.095381
1.095381
1.102890
1.109793
1.104102
1.097075
