1.089083
1.111006
1.091508
1.097199
1.085211
1.097199
1.102890
1.090296
1.102284
1.104102
1.075883
1.089689
1.095380
1.103496
1.109187
1.103496
1.104709
1.083998
1.083392
1.095986
1.109793
1.097199
1.090902
1.097199
1.082785
1.089689
1.098412
1.096593
1.096593
1.102283
1.089689
1.109793
1.083998
1.116091
1.083392
1.116090
1.104103
1.102283
1.104103
1.104709
1.097806
1.091508
1.097805
1.108580
1.097805
1.104102
1.096593
1.084605
1.102890
1.089082
1.122994
1.089689
1.089689
1.098412
1.097805
1.096592
1.096592
1.090295
1.116697
1.095986
1.104103
1.102890
1.090295
1.102283
1.102890
1.104102
1.090902
1.109793
1.097199
1.096592
1.102890
1.097805
1.109793
1.095986
1.090295
1.076488
1.110399
1.103496
1.102890
1.097806
1.089689
1.097199
1.096593
1.096592
1.095986
1.116697
1.109793
1.103496
1.102283
1.111006
1.088476
1.077702
1.103496
1.097199
1.098412
1.084605
1.089689
1.089082
1.083999
1.089689
1.104102
1.096593
1.105316
1.085212
1.096593
1.129291
1.095380
1.089689
1.110400
1.116090
1.089689
1.095986
1.083392
1.110399
1.116090
1.091509
1.097806
1.088476
1.096592
1.095379
1.097199
1.097199
1.109793
1.103496
1.117303
1.096592
1.097199
1.109793
1.102889
1.077702
1.090902
1.096592
1.109186
1.104103
1.103496
1.102282
1.103496
1.109186
1.090902
1.089689
1.091509
1.083392
1.103496
1.089689
1.096592
1.110399
1.111006
1.096592
1.097199
1.111006
1.097806
1.089082
1.097199
1.084606
1.102889
1.090296
1.090903
1.095986
1.077702
1.109793
1.102889
1.097806
1.097199
1.090902
1.110399
1.082785
1.083999
1.089689
1.084605
1.090296
1.097806
1.097199
1.089082
1.117303
1.102283
1.101676
1.084605
1.082785
1.103496
1.102889
1.090902
1.097806
1.097199
1.089082
1.104103
1.097199
1.102283
1.090295
1.091509
1.097199
1.083998
1.097806
1.096592
1.102283
1.097199
1.102889
1.102889
1.109793
1.096592
1.102889
1.104103
1.095986
1.095986
1.096592
1.076488
1.104103
1.098413
1.085819
1.090295
1.104710
1.116090
1.097806
1.090902
1.095986
1.084605
1.091509
1.104710
1.097199
1.097199
1.097199
1.097199
1.096592
1.109794
1.097199
1.092721
1.088475
1.097199
1.102890
1.097199
1.090295
1.090295
1.102283
1.090902
1.111613
1.083391
1.082785
1.105316
1.090295
1.090295
1.075881
1.123601
1.103496
1.097805
1.110400
1.083997
1.082785
1.124208
1.102890
1.097199
1.103496
1.090901
1.109794
1.096592
1.123602
1.110400
1.109187
1.097199
1.110400
1.083391
1.104103
1.103496
1.109187
1.090295
1.109187
1.097199
1.089689
1.116697
1.089689
1.090902
1.076488
1.109793
1.097805
1.097199
1.095986
1.097199
1.109793
1.089082
1.111006
1.088476
1.084604
1.109187
1.096593
1.097805
1.090902
1.090295
1.097199
1.104103
1.103496
1.097805
1.090295
1.102889
1.096592
1.103496
1.089689
1.110400
1.117910
1.104709
1.090295
1.095986
1.105316
1.110400
1.077701
1.089689
1.104102
1.104102
1.104709
1.095986
1.104102
1.102890
1.102890
1.097805
1.116091
1.091508
1.102890
1.096593
1.103496
1.083392
1.096593
1.102890
1.097199
1.097805
1.102890
1.083998
1.097199
1.084605
1.102284
1.109793
1.091508
1.109793
1.111006
1.090295
1.075882
1.102890
1.116697
1.096593
1.095380
1.115484
1.099096
