1.097805
1.102283
1.097199
1.096593
1.091508
1.097199
1.090295
1.104102
1.097199
1.090295
1.077095
1.097199
1.097199
1.095986
1.090295
1.116697
1.089689
1.096593
1.102890
1.102284
1.104709
1.090902
1.084605
1.090902
1.083392
1.085817
1.109187
1.097805
1.097805
1.097199
1.096593
1.122995
1.102890
1.083998
1.089689
1.109793
1.083998
1.083998
1.104102
1.115485
1.109794
1.109794
1.097199
1.103496
1.097199
1.097199
1.116091
1.110400
1.097199
1.095986
1.096593
1.098411
1.096593
1.097805
1.104102
1.096593
1.097199
1.103496
1.104102
1.090296
1.090295
1.103496
1.109793
1.082786
1.097805
1.098411
1.097805
1.089689
1.097805
1.103496
1.104102
1.096593
1.090901
1.083392
1.098411
1.109793
1.092113
1.095987
1.082180
1.103496
1.083392
1.082786
1.097805
1.096593
1.082180
1.090295
1.095987
1.116091
1.096593
1.110400
1.092113
1.089083
1.095987
1.097199
1.102890
1.096593
1.116697
1.116091
1.083392
1.090901
1.102890
1.095987
1.109188
1.109794
1.096593
1.076488
1.083392
1.109794
1.097199
1.117910
1.096593
1.104102
1.090901
1.084604
1.102890
1.111006
1.082785
1.098411
1.096593
1.090295
1.103496
1.090901
1.104102
1.117303
1.089083
1.103496
1.097199
1.104708
1.110400
1.090295
1.097199
1.075882
1.116091
1.102284
1.110400
1.116697
1.111612
1.090295
1.090901
1.104102
1.082786
1.103496
1.090296
1.111006
1.104708
1.096593
1.077095
1.097805
1.091508
1.104708
1.097199
1.096593
1.090901
1.103496
1.103496
1.097199
1.083998
1.116091
1.097199
1.104102
1.104708
1.117909
1.104708
1.097804
1.082181
1.097199
1.122994
1.089084
1.097199
1.104102
1.090901
1.090901
1.089084
1.084603
1.097198
1.095987
1.102890
1.078306
1.109188
1.075883
1.096593
1.095987
1.102890
1.082786
1.110399
1.116091
1.104102
1.098410
1.102890
1.104707
1.116697
1.109794
1.105313
1.123600
1.090295
1.102890
1.091507
1.083392
1.102890
1.109188
1.109793
1.082787
1.078306
1.110399
1.116091
1.109794
1.102285
1.102890
1.082787
1.097804
1.097199
1.103496
1.095987
1.110399
1.111611
1.110399
1.089084
1.109793
1.104102
1.108582
1.090296
1.095987
1.109793
1.102284
1.083393
1.103496
1.111004
1.089690
1.090296
1.109187
1.089084
1.104102
1.102890
1.090902
1.097805
1.097199
1.083393
1.090296
1.116696
1.108581
1.109793
1.109792
1.083393
1.083393
1.090296
1.096593
1.097805
1.089084
1.104102
1.109793
1.090296
1.096593
1.089690
1.109793
1.098411
1.083393
1.090296
1.090296
1.103496
1.097199
1.090296
1.084605
1.089689
1.102890
1.097199
1.096593
1.089690
1.090296
1.103496
1.083393
1.102284
1.095381
1.089690
1.090902
1.095987
1.110399
1.096593
1.096593
1.083392
1.104708
1.078307
1.078307
1.082786
1.103496
1.097199
1.109793
1.089689
1.091508
1.102284
1.097199
1.103496
1.097199
1.110399
1.102890
1.090295
1.102890
1.109187
1.115484
1.090295
1.102890
1.095986
1.103496
1.117303
1.095986
1.090295
1.104102
1.082179
1.097199
1.103496
1.090296
1.083392
1.089083
1.102890
1.095986
1.116697
1.097199
1.095986
1.104102
1.104102
1.116697
1.110399
1.097805
1.083392
1.097805
1.089083
1.075882
1.078308
1.083392
1.097199
1.101677
1.103496
1.110399
1.110399
1.104102
1.098412
1.090295
1.096592
1.122108
