1.073962
1.264221
1.129387
1.204931
1.168331
1.261119
0.973051
1.306664
1.259706
1.100676
1.195771
1.081304
1.155888
1.124300
1.277301
1.363576
1.038551
1.121677
1.355474
1.093196
1.170770
1.116715
1.076678
1.149021
1.301270
1.312565
1.097311
1.040288
1.048241
1.156010
1.218780
1.316000
1.194231
1.102353
1.196990
1.090553
1.230371
0.980203
1.159323
1.039231
1.071523
1.099232
0.890422
1.201496
1.537178
1.046562
1.056137
1.249419
0.940862
1.122925
1.174175
1.056185
1.152826
1.043375
1.096033
1.129719
1.050545
0.992157
1.296345
1.225111
1.099126
1.125577
1.215738
0.976972
1.249717
1.191044
1.116140
1.166064
1.188789
1.109803
1.152693
1.192521
1.099743
1.128541
1.140073
1.102537
1.124944
1.150666
1.165230
1.102124
1.099352
1.255810
1.086305
1.117672
1.108820
1.119081
1.136913
1.144013
1.100611
1.071072
1.072472
1.027492
1.158380
1.137415
0.985592
1.218244
1.057106
0.974273
1.337005
1.288172
0.941206
1.477035
1.130097
1.263430
1.088595
1.118479
1.278357
1.260831
1.176019
1.038517
1.062895
1.115714
1.038072
1.034702
1.153084
1.300958
1.124399
1.110923
1.053678
1.112060
1.309377
1.345399
1.031207
1.032696
1.165258
1.196739
1.193962
1.088888
1.052543
1.059893
1.158358
0.907922
1.224099
1.482217
1.284807
1.104510
1.002066
1.117484
1.083821
1.159640
1.122758
1.076258
1.042938
1.112509
1.406120
1.274009
1.174728
1.212709
1.221372
1.010558
1.113897
1.234674
1.031375
1.507821
1.082099
1.096453
1.009542
1.146806
1.099531
1.116566
1.127582
1.080863
1.171345
1.129280
1.201010
1.060472
1.202632
1.143074
1.077753
1.086296
1.078099
1.069820
1.168594
1.150171
1.145798
1.217739
1.129931
1.112113
1.172363
1.149137
1.220731
1.110197
1.034598
1.141149
1.220094
1.073137
1.092730
1.087200
1.102261
1.083581
1.098783
1.156499
1.124913
1.077320
1.119907
1.162287
1.100429
1.066259
1.200039
1.070632
1.121061
1.073235
1.070824
1.157105
1.143843
1.100982
1.090029
1.120770
1.151292
1.141077
1.103705
1.092223
1.118384
1.075265
1.067144
1.365730
1.069249
1.132157
1.188178
1.090885
1.041648
1.173929
1.114919
1.113005
1.115991
1.143249
1.145359
1.067849
1.077691
1.142606
1.150967
1.244744
1.170325
1.112676
1.061964
1.239635
1.255408
1.090418
1.179676
1.030256
1.062437
1.121558
1.219502
1.062742
1.089137
1.121459
1.034825
1.331559
1.237152
0.992401
1.168937
1.048081
1.077048
1.104534
1.083921
1.181094
1.060627
1.119340
1.133486
1.109243
1.104863
1.117630
1.099024
1.175957
1.141262
1.284680
1.153067
1.078881
1.179945
1.056412
1.081645
1.047485
1.123154
1.031747
1.172609
0.970285
1.373892
1.239482
1.224290
1.114039
1.364968
1.365290
1.124304
1.097366
1.109674
1.192459
1.140138
1.151110
1.128339
1.212120
1.056778
1.108155
1.099206
1.200652
1.128115
1.177546
1.102391
1.137031
1.136061
1.129166
1.131603
1.060024
1.051314
0.977667
1.180289
1.071062
1.490725
0.959015
0.950423
1.167429
1.232602
1.227888
1.122047
1.116719
1.134148
1.167267
1.287799
1.018825
1.297264
1.147267
1.052815
1.147831
1.044891
1.346728
1.044930
1.026035
1.052280
0.927578
1.203316
1.178810
1.438411
1.187330
1.366531
1.183408
1.198082
1.163396
1.592627
1.017183
