1.096593
1.091509
1.082785
1.097805
1.087870
1.095380
1.104709
1.102890
1.098412
1.090295
1.110399
1.108580
1.089689
1.090902
1.089689
1.102283
1.097199
1.098412
1.116697
1.089082
1.103496
1.083392
1.090295
1.085211
1.076488
1.110400
1.117910
1.090902
1.096593
1.085211
1.103496
1.097199
1.104102
1.110400
1.090295
1.104103
1.116697
1.090295
1.104709
1.097199
1.085817
1.089689
1.097805
1.083998
1.096593
1.109793
1.115484
1.102890
1.091508
1.095986
1.110400
1.083392
1.109187
1.095986
1.090295
1.087870
1.103496
1.089689
1.089689
1.115484
1.116091
1.116697
1.090902
1.110400
1.110400
1.088476
1.078308
1.109793
1.090295
1.104709
1.109793
1.108580
1.085211
1.102283
1.083998
1.089083
1.097199
1.110400
1.116697
1.092115
1.097805
1.110399
1.110399
1.103496
1.117909
1.104709
1.083392
1.102890
1.096593
1.089083
1.090902
1.089689
1.109793
1.091508
1.105315
1.090902
1.117303
1.089689
1.097199
1.084605
1.083999
1.083999
1.104708
1.095380
1.110399
1.098411
1.097199
1.096593
1.103496
1.090296
1.083392
1.091508
1.116090
1.102890
1.116697
1.103496
1.083392
1.116696
1.090902
1.090902
1.108581
1.090902
1.089689
1.096593
1.096593
1.090295
1.097805
1.089083
1.096593
1.090296
1.090296
1.082786
1.095987
1.102890
1.116091
1.104708
1.097199
1.098411
1.097199
1.090902
1.082786
1.109187
1.102890
1.102890
1.102890
1.096593
1.090902
1.083392
1.091508
1.109187
1.089689
1.096593
1.097199
1.103496
1.083998
1.083998
1.083392
1.103496
1.091508
1.090295
1.090902
1.104102
1.096593
1.095986
1.103496
1.096593
1.103496
1.089689
1.096593
1.090295
1.117303
1.105315
1.111006
1.117303
1.117303
1.092114
1.097199
1.084604
1.097199
1.092114
1.110400
1.104102
1.097199
1.103496
1.083998
1.089689
1.097199
1.109188
1.077094
1.096593
1.090295
1.109794
1.097805
1.110400
1.097805
1.104102
1.097199
1.111006
1.089083
1.082786
1.096593
1.102890
1.084604
1.088478
1.117303
1.083998
1.089689
1.103496
1.098410
1.088478
1.117303
1.103496
1.111005
1.104102
1.097804
1.097804
1.104708
1.090295
1.110399
1.102890
1.117303
1.116697
1.104707
1.103496
1.090295
1.109188
1.095382
1.083392
1.083392
1.117302
1.076489
1.110399
1.090295
1.076489
1.089690
1.097198
1.109188
1.090295
1.104102
1.090901
1.102890
1.081575
1.111005
1.089689
1.084604
1.091507
1.089689
1.089084
1.094776
1.096593
1.095987
1.097199
1.102890
1.110399
1.104102
1.103496
1.104102
1.082786
1.117303
1.095987
1.111005
1.115485
1.083998
1.096593
1.082786
1.097805
1.102890
1.103496
1.096593
1.109794
1.083998
1.102890
1.097199
1.102284
1.111612
1.090901
1.102890
1.096593
1.109794
1.090901
1.089689
1.096593
1.083998
1.090902
1.097805
1.109187
1.082180
1.097199
1.102890
1.116091
1.104102
1.097199
1.109187
1.081574
1.102890
1.102284
1.102890
1.091507
1.089689
1.109187
1.097805
1.098411
1.076488
1.102284
1.082180
1.082786
1.103496
1.097199
1.102284
1.116091
1.097805
1.090295
1.091508
1.102284
1.104102
1.088476
1.109187
1.104102
1.102890
1.110400
1.103496
1.111006
1.109793
1.104103
1.096593
1.096592
1.094773
1.103496
1.090295
1.109793
1.091508
1.110399
1.090296
1.089689
1.104103
1.082179
1.091508
1.101117
