1.085211
1.081572
1.102283
1.102283
1.097199
1.090295
1.117303
1.111006
1.090296
1.117910
1.116697
1.090902
1.090902
1.104709
1.096592
1.115484
1.123600
1.090296
1.103496
1.116696
1.111006
1.096593
1.116090
1.109186
1.083999
1.090296
1.082786
1.104709
1.097199
1.094773
1.089689
1.102889
1.116090
1.104709
1.085212
1.110399
1.090296
1.109186
1.109793
1.102889
1.090902
1.102283
1.104102
1.097199
1.091509
1.089083
1.089083
1.083392
1.085818
1.090296
1.097199
1.104709
1.096593
1.095986
1.077096
1.097199
1.089083
1.103496
1.090296
1.076489
1.110399
1.097199
1.103496
1.096593
1.083999
1.082786
1.104709
1.089689
1.104102
1.083999
1.089689
1.090902
1.090295
1.096592
1.089689
1.111006
1.110399
1.123600
1.090295
1.083998
1.109793
1.111006
1.097199
1.109793
1.089689
1.096593
1.090295
1.108580
1.097199
1.089689
1.090295
1.095986
1.109793
1.089689
1.110400
1.096593
1.075275
1.097199
1.085211
1.090902
1.095986
1.103496
1.103496
1.109793
1.091509
1.102890
1.090295
1.097199
1.102890
1.122387
1.096593
1.083392
1.083392
1.103496
1.096592
1.097806
1.097199
1.096593
1.103496
1.090902
1.097806
1.117303
1.109793
1.109793
1.096593
1.097199
1.096592
1.089082
1.076488
1.123600
1.096593
1.104103
1.102889
1.090295
1.104103
1.103496
1.103496
1.102889
1.104103
1.098412
1.090295
1.083392
1.083392
1.103496
1.104103
1.090296
1.085818
1.122994
1.090296
1.082785
1.104103
1.102890
1.089689
1.089689
1.110400
1.083998
1.090902
1.088476
1.104709
1.090296
1.083998
1.122387
1.102283
1.102890
1.095379
1.109187
1.096592
1.097199
1.104103
1.076488
1.089082
1.097199
1.084605
1.083392
1.096593
1.090295
1.096592
1.110400
1.083998
1.103496
1.091509
1.103496
1.104103
1.095379
1.089082
1.083998
1.111007
1.110400
1.104710
1.102283
1.102889
1.116090
1.091509
1.077094
1.123601
1.090295
1.089082
1.116090
1.103496
1.101676
1.089689
1.095986
1.104103
1.083998
1.103496
1.104103
1.109186
1.110400
1.102889
1.096592
1.102889
1.083392
1.096592
1.103496
1.096592
1.097199
1.103496
1.096592
1.096592
1.111007
1.092116
1.091509
1.103496
1.110400
1.109186
1.089082
1.097806
1.091509
1.104103
1.109793
1.085212
1.110400
1.082178
1.110400
1.108579
1.103496
1.098413
1.082785
1.090902
1.122386
1.089689
1.089689
1.096592
1.096592
1.091509
1.104710
1.111006
1.090296
1.076488
1.111006
1.104103
1.083999
1.103496
1.085212
1.096592
1.096592
1.089689
1.090296
1.091509
1.090902
1.097199
1.090295
1.103496
1.110400
1.090902
1.109793
1.098412
1.103496
1.095986
1.097199
1.096592
1.083392
1.090295
1.095379
1.103496
1.097806
1.110400
1.092115
1.122994
1.104103
1.095986
1.097199
1.090295
1.095986
1.102283
1.090295
1.082179
1.103496
1.089689
1.103496
1.097806
1.097199
1.109187
1.095986
1.102890
1.117910
1.104709
1.110400
1.089689
1.102889
1.083392
1.110400
1.083392
1.103496
1.104103
1.096592
1.097806
1.089689
1.092115
1.085212
1.116697
1.098412
1.103496
1.089689
1.111006
1.089689
1.097806
1.103496
1.110400
1.089689
1.096592
1.095986
1.096592
1.095986
1.097805
1.103496
1.109187
1.104102
1.097199
1.090902
1.096592
1.102889
1.097199
1.090295
1.084605
1.110399
1.095986
1.076084
