1.103496
1.103496
1.101677
1.097806
1.083392
1.082785
1.097199
1.109187
1.102889
1.089689
1.117303
1.104103
1.111006
1.104103
1.110400
1.090902
1.122387
1.095986
1.092115
1.097199
1.110399
1.109187
1.090295
1.102889
1.122993
1.096592
1.095986
1.089082
1.104102
1.089689
1.095986
1.096593
1.088476
1.096593
1.089689
1.103496
1.083392
1.090902
1.083999
1.090296
1.102889
1.089082
1.097199
1.097199
1.104103
1.096592
1.102282
1.097199
1.095985
1.088475
1.103496
1.102282
1.089689
1.109186
1.102889
1.104103
1.102282
1.095985
1.089689
1.096592
1.084606
1.084606
1.092117
1.110400
1.089688
1.089688
1.109186
1.102889
1.097807
1.085213
1.089688
1.102889
1.082785
1.077095
1.091510
1.104103
1.102889
1.095985
1.103496
1.082784
1.095378
1.089688
1.083998
1.089688
1.103496
1.096592
1.090903
1.117912
1.109793
1.095985
1.111008
1.097199
1.090903
1.103496
1.089081
1.089688
1.077701
1.096592
1.116090
1.097807
1.104711
1.096592
1.102889
1.116090
1.083998
1.097807
1.102282
1.116697
1.090295
1.089688
1.097199
1.111008
1.122994
1.097807
1.097807
1.095985
1.090295
1.097199
1.089688
1.083391
1.102889
1.104103
1.078309
1.103496
1.102282
1.085213
1.103496
1.097807
1.097199
1.097199
1.110400
1.083391
1.096592
1.109793
1.092117
1.109793
1.095985
1.096592
1.095985
1.089688
1.083998
1.110400
1.090902
1.103496
1.102889
1.123601
1.111614
1.095985
1.111007
1.102282
1.109186
1.084605
1.089688
1.085820
1.090902
1.089688
1.104103
1.096592
1.097806
1.083998
1.097199
1.095985
1.096592
1.098413
1.091509
1.090295
1.084605
1.096592
1.090295
1.116697
1.109793
1.083998
1.104710
1.102282
1.104710
1.109793
1.091509
1.089081
1.097806
1.104710
1.090295
1.102282
1.082784
1.096592
1.090902
1.089688
1.103496
1.109793
1.109187
1.110400
1.095379
1.082177
1.090902
1.090295
1.111007
1.103496
1.083998
1.090902
1.090295
1.096592
1.109793
1.089081
1.098413
1.123602
1.091509
1.102889
1.090295
1.116091
1.102889
1.096592
1.098413
1.090295
1.091509
1.116091
1.104103
1.083391
1.103496
1.096592
1.090902
1.097199
1.090295
1.098413
1.102283
1.103496
1.096592
1.096592
1.095985
1.110400
1.109793
1.109793
1.103496
1.095379
1.103496
1.097199
1.136802
1.090295
1.091509
1.102889
1.097199
1.097199
1.104710
1.124208
1.097199
1.122994
1.090295
1.102889
1.104103
1.090295
1.095986
1.097199
1.089689
1.083392
1.096592
1.098413
1.097806
1.104710
1.090295
1.098413
1.104103
1.103496
1.111006
1.090295
1.097806
1.096593
1.109186
1.077095
1.097806
1.092116
1.096592
1.104709
1.097199
1.110400
1.083998
1.097199
1.090902
1.090296
1.109793
1.104103
1.103496
1.109187
1.096592
1.084605
1.096592
1.103496
1.097805
1.089689
1.089082
1.097199
1.096593
1.103496
1.091508
1.117303
1.089689
1.110399
1.089689
1.096593
1.116697
1.090295
1.096593
1.109187
1.090295
1.109793
1.098412
1.102890
1.095986
1.097805
1.090902
1.097805
1.084605
1.095986
1.104102
1.097199
1.089689
1.089689
1.116091
1.102890
1.109187
1.103496
1.102890
1.104102
1.109793
1.096592
1.097199
1.083998
1.096593
1.090902
1.084605
1.090902
1.103496
1.096593
1.102890
1.097199
1.089082
1.084605
1.109793
1.080966
1.089689
1.097074
