1.089689
1.097199
1.098412
1.111006
1.103496
1.096592
1.089689
1.104103
1.090295
1.083998
1.095986
1.097806
1.102890
1.090902
1.102283
1.082785
1.090295
1.097199
1.095986
1.110400
1.085211
1.103496
1.097199
1.096593
1.097806
1.090295
1.109187
1.090902
1.091508
1.109187
1.097199
1.102890
1.096593
1.097199
1.117304
1.097199
1.097199
1.083998
1.101677
1.122995
1.104103
1.097199
1.109187
1.103496
1.095379
1.095986
1.083998
1.092115
1.087869
1.097806
1.095986
1.089082
1.103496
1.104710
1.116697
1.123601
1.085212
1.097806
1.097199
1.104709
1.097199
1.097199
1.103496
1.090295
1.083392
1.103496
1.097199
1.097806
1.091509
1.109793
1.095986
1.111006
1.116091
1.075275
1.083998
1.102283
1.101677
1.090295
1.124207
1.097806
1.098412
1.116091
1.109793
1.089689
1.102890
1.102889
1.082785
1.083998
1.102889
1.104103
1.116697
1.104102
1.089689
1.092115
1.102889
1.097199
1.089082
1.083998
1.097806
1.109186
1.096592
1.096593
1.097199
1.103496
1.090295
1.091509
1.090902
1.103496
1.103496
1.096592
1.090902
1.110399
1.095986
1.090902
1.102889
1.095986
1.089082
1.091509
1.095986
1.104103
1.103496
1.089689
1.097806
1.116697
1.089689
1.090902
1.096593
1.091509
1.077701
1.095986
1.083998
1.082785
1.096592
1.109793
1.091509
1.085211
1.097806
1.103496
1.089689
1.089082
1.083998
1.097199
1.097806
1.095986
1.103496
1.095986
1.091508
1.097199
1.097806
1.090295
1.109187
1.085211
1.095986
1.104103
1.090295
1.102890
1.096592
1.092114
1.089689
1.130506
1.102283
1.108581
1.103496
1.083391
1.096592
1.089082
1.089082
1.097199
1.090295
1.102890
1.109794
1.110400
1.089688
1.095986
1.083998
1.104103
1.097806
1.091508
1.110400
1.102283
1.076487
1.104103
1.117304
1.096592
1.084604
1.096592
1.116698
1.104103
1.083998
1.111007
1.110400
1.104103
1.109187
1.097806
1.122995
1.082178
1.090901
1.109187
1.090902
1.083997
1.089689
1.095379
1.104103
1.104103
1.077094
1.090295
1.103496
1.104709
1.078307
1.096593
1.090295
1.102890
1.098412
1.117304
1.102890
1.102890
1.096592
1.110400
1.110400
1.095986
1.103496
1.097805
1.109794
1.110400
1.104102
1.090901
1.109794
1.089689
1.089689
1.089689
1.110400
1.111006
1.089082
1.109794
1.095986
1.102890
1.095986
1.097199
1.097805
1.104103
1.102890
1.095379
1.096593
1.097806
1.089689
1.096593
1.090902
1.104709
1.089689
1.083391
1.110400
1.096592
1.103496
1.090902
1.111006
1.110400
1.110400
1.116091
1.104709
1.103496
1.082785
1.092721
1.089082
1.096593
1.097199
1.102283
1.096593
1.097199
1.103496
1.095986
1.097199
1.102283
1.097805
1.104103
1.097199
1.082785
1.104709
1.104709
1.117303
1.089689
1.083392
1.089082
1.102283
1.103496
1.090295
1.096592
1.090295
1.090295
1.089082
1.098412
1.104103
1.096593
1.083998
1.102890
1.096593
1.110400
1.102283
1.097199
1.116697
1.090295
1.109187
1.089082
1.096593
1.084605
1.104102
1.096592
1.096592
1.095986
1.102283
1.089082
1.096592
1.096592
1.117304
1.097806
1.097199
1.102890
1.089082
1.102890
1.111007
1.102890
1.091509
1.111007
1.083998
1.096593
1.095379
1.083998
1.109793
1.102283
1.090902
1.095986
1.078308
1.109793
1.077701
1.104103
1.103496
1.103496
1.104103
1.099096
