1.103496
1.082178
1.104710
1.090295
1.110400
1.096592
1.096592
1.083392
1.104103
1.097806
1.090902
1.091509
1.104103
1.090295
1.090902
1.082785
1.102283
1.091509
1.117304
1.110400
1.084605
1.111006
1.096592
1.102283
1.096593
1.098412
1.081572
1.116697
1.110400
1.089689
1.090295
1.095986
1.116091
1.104103
1.089689
1.083391
1.090902
1.090902
1.103496
1.083998
1.103496
1.111007
1.105316
1.103496
1.116697
1.103496
1.109187
1.089082
1.082785
1.089082
1.103496
1.103496
1.103496
1.098412
1.084605
1.089082
1.095986
1.109793
1.102890
1.097806
1.098412
1.083391
1.097199
1.103496
1.110400
1.110400
1.104709
1.102890
1.111006
1.111006
1.089689
1.097805
1.077701
1.076488
1.109793
1.108580
1.095380
1.111006
1.097806
1.110400
1.089689
1.109187
1.083392
1.099018
1.083998
1.109187
1.084605
1.109793
1.109187
1.090902
1.090295
1.103496
1.080966
1.109793
1.083392
1.101677
1.102890
1.111006
1.085211
1.102890
1.091508
1.102890
1.117303
1.096593
1.102890
1.102283
1.090902
1.104103
1.083998
1.089689
1.103496
1.082785
1.111006
1.102889
1.089082
1.089689
1.095986
1.102889
1.102890
1.096593
1.083392
1.090295
1.101676
1.103496
1.090902
1.109186
1.089689
1.083998
1.090295
1.095986
1.122387
1.103496
1.109793
1.088475
1.091509
1.111007
1.102889
1.090295
1.089081
1.076487
1.109793
1.095378
1.083391
1.109793
1.090902
1.102889
1.103496
1.095985
1.104103
1.083391
1.116090
1.122994
1.090902
1.122994
1.090903
1.085213
1.090295
1.103496
1.095985
1.090295
1.104103
1.097199
1.090295
1.091510
1.090295
1.117911
1.103496
1.117911
1.098413
1.090903
1.116697
1.102889
1.096592
1.096592
1.102889
1.090902
1.096592
1.077095
1.111007
1.090902
1.111007
1.104710
1.111007
1.090902
1.109793
1.089689
1.083392
1.083999
1.096592
1.078309
1.090295
1.103496
1.096592
1.097199
1.089082
1.096592
1.097199
1.102283
1.103496
1.103496
1.083392
1.111007
1.097199
1.077701
1.089082
1.097199
1.098413
1.096592
1.109186
1.109793
1.090902
1.097806
1.090902
1.111614
1.109793
1.090295
1.096592
1.102283
1.097199
1.090902
1.096592
1.097806
1.116697
1.082785
1.088475
1.095986
1.091509
1.104710
1.098413
1.096592
1.083391
1.111007
1.097806
1.102889
1.096592
1.097806
1.091509
1.094772
1.090295
1.103496
1.110400
1.090295
1.109794
1.108580
1.089689
1.097199
1.109793
1.091509
1.090295
1.109793
1.116697
1.104710
1.097806
1.089082
1.083391
1.091509
1.097806
1.083998
1.103496
1.103496
1.091509
1.102283
1.090295
1.109793
1.083391
1.075274
1.116697
1.102283
1.102890
1.117304
1.083998
1.109793
1.096592
1.090295
1.089689
1.097806
1.117304
1.097199
1.095986
1.082178
1.090295
1.096592
1.104710
1.089082
1.104103
1.102889
1.109187
1.116697
1.084605
1.103496
1.104710
1.104710
1.109793
1.097199
1.102889
1.096592
1.117304
1.096593
1.097806
1.083998
1.089689
1.102889
1.089082
1.104103
1.103496
1.090295
1.090295
1.097199
1.091509
1.109793
1.083998
1.111006
1.122994
1.085212
1.090902
1.103496
1.090295
1.083998
1.117304
1.090902
1.102890
1.109187
1.090295
1.104709
1.089082
1.088475
1.090902
1.083998
1.089082
1.122994
1.110400
1.083998
1.082785
1.123601
1.083998
1.095986
1.095986
1.120087
