1.096592
1.104710
1.097199
1.099019
1.110400
1.102890
1.102890
1.109187
1.084605
1.096592
1.103496
1.104103
1.095986
1.089689
1.102889
1.104103
1.110400
1.103496
1.096592
1.081572
1.089082
1.091509
1.097806
1.090295
1.102283
1.097806
1.103496
1.111613
1.117303
1.091509
1.102889
1.082785
1.085212
1.104709
1.096592
1.090902
1.076488
1.111006
1.095986
1.097199
1.103496
1.097199
1.095986
1.076488
1.096593
1.092115
1.129898
1.089082
1.111006
1.103496
1.088475
1.097806
1.096593
1.084605
1.104103
1.111006
1.097199
1.096593
1.116090
1.103496
1.097199
1.102890
1.116090
1.092115
1.104103
1.116090
1.082179
1.077095
1.102283
1.084605
1.116090
1.098412
1.077701
1.090296
1.081572
1.103496
1.095986
1.090902
1.104709
1.095986
1.090295
1.104103
1.101676
1.102889
1.103496
1.104103
1.097199
1.090296
1.110400
1.090295
1.090296
1.097199
1.110400
1.097199
1.122994
1.104709
1.089689
1.090902
1.111006
1.097199
1.102889
1.089689
1.095986
1.090295
1.096593
1.091509
1.116697
1.090295
1.095379
1.103496
1.096592
1.095986
1.104103
1.095986
1.103496
1.090902
1.103496
1.110399
1.083998
1.097199
1.103496
1.102889
1.110400
1.110400
1.083392
1.102889
1.097806
1.109793
1.085212
1.097199
1.083998
1.091509
1.090296
1.104709
1.097199
1.102890
1.083392
1.091509
1.095379
1.104709
1.109793
1.082179
1.104102
1.109793
1.090902
1.096592
1.109793
1.111006
1.103496
1.102890
1.095986
1.097199
1.097199
1.083998
1.083998
1.087869
1.110400
1.095986
1.090902
1.109187
1.097199
1.083392
1.097199
1.095379
1.103496
1.104709
1.089689
1.097199
1.096593
1.097199
1.096592
1.085818
1.109793
1.090295
1.097806
1.091509
1.096592
1.090295
1.102890
1.082785
1.096592
1.102890
1.083392
1.090295
1.095379
1.104709
1.096592
1.092115
1.102890
1.088475
1.089082
1.090295
1.103496
1.078914
1.104103
1.110400
1.076487
1.089082
1.102890
1.103496
1.102890
1.103496
1.091508
1.108580
1.117304
1.097199
1.102890
1.103496
1.090295
1.103496
1.090295
1.097806
1.116091
1.090295
1.090295
1.092115
1.116091
1.098412
1.122995
1.095986
1.097199
1.089082
1.097199
1.097199
1.095986
1.123601
1.084605
1.098412
1.082785
1.089689
1.116698
1.095986
1.116091
1.103496
1.095379
1.075274
1.110400
1.090902
1.102889
1.097806
1.110400
1.116697
1.102283
1.082178
1.078308
1.083391
1.090295
1.103496
1.082785
1.109187
1.109793
1.090295
1.104103
1.089689
1.089082
1.095986
1.096592
1.111614
1.077094
1.116697
1.083998
1.092116
1.123601
1.097806
1.104710
1.090902
1.096592
1.109793
1.097806
1.104103
1.077094
1.098413
1.117911
1.103496
1.103496
1.097199
1.102889
1.095986
1.103496
1.089082
1.104103
1.090902
1.103496
1.104103
1.083998
1.109187
1.090295
1.090902
1.095986
1.090295
1.104103
1.095379
1.089689
1.097199
1.110400
1.117304
1.104103
1.090295
1.089689
1.090295
1.122994
1.095986
1.084605
1.090295
1.090902
1.102890
1.111007
1.096593
1.083998
1.096592
1.090295
1.110400
1.104103
1.081572
1.095379
1.103496
1.095986
1.084605
1.089082
1.097199
1.096592
1.097806
1.109794
1.102890
1.097199
1.089689
1.090295
1.090902
1.110400
1.123601
1.096592
1.084605
1.082178
1.110400
1.116091
1.102283
1.109793
1.101118
