1.095986
1.102890
1.097199
1.111007
1.095379
1.095986
1.083998
1.102889
1.111007
1.091509
1.104103
1.098413
1.098413
1.089689
1.110400
1.116090
1.129291
1.103496
1.102889
1.096592
1.109186
1.083392
1.097806
1.083392
1.089689
1.089082
1.097806
1.103496
1.097199
1.097806
1.123600
1.083392
1.095379
1.096592
1.090295
1.097199
1.098413
1.090295
1.102283
1.090902
1.102283
1.082178
1.097199
1.103496
1.089689
1.082785
1.082178
1.117304
1.109186
1.090295
1.111007
1.096592
1.090295
1.091509
1.090295
1.116090
1.102889
1.083391
1.102282
1.090295
1.111007
1.090295
1.103496
1.109186
1.117911
1.095985
1.116697
1.090902
1.102889
1.109793
1.090902
1.083998
1.089688
1.089688
1.123600
1.089081
1.104103
1.083998
1.083391
1.084605
1.104103
1.083391
1.096592
1.088474
1.111007
1.089688
1.102889
1.097806
1.084606
1.090902
1.103496
1.110400
1.095985
1.110400
1.098413
1.095985
1.077701
1.095985
1.104103
1.098413
1.089688
1.083998
1.102282
1.095378
1.089688
1.097199
1.089688
1.089081
1.096592
1.097199
1.084605
1.104103
1.082177
1.104103
1.098413
1.109793
1.097806
1.103496
1.097806
1.095985
1.097199
1.090295
1.110400
1.109186
1.082177
1.096592
1.083998
1.089688
1.104103
1.116697
1.096592
1.089688
1.103496
1.082784
1.095985
1.089688
1.095378
1.104711
1.097807
1.084605
1.109793
1.103496
1.077701
1.090295
1.097199
1.084605
1.097807
1.102889
1.096592
1.077094
1.110401
1.090295
1.090295
1.103496
1.109794
1.104103
1.102889
1.096592
1.097199
1.090295
1.089688
1.104711
1.124210
1.097199
1.090902
1.095985
1.111008
1.090295
1.090902
1.097199
1.109187
1.097199
1.082783
1.104711
1.089688
1.092116
1.109794
1.104104
1.096592
1.102890
1.109187
1.117305
1.090295
1.102889
1.095985
1.102889
1.097806
1.102890
1.102282
1.082177
1.090295
1.089688
1.116698
1.098413
1.095985
1.122995
1.096592
1.109794
1.097199
1.101675
1.090295
1.109187
1.098413
1.097807
1.104104
1.096592
1.097807
1.109186
1.102282
1.110400
1.095378
1.098414
1.090295
1.090902
1.104711
1.090295
1.083391
1.109793
1.102889
1.102282
1.083998
1.083998
1.104103
1.083391
1.090295
1.097199
1.103496
1.090902
1.077701
1.082783
1.104711
1.083998
1.104104
1.089688
1.116698
1.110401
1.110401
1.110401
1.095378
1.104711
1.117305
1.097806
1.090902
1.097806
1.109794
1.090295
1.090295
1.090902
1.090295
1.104103
1.109793
1.110400
1.096592
1.104710
1.096592
1.095378
1.103496
1.116698
1.103496
1.096592
1.111007
1.110400
1.109186
1.103496
1.104103
1.082784
1.089688
1.097806
1.109186
1.102889
1.103496
1.089688
1.110400
1.097199
1.096592
1.098413
1.110400
1.109186
1.090902
1.082177
1.089688
1.116090
1.103496
1.098413
1.097199
1.090902
1.082177
1.124208
1.116697
1.104710
1.104103
1.091509
1.096593
1.097806
1.097199
1.076488
1.083999
1.096592
1.104103
1.089082
1.117304
1.090296
1.090295
1.097199
1.104103
1.103496
1.102889
1.110400
1.085212
1.116090
1.095379
1.084605
1.090296
1.097199
1.098413
1.083998
1.095986
1.097199
1.085212
1.104103
1.104710
1.096592
1.089689
1.083391
1.088475
1.096593
1.095986
1.097199
1.103496
1.110400
1.089082
1.102889
1.097199
1.102283
1.098413
1.083998
1.102889
1.120086
