1.090902
1.096592
1.095985
1.084605
1.090902
1.098413
1.116697
1.097806
1.115484
1.123601
1.089688
1.090902
1.102283
1.109793
1.103496
1.096592
1.083391
1.092722
1.097199
1.097199
1.098413
1.097806
1.089688
1.088475
1.097199
1.097806
1.095379
1.097806
1.095985
1.096592
1.117304
1.096592
1.088475
1.090902
1.103496
1.085819
1.095986
1.102889
1.095986
1.102889
1.082784
1.096592
1.082784
1.109186
1.124208
1.102283
1.097199
1.096592
1.103496
1.090902
1.095986
1.097806
1.090902
1.103496
1.095986
1.089082
1.116697
1.090902
1.111007
1.116697
1.097199
1.097806
1.090902
1.116697
1.097199
1.090902
1.109793
1.111007
1.110400
1.095379
1.102283
1.109186
1.089082
1.103496
1.104103
1.090902
1.122387
1.095379
1.090295
1.097199
1.109186
1.101676
1.096592
1.096592
1.102889
1.090902
1.092116
1.076487
1.096592
1.111007
1.102889
1.109793
1.090902
1.103496
1.102889
1.110400
1.104710
1.103496
1.082784
1.096592
1.095985
1.097199
1.102889
1.109793
1.109793
1.111007
1.090295
1.104103
1.104710
1.075881
1.095379
1.104103
1.097806
1.090902
1.104103
1.097806
1.082784
1.102889
1.109793
1.116697
1.090295
1.097806
1.109186
1.104103
1.097199
1.096592
1.102889
1.090295
1.085212
1.097199
1.103496
1.096592
1.103496
1.090902
1.109793
1.102889
1.095986
1.083391
1.097199
1.090902
1.089688
1.090295
1.084605
1.096592
1.103496
1.095986
1.097806
1.096592
1.090295
1.083391
1.096592
1.104710
1.085212
1.110400
1.091509
1.104710
1.091509
1.104103
1.122994
1.104103
1.103496
1.104710
1.110400
1.096592
1.097199
1.095985
1.084605
1.082178
1.095985
1.097806
1.102889
1.084605
1.090902
1.095986
1.098413
1.090902
1.096592
1.110400
1.116697
1.090902
1.104103
1.097806
1.097199
1.104103
1.097199
1.101676
1.102889
1.082784
1.095986
1.104103
1.104103
1.091509
1.109793
1.109793
1.095985
1.089688
1.102283
1.097806
1.103496
1.095986
1.096592
1.102889
1.117304
1.095985
1.089082
1.095986
1.109793
1.109793
1.096592
1.089082
1.102889
1.083998
1.090295
1.095985
1.090902
1.097806
1.083998
1.077094
1.089688
1.090295
1.088475
1.097199
1.095379
1.104103
1.089688
1.092116
1.097199
1.096592
1.090295
1.117911
1.089689
1.082178
1.090902
1.089082
1.090902
1.083391
1.096592
1.095379
1.083998
1.092116
1.096592
1.104103
1.083998
1.084605
1.095985
1.095985
1.089082
1.091509
1.083998
1.102889
1.082784
1.096592
1.104103
1.090295
1.098413
1.097199
1.095985
1.091509
1.089082
1.089082
1.109793
1.082784
1.102889
1.109186
1.085212
1.090295
1.109186
1.089689
1.102889
1.083391
1.102889
1.102889
1.136802
1.116090
1.109793
1.102889
1.097199
1.116697
1.103496
1.104103
1.110400
1.109186
1.097199
1.092116
1.097806
1.097199
1.083998
1.097806
1.097806
1.104103
1.095379
1.110400
1.110400
1.092116
1.122994
1.085212
1.097806
1.097199
1.104103
1.091509
1.103496
1.090295
1.095985
1.096592
1.104103
1.116090
1.090902
1.090295
1.090295
1.097199
1.097806
1.103496
1.102889
1.110400
1.103496
1.089688
1.097199
1.103496
1.089689
1.091509
1.098413
1.085212
1.097199
1.109187
1.096592
1.089689
1.090902
1.110400
1.096592
1.095986
1.082784
1.117304
1.102283
1.101676
1.116697
1.096592
1.083391
1.101118
