1.103496
1.102889
1.102889
1.090295
1.082784
1.077094
1.097806
1.103496
1.097199
1.089688
1.103496
1.097199
1.110400
1.097199
1.102283
1.089082
1.097806
1.109186
1.103496
1.116090
1.097806
1.103496
1.096592
1.083998
1.084605
1.096592
1.102889
1.084605
1.111007
1.104103
1.089688
1.097199
1.104710
1.095379
1.095985
1.103496
1.082785
1.102283
1.104103
1.116697
1.123601
1.116090
1.092116
1.089082
1.103496
1.103496
1.102889
1.111007
1.097199
1.109793
1.089082
1.097199
1.110400
1.097199
1.104103
1.078308
1.109186
1.110400
1.089688
1.097199
1.089688
1.098413
1.103496
1.104103
1.102889
1.109186
1.091509
1.089082
1.083391
1.109793
1.092116
1.104710
1.111614
1.089689
1.079521
1.098413
1.090295
1.103496
1.102889
1.097806
1.116090
1.090902
1.076488
1.083998
1.102889
1.095379
1.083391
1.089689
1.095379
1.096592
1.095986
1.096592
1.103496
1.097806
1.097199
1.089689
1.095986
1.097806
1.089688
1.097806
1.089082
1.089688
1.090902
1.091509
1.117304
1.090902
1.102889
1.102889
1.091509
1.090902
1.103496
1.111007
1.089689
1.104710
1.097806
1.082784
1.085212
1.084605
1.097806
1.090295
1.090902
1.097199
1.110400
1.096592
1.074667
1.089689
1.097806
1.089082
1.109793
1.103496
1.089688
1.090902
1.102889
1.109186
1.104103
1.084605
1.109186
1.083391
1.097199
1.097199
1.109793
1.096592
1.109793
1.084605
1.123601
1.104103
1.096592
1.090295
1.082178
1.103496
1.097806
1.096592
1.108580
1.095986
1.096592
1.097199
1.096592
1.103496
1.102889
1.102283
1.102889
1.090295
1.102889
1.103496
1.097806
1.097199
1.116697
1.090295
1.090902
1.103496
1.097806
1.102889
1.091509
1.090295
1.109793
1.123601
1.104710
1.104103
1.097199
1.103496
1.103496
1.104103
1.109793
1.095985
1.110400
1.102889
1.092116
1.097806
1.089689
1.083391
1.097199
1.096592
1.110400
1.109186
1.111007
1.091509
1.096592
1.117304
1.103496
1.122994
1.096592
1.109186
1.102889
1.089688
1.123601
1.083998
1.111007
1.083998
1.090902
1.090295
1.096592
1.083391
1.090295
1.103496
1.104103
1.116697
1.088475
1.095985
1.083391
1.082784
1.092116
1.089082
1.097199
1.110400
1.110400
1.102889
1.089082
1.090295
1.110400
1.083391
1.104710
1.089688
1.084605
1.083391
1.096592
1.083391
1.083998
1.090295
1.096592
1.084605
1.097806
1.090295
1.103496
1.090902
1.102889
1.104103
1.102283
1.089688
1.104103
1.110400
1.089688
1.109793
1.102283
1.110400
1.110400
1.097806
1.084605
1.090295
1.102889
1.095986
1.102889
1.089688
1.090902
1.096592
1.091509
1.091509
1.089082
1.097806
1.110400
1.096592
1.110400
1.102283
1.104710
1.097806
1.109793
1.089688
1.095985
1.103496
1.109793
1.102889
1.097199
1.111007
1.097199
1.103496
1.102889
1.089688
1.109186
1.090295
1.109793
1.083391
1.097806
1.102283
1.090902
1.122387
1.110400
1.089688
1.084605
1.097199
1.097806
1.083391
1.095985
1.110400
1.097199
1.089689
1.103496
1.109793
1.096592
1.102283
1.090295
1.103496
1.111007
1.095986
1.096592
1.082784
1.103496
1.097806
1.104103
1.109793
1.097199
1.095985
1.117304
1.102889
1.109793
1.092116
1.104103
1.091509
1.096592
1.103496
1.090295
1.083391
1.097199
1.095379
1.102889
1.077094
1.083998
1.075881
1.095985
1.076083
