1.095985
1.084605
1.096592
1.083998
1.110400
1.103496
1.084605
1.097199
1.083998
1.090902
1.083391
1.104103
1.097806
1.102889
1.091509
1.097199
1.111007
1.102889
1.102889
1.103496
1.109793
1.097806
1.097806
1.103496
1.116697
1.091509
1.109186
1.103496
1.098413
1.091509
1.077094
1.102283
1.096592
1.095986
1.084605
1.103496
1.095985
1.089689
1.087868
1.104710
1.096592
1.104710
1.085212
1.089688
1.104103
1.089688
1.103496
1.116090
1.096592
1.096592
1.083391
1.089082
1.084605
1.102889
1.103496
1.109793
1.089688
1.083998
1.090902
1.103496
1.097806
1.090902
1.091509
1.109793
1.089688
1.095986
1.096592
1.095985
1.102283
1.097199
1.095985
1.097806
1.089688
1.097806
1.089082
1.103496
1.103496
1.091509
1.095379
1.102889
1.096592
1.102889
1.110400
1.116090
1.102889
1.095985
1.084605
1.096592
1.104103
1.103496
1.109793
1.084605
1.103496
1.083998
1.084605
1.089082
1.103496
1.103496
1.097806
1.109186
1.083391
1.110400
1.097199
1.097199
1.117304
1.111007
1.097806
1.091509
1.109186
1.089082
1.095986
1.089688
1.103496
1.094772
1.111007
1.082178
1.091509
1.083391
1.095985
1.091509
1.097806
1.085819
1.089689
1.110400
1.082784
1.103496
1.110400
1.102889
1.090902
1.102283
1.102889
1.097199
1.091509
1.122994
1.091509
1.097806
1.096592
1.091509
1.096592
1.096592
1.104103
1.104710
1.097806
1.102889
1.102283
1.090902
1.097199
1.091509
1.104710
1.090295
1.095986
1.097199
1.089688
1.098413
1.102889
1.110400
1.111007
1.110400
1.103496
1.089082
1.123601
1.103496
1.084605
1.097199
1.097806
1.111614
1.111614
1.095986
1.097199
1.090295
1.103496
1.097199
1.089082
1.095379
1.090295
1.102890
1.110400
1.096592
1.102889
1.097199
1.103496
1.076488
1.091509
1.097199
1.103496
1.090902
1.104710
1.099020
1.129898
1.096592
1.102889
1.096592
1.103496
1.095986
1.095986
1.110400
1.094772
1.104103
1.082785
1.109187
1.092116
1.097806
1.110400
1.090902
1.083998
1.090295
1.089082
1.083391
1.082785
1.097199
1.109187
1.109793
1.109187
1.089689
1.097199
1.104710
1.090902
1.083391
1.077094
1.083998
1.110400
1.097806
1.110400
1.116697
1.084605
1.089082
1.089689
1.102889
1.123601
1.089689
1.095986
1.103496
1.117304
1.091509
1.109793
1.083998
1.090295
1.090295
1.096592
1.103496
1.103496
1.085212
1.082178
1.111007
1.123601
1.090295
1.097199
1.109187
1.094772
1.102890
1.122994
1.103496
1.090902
1.083391
1.111007
1.097199
1.096592
1.080964
1.097806
1.082785
1.091509
1.116697
1.095986
1.081571
1.097806
1.097199
1.109793
1.122994
1.116697
1.098413
1.089082
1.097199
1.095986
1.102889
1.104710
1.095986
1.102283
1.096593
1.109793
1.096592
1.091509
1.089689
1.097806
1.103496
1.090902
1.082178
1.091509
1.102890
1.083391
1.082785
1.103496
1.109186
1.117304
1.090902
1.096592
1.103496
1.104103
1.103496
1.096592
1.097199
1.116091
1.098413
1.096592
1.102889
1.090902
1.088475
1.095986
1.101676
1.102889
1.103496
1.090902
1.097199
1.082785
1.097199
1.109793
1.090295
1.090295
1.104103
1.089689
1.109793
1.097806
1.095986
1.122388
1.077701
1.102889
1.090295
1.096592
1.095986
1.110400
1.098413
1.109793
1.097806
1.117304
1.103496
1.097199
1.088475
1.083391
1.101119
