1.089244
1.005074
1.034336
1.245195
1.188874
1.090588
1.315814
1.063484
1.095738
1.174987
1.103323
0.976479
1.255128
1.016950
1.042116
1.077051
1.311631
1.291718
1.351500
1.224053
1.158094
1.071592
1.218812
1.124027
0.973811
1.443951
1.179250
1.395626
1.198185
1.130034
1.185324
1.078666
1.261681
1.107209
1.143368
1.394354
1.173281
1.317822
1.106081
1.092397
1.002345
1.165091
1.144956
1.145324
1.103570
1.047953
1.222741
1.209903
1.142431
1.086207
1.091840
1.199012
1.096784
1.137635
1.127819
1.099642
1.133879
1.186451
1.070544
1.154500
1.071783
1.066643
1.030418
1.242074
1.037162
1.040543
1.101101
1.279281
1.173945
1.082058
1.083245
1.092324
0.995946
1.089678
1.234021
1.107484
1.486984
1.082147
1.173923
1.136489
1.191088
1.200611
1.084102
1.020240
1.119447
1.047434
1.096905
1.075463
0.969152
1.108675
1.559639
1.136589
0.977961
1.282231
1.188164
1.167268
1.038221
1.257900
1.211824
1.326049
1.456951
1.328124
0.996227
1.132220
1.071281
1.109569
1.089164
1.089770
1.244051
1.271932
1.052462
1.155319
1.161528
1.115605
1.096621
1.114484
1.100496
1.090609
1.078460
0.973324
1.065899
1.144990
1.147720
1.066713
1.172308
1.281246
1.154760
1.131947
1.120704
1.181687
1.071096
1.098226
1.087717
1.048719
1.103756
1.111641
1.182830
1.382015
1.157041
1.198789
1.115606
1.047801
1.109496
1.328954
1.345666
1.125700
1.324414
1.199319
1.086023
1.320628
1.229595
1.345443
1.258011
1.159841
1.090775
1.180752
1.106337
1.128595
1.102725
1.135024
1.161670
1.100721
1.094176
1.090643
1.163404
1.257960
1.183017
1.060600
1.091298
1.156589
1.210299
1.092379
1.110706
1.172628
1.105915
1.077844
1.113223
1.092358
1.164879
1.122265
1.098476
1.107366
1.099862
1.217598
1.068352
1.090415
1.121866
1.132913
1.156868
1.166410
1.199729
1.152104
1.131616
1.090050
1.086580
1.095714
1.187720
1.157357
1.168463
1.107847
1.070965
1.127529
1.066701
1.098950
1.232082
1.066589
1.076844
1.264469
1.308960
1.067836
1.063204
1.130915
1.156667
1.151949
1.147806
1.103049
1.108922
1.152916
1.126101
1.187579
1.086268
1.094847
1.008056
1.200013
1.491232
1.169930
1.277755
1.090234
1.094136
1.069439
1.062712
1.178066
1.267056
1.168626
1.034138
1.282895
1.102177
1.211190
1.068058
1.174532
1.194696
1.079144
1.078443
0.989533
1.226146
1.252609
1.275519
1.319424
1.204409
1.153179
1.088998
1.097099
1.119428
1.134350
1.277771
1.116262
1.173502
1.095247
1.128854
1.189209
1.097329
1.058787
1.047340
1.332342
1.031988
1.082092
1.166128
1.071793
1.242271
1.136114
1.156375
1.119300
1.078298
1.113444
1.032170
1.223427
1.245457
1.344692
1.339323
1.076808
1.091953
1.160540
1.111670
1.137316
1.102730
1.035266
1.351408
1.350169
1.224608
0.979245
1.178326
1.091459
1.091338
1.098918
1.049550
1.230956
1.105134
1.282193
1.167330
1.144287
1.069782
1.096190
1.106763
1.041908
1.242846
1.263879
1.048481
1.177341
0.990988
1.145419
1.057512
1.137460
0.907590
1.255294
1.280103
1.047536
1.161713
1.166169
1.093707
1.094830
1.119784
1.071130
1.097132
1.029917
1.256658
1.083331
1.108030
1.004099
1.209996
1.223315
1.160433
1.095676
1.085785
1.092912
1.098100
1.122770
1.155136
1.192188
