1.082178
1.096593
1.109793
1.103496
1.098413
1.110400
1.096593
1.089082
1.103496
1.102889
1.095379
1.090902
1.095379
1.096592
1.090902
1.077094
1.096593
1.089082
1.097199
1.116697
1.101676
1.102889
1.111007
1.110400
1.102283
1.095986
1.104103
1.095986
1.110400
1.117304
1.116091
1.109793
1.102889
1.109793
1.082178
1.089689
1.103496
1.104710
1.103496
1.097806
1.116697
1.097806
1.082785
1.090295
1.083998
1.089689
1.090902
1.090295
1.097199
1.109793
1.096592
1.090295
1.095986
1.085212
1.096592
1.104103
1.117911
1.090902
1.109186
1.102283
1.109793
1.096592
1.097199
1.097806
1.089689
1.096592
1.097199
1.123601
1.097199
1.096592
1.096592
1.116697
1.103496
1.084605
1.103496
1.104103
1.096592
1.090902
1.090295
1.109793
1.083998
1.103496
1.096592
1.095986
1.097806
1.097806
1.083998
1.096592
1.104103
1.111614
1.110400
1.090295
1.102283
1.102283
1.104103
1.096592
1.116090
1.088475
1.102890
1.083391
1.090902
1.089689
1.090902
1.096592
1.104103
1.104103
1.089082
1.090902
1.096592
1.103496
1.092723
1.108580
1.098413
1.081571
1.096592
1.095986
1.098413
1.103496
1.097199
1.103496
1.082178
1.090902
1.104710
1.082785
1.089082
1.110400
1.111007
1.097806
1.095379
1.090902
1.090295
1.103496
1.102890
1.102890
1.083391
1.090295
1.110400
1.090902
1.089689
1.090902
1.077094
1.084605
1.095986
1.101676
1.116091
1.096592
1.098413
1.102890
1.091509
1.095986
1.116091
1.076488
1.096592
1.103496
1.098413
1.104103
1.109793
1.103496
1.103496
1.096592
1.096592
1.098413
1.097806
1.084605
1.084605
1.097806
1.102283
1.110400
1.103496
1.104103
1.102889
1.090902
1.090295
1.099020
1.077701
1.088475
1.095986
1.083391
1.097199
1.103496
1.104710
1.116091
1.110400
1.098413
1.097199
1.095986
1.090295
1.089689
1.109187
1.103496
1.097806
1.104103
1.089688
1.095986
1.115484
1.103496
1.102283
1.116697
1.102283
1.096592
1.083391
1.117304
1.082785
1.097806
1.111007
1.103496
1.102283
1.090902
1.084605
1.097199
1.083998
1.097199
1.089082
1.109793
1.084605
1.083391
1.097199
1.103496
1.103496
1.097199
1.103496
1.116697
1.103496
1.078308
1.105317
1.095379
1.102889
1.091509
1.109187
1.097199
1.092116
1.104103
1.104103
1.090902
1.082785
1.096592
1.117304
1.097806
1.104710
1.097806
1.083391
1.095986
1.084605
1.103496
1.109187
1.090902
1.095986
1.104103
1.096592
1.097199
1.123601
1.103496
1.104103
1.103496
1.090902
1.095986
1.082178
1.096592
1.116697
1.096592
1.090295
1.097199
1.085819
1.082785
1.085212
1.089082
1.116090
1.089689
1.102890
1.116697
1.095986
1.098413
1.089689
1.102889
1.102890
1.099020
1.123601
1.104710
1.089082
1.083998
1.090295
1.097199
1.117304
1.089689
1.110400
1.109793
1.095986
1.083391
1.102890
1.103496
1.096592
1.102890
1.095986
1.090902
1.104103
1.097199
1.096592
1.122994
1.076488
1.090902
1.089689
1.103496
1.110400
1.097199
1.097199
1.097806
1.091509
1.103496
1.102890
1.090295
1.124208
1.095379
1.083998
1.090902
1.117911
1.095379
1.090295
1.095379
1.090295
1.090295
1.090295
1.110400
1.089082
1.091509
1.103496
1.096592
1.104103
1.111007
1.082785
1.090902
1.103496
1.096592
1.083391
1.078308
1.109793
1.090295
1.083391
1.097073
