1.110400
1.090902
1.104103
1.090902
1.090902
1.083391
1.104103
1.084605
1.104103
1.090902
1.098413
1.104103
1.109187
1.097199
1.110400
1.102890
1.102889
1.092116
1.090295
1.078308
1.102889
1.103496
1.102890
1.097199
1.095379
1.104710
1.102283
1.095986
1.083998
1.098413
1.109793
1.116697
1.103496
1.097199
1.103496
1.109187
1.089689
1.111007
1.102283
1.084605
1.095379
1.091509
1.097806
1.102889
1.097199
1.110400
1.097199
1.096592
1.096592
1.096592
1.109793
1.116697
1.082178
1.095379
1.116697
1.090902
1.104103
1.088475
1.095379
1.083391
1.109187
1.090295
1.097199
1.103496
1.102889
1.104103
1.085212
1.104103
1.082178
1.097199
1.089689
1.102890
1.116697
1.096592
1.116697
1.103496
1.116090
1.097199
1.090902
1.097806
1.089689
1.084605
1.090902
1.098413
1.109187
1.109793
1.102890
1.110400
1.082785
1.090902
1.102889
1.078308
1.082785
1.095986
1.102283
1.089689
1.091509
1.095379
1.090295
1.109187
1.082178
1.090295
1.089082
1.116697
1.076488
1.102890
1.102283
1.097806
1.096592
1.110400
1.103496
1.095986
1.097199
1.103496
1.095986
1.097806
1.111007
1.108580
1.103496
1.091509
1.083998
1.122994
1.115484
1.091509
1.102889
1.110400
1.116697
1.116090
1.083998
1.097199
1.104103
1.098413
1.083391
1.090295
1.095986
1.090295
1.090902
1.097199
1.083391
1.097806
1.102889
1.110400
1.085819
1.091509
1.116091
1.097806
1.092723
1.103496
1.103496
1.123601
1.103496
1.096592
1.090902
1.103496
1.097806
1.097806
1.089082
1.089082
1.116091
1.084605
1.089689
1.090902
1.083998
1.109793
1.083391
1.105317
1.090295
1.091509
1.083998
1.109793
1.075881
1.104103
1.102890
1.089082
1.102283
1.089689
1.097806
1.117304
1.103496
1.082178
1.092116
1.083998
1.110400
1.090902
1.083391
1.103496
1.109793
1.097199
1.116090
1.103496
1.082785
1.090295
1.104710
1.088475
1.097199
1.109793
1.095986
1.097199
1.096592
1.103496
1.109187
1.095986
1.097806
1.097806
1.117911
1.096592
1.091509
1.097199
1.090295
1.109793
1.077094
1.090902
1.090902
1.097199
1.082178
1.096592
1.110400
1.102889
1.110400
1.109187
1.116697
1.129291
1.096592
1.083998
1.104103
1.090902
1.109793
1.085212
1.097806
1.095986
1.116697
1.096592
1.103496
1.098413
1.103496
1.097806
1.096592
1.089689
1.097199
1.082178
1.090295
1.082785
1.089689
1.090295
1.085212
1.097806
1.090295
1.097806
1.104103
1.103496
1.089082
1.096592
1.083391
1.090902
1.095986
1.102889
1.090295
1.103496
1.109793
1.089082
1.110400
1.103496
1.102283
1.116090
1.097806
1.097806
1.109793
1.095379
1.111007
1.109793
1.104710
1.109187
1.090295
1.097199
1.097199
1.109793
1.088475
1.090295
1.103496
1.082178
1.097199
1.096593
1.096592
1.095379
1.117304
1.104710
1.102889
1.091509
1.103496
1.091509
1.117911
1.104103
1.116697
1.104103
1.103496
1.090902
1.083998
1.111007
1.094772
1.089689
1.090295
1.096592
1.077094
1.090295
1.110400
1.096592
1.104103
1.104103
1.104103
1.103496
1.084605
1.104103
1.095379
1.082785
1.082785
1.097199
1.103496
1.089689
1.096592
1.115484
1.096592
1.102889
1.097199
1.089689
1.090902
1.103496
1.096592
1.097199
1.089689
1.090902
1.097199
1.082785
1.097199
1.103496
1.090902
1.097199
1.089689
1.076083
