1.089082
1.082785
1.083391
1.088475
1.109793
1.102889
1.098413
1.096592
1.129898
1.090295
1.110400
1.097806
1.116697
1.090902
1.103496
1.116697
1.090902
1.090295
1.090902
1.104710
1.098413
1.098413
1.104710
1.089082
1.103496
1.090902
1.103496
1.091509
1.097199
1.096592
1.109186
1.096592
1.083391
1.096592
1.095986
1.108580
1.097806
1.103496
1.091509
1.096592
1.109793
1.083998
1.095985
1.089688
1.103496
1.103496
1.109793
1.110400
1.082784
1.109793
1.104103
1.116697
1.090902
1.083391
1.095379
1.096592
1.104710
1.102889
1.090902
1.090902
1.104710
1.104103
1.090295
1.095986
1.116697
1.090295
1.104103
1.116697
1.090902
1.102283
1.108580
1.089082
1.090902
1.101676
1.090295
1.095986
1.095379
1.104103
1.089082
1.090295
1.102283
1.089688
1.110400
1.085212
1.102889
1.097199
1.090902
1.103496
1.097199
1.109793
1.084605
1.088475
1.097199
1.090902
1.096592
1.090295
1.090902
1.087868
1.110400
1.102889
1.102283
1.109186
1.097806
1.097806
1.090902
1.104103
1.105317
1.089082
1.097199
1.085212
1.097199
1.097806
1.092115
1.096592
1.109186
1.109793
1.097806
1.084605
1.097806
1.095985
1.090902
1.092722
1.095379
1.102889
1.090295
1.103496
1.096592
1.109793
1.096592
1.082784
1.097199
1.089688
1.097806
1.084605
1.103496
1.088475
1.090295
1.116090
1.099019
1.109793
1.102889
1.097199
1.109186
1.109793
1.109187
1.102889
1.109793
1.097806
1.092116
1.097806
1.103496
1.095986
1.091509
1.096592
1.109793
1.109793
1.097199
1.116697
1.102283
1.083391
1.089689
1.089689
1.116090
1.090295
1.090902
1.083998
1.102889
1.102889
1.095986
1.095379
1.116697
1.095379
1.103496
1.109793
1.096592
1.090295
1.074667
1.089082
1.095986
1.090295
1.090295
1.082785
1.103496
1.111007
1.095985
1.096592
1.084605
1.089689
1.110400
1.090902
1.090902
1.111007
1.111007
1.103496
1.096592
1.096592
1.096592
1.091509
1.083391
1.090902
1.110400
1.078915
1.097806
1.116697
1.082785
1.083391
1.097199
1.103496
1.083391
1.077701
1.096592
1.103496
1.095986
1.075274
1.097806
1.103496
1.103496
1.095986
1.095986
1.097806
1.102283
1.095986
1.095379
1.102889
1.104710
1.090902
1.083391
1.089689
1.103496
1.097199
1.077094
1.077701
1.090902
1.109793
1.098413
1.096592
1.103496
1.084605
1.090902
1.102889
1.097199
1.098413
1.082178
1.095379
1.090902
1.091509
1.111007
1.111007
1.097199
1.116090
1.090902
1.089082
1.111007
1.104103
1.090902
1.097199
1.090295
1.095986
1.089689
1.083998
1.097199
1.083391
1.089689
1.090902
1.095986
1.095986
1.096592
1.097199
1.109793
1.089688
1.096593
1.109793
1.103496
1.109187
1.109793
1.090902
1.095986
1.083998
1.090902
1.102283
1.102283
1.110400
1.116091
1.117911
1.105317
1.105317
1.096592
1.109187
1.110400
1.110400
1.097806
1.103496
1.110400
1.089689
1.088475
1.109793
1.102283
1.102889
1.123601
1.109793
1.104103
1.116697
1.083998
1.103496
1.097806
1.105317
1.095986
1.111007
1.097199
1.077701
1.109793
1.111007
1.104103
1.090902
1.089082
1.084605
1.102889
1.095986
1.097199
1.129898
1.098413
1.110400
1.097806
1.104103
1.104103
1.111007
1.089689
1.096592
1.085212
1.096592
1.097199
1.088475
1.085819
1.110400
1.116090
1.089689
1.090902
1.078106
