1.089688
1.082785
1.104710
1.090902
1.104710
1.083391
1.097806
1.117304
1.096592
1.129291
1.103496
1.096592
1.089082
1.103496
1.115484
1.097199
1.090295
1.091509
1.098413
1.089082
1.103496
1.096592
1.096592
1.097199
1.109793
1.096592
1.096592
1.090295
1.122994
1.098413
1.083998
1.110400
1.103496
1.090295
1.116090
1.109186
1.088475
1.090295
1.102283
1.082785
1.110400
1.083391
1.090295
1.096592
1.102283
1.089688
1.102889
1.102889
1.104103
1.109186
1.097806
1.084605
1.109793
1.102889
1.109793
1.096592
1.105317
1.090295
1.090902
1.097806
1.097199
1.095986
1.090902
1.097199
1.136195
1.090295
1.097199
1.091509
1.083998
1.089082
1.097806
1.090902
1.097806
1.104103
1.116090
1.102889
1.096592
1.103496
1.109186
1.109186
1.096592
1.090902
1.092116
1.077094
1.102283
1.089082
1.102283
1.089689
1.116090
1.096592
1.090295
1.089082
1.095986
1.089688
1.090902
1.111007
1.098413
1.109793
1.111614
1.097806
1.089689
1.095379
1.089689
1.110400
1.091509
1.090295
1.102283
1.089689
1.083998
1.104103
1.096592
1.089689
1.103496
1.103496
1.089689
1.083998
1.115484
1.089082
1.089082
1.090295
1.092116
1.096592
1.103496
1.083998
1.102889
1.109793
1.103496
1.098413
1.111007
1.083998
1.095986
1.084605
1.095986
1.090902
1.088475
1.077701
1.117304
1.077701
1.096592
1.091509
1.096592
1.084605
1.097806
1.103496
1.116697
1.116090
1.089082
1.109793
1.097199
1.104103
1.091509
1.103496
1.091509
1.097199
1.111007
1.096592
1.095985
1.082178
1.097199
1.091509
1.089688
1.104103
1.089082
1.096592
1.090902
1.097806
1.081571
1.102283
1.097806
1.097199
1.103496
1.095986
1.116090
1.102889
1.103496
1.090295
1.095985
1.095379
1.096592
1.095986
1.097199
1.122994
1.090902
1.088475
1.096592
1.084605
1.103496
1.094772
1.097199
1.090902
1.091509
1.110400
1.097199
1.091509
1.110400
1.096592
1.082785
1.096592
1.104710
1.088475
1.083391
1.097199
1.090902
1.109793
1.103496
1.097199
1.098413
1.097199
1.090902
1.111007
1.097199
1.089688
1.102889
1.096592
1.105317
1.103496
1.090902
1.097199
1.111007
1.090902
1.111007
1.090295
1.097199
1.090902
1.083391
1.089689
1.104710
1.095986
1.104103
1.090295
1.104710
1.116090
1.089689
1.090295
1.116697
1.116090
1.102889
1.104103
1.104103
1.091509
1.095986
1.102889
1.102283
1.096592
1.096592
1.104103
1.097199
1.095986
1.101676
1.096592
1.091509
1.096592
1.097806
1.096592
1.091509
1.103496
1.097806
1.097199
1.111614
1.083998
1.116090
1.109793
1.109793
1.095986
1.102283
1.122994
1.084605
1.102283
1.109793
1.089689
1.104103
1.103496
1.097199
1.096592
1.103496
1.102889
1.109793
1.109793
1.089689
1.116090
1.090295
1.097199
1.095986
1.110400
1.103496
1.110400
1.090295
1.090902
1.097199
1.109793
1.090902
1.077701
1.103496
1.102889
1.102889
1.103496
1.090902
1.104710
1.096592
1.102889
1.111007
1.090902
1.116090
1.085212
1.096592
1.103496
1.090902
1.082178
1.097199
1.097199
1.104103
1.095986
1.089689
1.095986
1.096592
1.096592
1.109186
1.104710
1.109793
1.104710
1.109793
1.089689
1.110400
1.104103
1.078915
1.083391
1.082785
1.104103
1.083998
1.090902
1.098413
1.103496
1.097806
1.103496
1.090295
1.082785
1.077094
1.099096
