1.109186
1.117304
1.083998
1.103496
1.090295
1.083998
1.075274
1.116697
1.110400
1.089688
1.090902
1.083391
1.097199
1.116697
1.102889
1.097806
1.110400
1.102283
1.089688
1.102889
1.102283
1.097806
1.104103
1.116090
1.091509
1.110400
1.097199
1.104710
1.104103
1.082785
1.083998
1.083998
1.095986
1.078915
1.096592
1.090902
1.096592
1.097199
1.109793
1.104103
1.116697
1.116090
1.077094
1.097199
1.091509
1.103496
1.090295
1.090902
1.096592
1.075881
1.097806
1.090295
1.090902
1.090295
1.090902
1.091509
1.083998
1.089082
1.104710
1.104710
1.090295
1.103496
1.096592
1.090295
1.090295
1.090902
1.095379
1.111007
1.104710
1.098413
1.103496
1.096592
1.089689
1.097806
1.082785
1.097199
1.095379
1.091509
1.089689
1.090295
1.109793
1.109793
1.083998
1.116090
1.084605
1.090295
1.077701
1.097806
1.078308
1.103496
1.089689
1.097199
1.097199
1.095986
1.103496
1.116697
1.090295
1.102889
1.090902
1.105317
1.102889
1.102283
1.095986
1.097199
1.102889
1.097806
1.110400
1.102889
1.095986
1.109793
1.089082
1.097199
1.116697
1.089082
1.095986
1.085212
1.091509
1.090295
1.096592
1.089688
1.096592
1.090902
1.097806
1.110400
1.104710
1.096592
1.103496
1.088475
1.102283
1.096592
1.097199
1.111007
1.115484
1.076488
1.110400
1.097199
1.095986
1.095986
1.097199
1.103496
1.104103
1.104710
1.089688
1.102283
1.091509
1.097806
1.095379
1.090295
1.098413
1.089082
1.109186
1.104103
1.103496
1.095986
1.083998
1.116697
1.096592
1.095986
1.102283
1.095986
1.098413
1.097199
1.104103
1.090295
1.083998
1.103496
1.097199
1.082785
1.077701
1.097806
1.108580
1.102889
1.102283
1.104103
1.095985
1.090295
1.103496
1.103496
1.090295
1.081571
1.124208
1.104103
1.096592
1.091509
1.103496
1.095986
1.082785
1.096592
1.102889
1.091509
1.078308
1.109793
1.077701
1.089689
1.103496
1.103496
1.097199
1.109793
1.090295
1.090902
1.104103
1.084605
1.097199
1.089689
1.096592
1.104103
1.090295
1.104103
1.097199
1.104103
1.109793
1.116090
1.089689
1.097199
1.095379
1.090295
1.102889
1.117911
1.104103
1.129291
1.103496
1.095986
1.085212
1.090295
1.102889
1.082785
1.083998
1.122994
1.109793
1.097199
1.095986
1.090902
1.091509
1.104103
1.096592
1.117304
1.111007
1.096592
1.104103
1.104103
1.104103
1.096592
1.090295
1.095986
1.096592
1.110400
1.089689
1.089689
1.096592
1.103496
1.083391
1.104710
1.102889
1.111007
1.102283
1.097199
1.103496
1.116697
1.095985
1.096592
1.097806
1.090902
1.110400
1.090902
1.103496
1.104103
1.117911
1.096592
1.111007
1.090295
1.109186
1.109793
1.090295
1.099020
1.104710
1.109793
1.089689
1.109186
1.096592
1.083391
1.102283
1.111007
1.090902
1.102889
1.116090
1.109793
1.089082
1.110400
1.111007
1.095986
1.102889
1.102889
1.083391
1.090902
1.083391
1.103496
1.090295
1.091509
1.102889
1.090295
1.096592
1.091509
1.102889
1.096592
1.109186
1.095986
1.097199
1.082785
1.102889
1.109186
1.083391
1.095986
1.103496
1.089688
1.104103
1.110400
1.104710
1.097199
1.089689
1.104103
1.110400
1.096592
1.116090
1.083391
1.090295
1.091509
1.109793
1.089082
1.095986
1.102889
1.091509
1.083391
1.090295
1.116090
1.122994
1.076488
1.104103
1.076083
