1.115484
1.111007
1.091509
1.110400
1.090902
1.096592
1.089688
1.095986
1.097806
1.076488
1.097806
1.111007
1.090902
1.104103
1.109793
1.117304
1.090902
1.077701
1.090902
1.090902
1.097199
1.102889
1.096592
1.109793
1.110400
1.116090
1.089689
1.083998
1.095986
1.090295
1.088475
1.102889
1.088475
1.096592
1.097806
1.097199
1.082785
1.083391
1.096592
1.097199
1.090902
1.110400
1.104103
1.095379
1.078915
1.096592
1.104103
1.095986
1.090295
1.097806
1.096592
1.110400
1.097806
1.090295
1.104103
1.097199
1.101676
1.092116
1.111007
1.097806
1.098413
1.088475
1.103496
1.089688
1.116697
1.082785
1.097199
1.103496
1.104710
1.109793
1.097199
1.109186
1.082178
1.097199
1.122994
1.090295
1.102889
1.102889
1.084605
1.089689
1.110400
1.111007
1.102283
1.090902
1.095986
1.096592
1.095379
1.110400
1.095986
1.090295
1.103496
1.097199
1.090902
1.102283
1.104103
1.104103
1.083391
1.090902
1.090295
1.083391
1.089688
1.097199
1.090295
1.084605
1.116090
1.097199
1.103496
1.095379
1.091509
1.096592
1.089082
1.091509
1.102889
1.109186
1.091509
1.103496
1.104103
1.102283
1.102889
1.097806
1.090295
1.117304
1.115484
1.097806
1.077701
1.109793
1.109793
1.102889
1.089082
1.096592
1.102889
1.091509
1.096592
1.103496
1.077701
1.116697
1.095379
1.109793
1.083391
1.097199
1.083391
1.089688
1.089688
1.099020
1.109793
1.109793
1.111007
1.096592
1.095986
1.096592
1.108580
1.097199
1.092723
1.096592
1.109793
1.096592
1.096592
1.097806
1.090902
1.090902
1.083391
1.091509
1.111007
1.095986
1.116697
1.102283
1.103496
1.109793
1.116697
1.083391
1.102889
1.095986
1.103496
1.116697
1.102889
1.090902
1.083391
1.097806
1.089689
1.090902
1.117304
1.096592
1.096592
1.090295
1.090295
1.091509
1.097199
1.117911
1.089689
1.090295
1.102889
1.097199
1.090902
1.116090
1.085212
1.089082
1.082785
1.102889
1.117911
1.097806
1.129898
1.095379
1.096592
1.092116
1.103496
1.096592
1.097199
1.111007
1.092116
1.088475
1.096592
1.089082
1.116697
1.104103
1.092116
1.091509
1.102889
1.109186
1.109793
1.083998
1.117911
1.085212
1.102283
1.083998
1.098413
1.109186
1.123601
1.102283
1.090902
1.095986
1.096592
1.098413
1.104103
1.116697
1.095986
1.083391
1.090295
1.103496
1.083998
1.090902
1.103496
1.116090
1.082785
1.110400
1.089082
1.096592
1.097806
1.111007
1.097199
1.103496
1.077094
1.109793
1.082178
1.091509
1.111007
1.109793
1.090295
1.089688
1.097199
1.116090
1.082178
1.082785
1.082785
1.109793
1.097806
1.090295
1.104710
1.122387
1.104710
1.110400
1.083391
1.096592
1.096592
1.090902
1.098413
1.084605
1.090295
1.084605
1.101676
1.089688
1.109793
1.097806
1.117304
1.091509
1.094772
1.102889
1.090295
1.083391
1.097199
1.097199
1.109793
1.124208
1.117304
1.102889
1.110400
1.090295
1.089689
1.090902
1.083391
1.084605
1.095379
1.096592
1.109186
1.096592
1.082785
1.104103
1.090295
1.090295
1.109793
1.090295
1.077094
1.097199
1.097199
1.089689
1.077701
1.096592
1.096592
1.103496
1.095986
1.110400
1.083391
1.111614
1.090295
1.095986
1.090902
1.103496
1.123601
1.095379
1.109793
1.109793
1.102889
1.103496
1.083998
1.098413
1.075881
1.117304
1.089082
1.122109
