1.090295
1.090295
1.088475
1.078308
1.089082
1.104710
1.104103
1.110400
1.094772
1.097806
1.095986
1.104103
1.082178
1.097199
1.090902
1.122387
1.089689
1.090295
1.089688
1.090902
1.110400
1.117304
1.129898
0.885043
1.095986
1.089689
1.097806
1.095986
1.104103
1.083998
1.104710
1.090295
1.091509
1.102889
1.102889
1.085212
1.097806
1.084605
1.122994
1.097199
1.090295
1.097806
1.096592
1.111007
1.097806
1.090902
1.090295
1.097199
1.083998
1.095986
1.096592
1.084605
1.097806
1.083391
1.122994
1.103496
1.083998
1.095986
1.096592
1.104103
1.096592
1.082785
1.091509
1.096592
1.104103
1.109793
1.095986
1.096592
1.123601
1.116697
1.091509
1.095379
1.095379
1.116090
1.096592
1.102283
1.109186
1.089689
1.111007
1.085819
1.096592
1.104103
1.102889
1.090902
1.102283
1.105317
1.083391
1.089082
1.097199
1.110400
1.091509
1.102889
1.097806
1.116090
1.103496
1.083998
1.089689
1.089689
1.096592
1.097806
1.089688
1.122994
1.091509
1.090902
1.110400
1.082785
1.097199
1.097199
1.097199
1.089688
1.095986
1.095379
1.095379
1.097806
1.103496
1.097199
1.097199
1.110400
1.122994
1.096592
1.083998
1.083391
1.097806
1.102283
1.083391
1.104103
1.104103
1.090295
1.090902
1.082785
1.109793
1.102283
1.122994
1.109793
1.117304
1.098413
1.104103
1.102283
1.090902
1.115484
1.095985
1.090295
1.083998
1.083391
1.109187
1.089082
1.084605
1.102889
1.089688
1.097806
1.098413
1.090295
1.090295
1.083998
1.102283
1.089689
1.097199
1.097199
1.097199
1.103496
1.116090
1.109793
1.083391
1.104103
1.098413
1.090295
1.090902
1.097806
1.089082
1.102889
1.109186
1.102283
1.097199
1.083998
1.102889
1.109793
1.090295
1.104103
1.104710
1.097806
1.109793
1.104103
1.095379
1.091509
1.096592
1.102889
1.103496
1.095986
1.110400
1.090902
1.096592
1.111007
1.101676
1.090295
1.105317
1.109186
1.090902
1.077701
1.102889
1.098413
1.110400
1.095985
1.103496
1.103496
1.090902
1.083391
1.082785
1.095986
1.089689
1.102889
1.082178
1.090295
1.095986
1.102283
1.095986
1.110400
1.109186
1.111614
1.109793
1.090295
1.097199
1.097199
1.089688
1.078308
1.090295
1.098413
1.116697
1.104103
1.082178
1.101676
1.096592
1.117304
1.083391
1.104103
1.116697
1.097806
1.103496
1.091509
1.096592
1.110400
1.109793
1.111007
1.109793
1.089688
1.089689
1.102889
1.110400
1.116697
1.103496
1.116697
1.089688
1.097199
1.090295
1.097199
1.098413
1.097199
1.089082
1.104103
1.097806
1.095986
1.082785
1.095986
1.109793
1.083998
1.090902
1.097806
1.109186
1.084605
1.095986
1.089688
1.096592
1.096592
1.090902
1.089082
1.090902
1.092116
1.096592
1.110400
1.111007
1.124208
1.102889
1.096592
1.077701
1.091509
1.098413
1.102283
1.090295
1.095986
1.095379
1.122994
1.102889
1.082785
1.097199
1.097199
1.097199
1.097199
1.109793
1.104103
1.089082
1.075274
1.096592
1.097806
1.090902
1.110400
1.095986
1.117304
1.090902
1.090295
1.095986
1.097806
1.117911
1.102889
1.090902
1.103496
1.083391
1.117304
1.103496
1.096592
1.102889
1.097199
1.097199
1.102283
1.104103
1.085212
1.090295
1.090295
1.090295
1.105317
1.094772
1.090902
1.077094
1.097199
1.116697
1.111007
1.096592
1.090902
1.083998
1.143099
