1.092116
1.102283
1.110400
1.116697
1.102889
1.103496
1.115484
1.095986
1.089689
1.096592
1.102889
1.104103
1.103496
1.102889
1.109186
1.117911
1.098413
1.090902
1.090295
1.117304
1.096592
1.084605
1.089688
1.094772
1.090295
1.097806
1.111007
1.103496
1.104103
1.089688
1.097806
1.104103
1.111007
1.109793
1.083391
1.109793
1.090295
1.090295
1.090295
1.090902
1.110400
1.103496
1.090295
1.110400
1.090902
1.082785
1.083998
1.098413
1.103496
1.083998
1.098413
1.096592
1.103496
1.089688
1.090295
1.095986
1.102889
1.083391
1.095986
1.104103
1.090902
1.090295
1.095986
1.102889
1.090902
1.095379
1.104710
1.090902
1.084605
1.096592
1.085212
1.103496
1.124208
1.084605
1.096592
1.083998
1.077701
1.097199
1.110400
1.083998
1.078308
1.116697
1.103496
1.089688
1.088475
1.095379
1.109793
1.084605
1.091509
1.111007
1.097806
1.104103
1.103496
1.110400
1.097806
1.088475
1.103496
1.089082
1.102889
1.110400
1.083391
1.095986
1.117304
1.102889
1.083391
1.096592
1.110400
1.109793
1.104103
1.089688
1.110400
1.089082
1.109793
1.097199
1.105317
1.090902
1.083391
1.090295
1.095986
1.104103
1.087868
1.097806
1.095986
1.103496
1.090295
1.109186
1.097806
1.104103
1.110400
1.097199
1.095986
1.083391
1.077094
1.083998
1.097806
1.116697
1.111007
1.102890
1.109793
1.102283
1.090295
1.082785
1.102889
1.090902
1.096592
1.102889
1.110400
1.096592
1.103496
1.116090
1.094772
1.096592
1.109793
1.083391
1.104103
1.097806
1.089082
1.090295
1.076487
1.089082
1.083391
1.109793
1.116090
1.085212
1.083391
1.104103
1.083391
1.089082
1.090902
1.090295
1.096592
1.089689
1.097199
1.083998
1.082785
1.109793
1.084605
1.097199
1.095379
1.109186
1.102889
1.084605
1.095986
1.096592
1.085212
1.089082
1.096592
1.096592
1.096592
1.122387
1.104103
1.096592
1.091509
1.096592
1.085212
1.097199
1.102889
1.110400
1.090902
1.095986
1.096592
1.077094
1.083998
1.089688
1.109793
1.097199
1.104710
1.103496
1.116697
1.090902
1.102283
1.096592
1.102283
1.089689
1.104710
1.090902
1.109793
1.097806
1.097806
1.110400
1.082785
1.092116
1.102889
1.083391
1.097806
1.109186
1.090902
1.083391
1.117304
1.097199
1.097199
1.096592
1.102889
1.097199
1.116090
1.090295
1.104710
1.089689
1.104103
1.083998
1.097806
1.102889
1.104103
1.097199
1.109186
1.102889
1.089689
1.130505
1.102889
1.103496
1.089688
1.097199
1.115484
1.083998
1.090902
1.097199
1.097199
1.089689
1.096592
1.104103
1.102283
1.108580
1.103496
1.090902
1.110400
1.117911
1.097199
1.102889
1.103496
1.077701
1.083998
1.083391
1.109187
1.082785
1.109793
1.116697
1.104710
1.110400
1.083998
1.095379
1.097199
1.091509
1.111007
1.103496
1.111007
1.103496
1.082178
1.089082
1.109793
1.097199
1.090295
1.084605
1.123601
1.103496
1.097199
1.095986
1.096592
1.104710
1.077701
1.104103
1.082178
1.097806
1.110400
1.097199
1.103496
1.110400
1.097199
1.103496
1.097199
1.097806
1.123601
1.102283
1.096592
1.097199
1.095986
1.110400
1.089082
1.095986
1.104103
1.083391
1.091509
1.117304
1.083998
1.116697
1.090295
1.104103
1.103496
1.089689
1.103496
1.102283
1.097199
1.111007
1.083998
1.101676
1.103496
1.103496
1.097806
1.097073
