1.069811
1.151965
1.153255
0.962281
1.156270
1.072334
1.290501
1.184657
1.481799
1.116446
1.058607
1.110251
1.129061
1.242830
1.496053
1.503271
1.078890
1.111977
1.149256
1.184397
1.414828
1.211319
1.351939
1.165291
1.285125
1.116153
1.140025
0.985501
1.262619
1.483455
1.175441
1.167138
1.047946
1.079988
1.120827
1.098421
1.108698
1.081914
1.114477
1.184112
1.276123
1.140226
1.107762
1.082733
1.166099
0.945153
1.443920
1.116212
0.999050
1.100548
1.227371
1.295415
1.215457
1.119218
1.208450
1.223144
1.147213
1.064238
1.257582
1.098037
0.991717
1.040826
1.235970
1.158398
1.087407
0.985529
1.046762
1.043429
1.241578
1.104327
1.006488
1.187353
1.243564
0.957873
1.107166
1.145950
1.088102
1.120602
1.036540
1.144666
1.217086
1.058045
1.128844
1.006687
1.097841
1.294280
1.111367
1.174417
1.120674
1.156999
1.073058
1.095834
1.075284
1.045376
0.991660
1.294861
1.071312
1.102514
1.255305
0.968256
1.159574
1.332892
1.124404
1.141554
1.098561
1.092250
1.129130
1.136470
1.049396
1.230132
1.131745
1.064301
1.074013
1.173596
1.145017
1.106150
1.090082
1.215361
1.197111
1.141695
1.204942
1.156872
1.148489
1.148530
1.141005
1.151449
1.097553
1.242269
1.205995
1.034687
1.171325
1.080379
1.122344
1.070379
1.123352
1.084458
1.144445
1.107913
1.214375
1.138577
1.289477
1.230881
1.153463
1.093521
1.106264
1.106281
1.128512
1.077946
1.147576
1.214219
1.098612
1.092749
1.094172
1.094474
1.056736
1.096303
1.037213
1.205134
1.263363
1.080662
1.312123
1.094265
1.039588
1.139806
1.101090
1.089569
1.151437
1.088990
1.091817
1.134690
1.135845
1.173039
1.139042
1.116617
1.049862
1.096771
1.281051
1.210258
1.120062
1.064509
1.110629
1.036216
1.174465
1.178618
1.098358
1.041640
1.040748
0.990508
1.144724
1.500123
1.124647
1.070981
1.174726
1.130320
1.268024
1.144689
1.190552
1.164115
1.100489
1.156726
1.092099
1.058835
1.305044
1.254090
0.994736
0.994169
1.133884
1.090527
1.082021
1.178080
1.008955
1.120057
1.155609
1.252646
1.115862
1.138520
1.148414
1.281492
1.265790
1.273366
1.100092
1.162374
1.033722
1.124913
1.604299
1.203042
1.277649
1.147479
1.124231
1.073288
1.124243
1.091792
1.050392
1.391917
1.159254
1.091703
1.173453
1.088149
1.089158
1.138345
1.156745
1.154769
1.123939
1.236740
1.068326
1.037959
1.106135
1.070397
1.041272
1.246951
1.132501
1.185719
1.075297
1.094405
1.102414
1.099867
1.092800
1.091397
1.119966
1.079706
1.010916
1.298100
1.022802
1.353926
1.099766
1.061001
0.965513
1.211586
1.108594
1.023446
0.893041
1.131821
1.458308
1.288172
1.081742
1.086139
1.094854
1.107043
1.141067
1.088943
1.125053
1.152986
1.089545
1.077909
1.082685
1.089489
1.095394
1.085869
1.111334
1.027615
1.097501
1.063041
1.165047
1.199953
1.172833
1.237274
1.109599
1.093929
1.186627
1.209322
1.238258
1.056883
1.278942
1.265070
1.184597
1.098283
1.186172
1.150615
1.267155
1.325417
1.201534
1.179310
1.113845
1.014653
1.156838
1.118804
1.502242
1.214632
1.240252
1.420211
1.222589
1.212163
1.136378
1.123524
1.178738
1.081041
1.291313
0.918856
1.018785
1.339603
1.314972
1.468211
1.337923
1.181448
1.033322
1.203460
1.090447
1.099529
