1.097199
1.084605
1.082785
1.098413
1.102889
1.096592
1.102889
1.096592
1.096592
1.084605
1.090295
1.098413
1.090902
1.104103
1.109793
1.094772
1.104103
1.097199
1.090902
1.096592
1.096592
1.090295
1.104103
1.090295
1.082785
1.083998
1.104103
1.090902
1.116697
1.083998
1.095986
1.111007
1.078308
1.084605
1.102889
1.098413
1.129898
1.096592
1.083391
1.090295
1.083391
1.095986
1.117304
1.089689
1.095379
1.122994
1.097806
1.096592
1.080964
1.095986
1.082785
1.089082
1.111007
1.089082
1.104103
1.089082
1.102889
1.090295
1.090295
1.083998
1.111007
1.089082
1.097806
1.116697
1.095379
1.085212
1.085212
1.103496
1.109186
1.104103
1.082178
1.082785
1.090295
1.090295
1.091509
1.096592
1.090295
1.097806
1.082785
1.082785
1.097199
1.102283
1.103496
1.122387
1.095986
1.109793
1.078308
1.090295
1.110400
1.097199
1.116697
1.097199
1.090295
1.103496
1.102889
1.102889
1.090295
1.097806
1.110400
1.103496
1.098413
1.095985
1.089082
1.090295
1.089689
1.103496
1.098413
1.091509
1.091509
1.110400
1.089082
1.083391
1.116697
1.096592
1.104103
1.111007
1.089082
1.110400
1.102889
1.095379
1.111007
1.097806
1.090902
1.104710
1.084605
1.103496
1.096592
1.089082
1.104103
1.097806
1.103496
1.104103
1.103496
1.108580
1.102283
1.090902
1.091509
1.083998
1.090295
1.109186
1.116090
1.096592
1.089689
1.102889
1.104710
1.115484
1.090295
1.096592
1.090295
1.088475
1.097199
1.084605
1.104710
1.104103
1.089689
1.089082
1.089688
1.103496
1.111614
1.111007
1.109793
1.103496
1.096592
1.096592
1.097199
1.111614
1.110400
1.103496
1.103496
1.109186
1.091509
1.103496
1.109793
1.090295
1.108580
1.091509
1.103496
1.116697
1.089689
1.095986
1.109793
1.109186
1.096592
1.110400
1.109186
1.103496
1.092116
1.095986
1.109793
1.091509
1.098413
1.097199
1.102889
1.096592
1.103496
1.110400
1.104103
1.095379
1.110400
1.075274
1.082785
1.103496
1.109793
1.082178
1.102283
1.090295
1.097199
1.117304
1.090902
1.109793
1.083998
1.089688
1.104103
1.104103
1.097199
1.089688
1.109793
1.096592
1.092116
1.090902
1.091509
1.102889
1.104103
1.096592
1.091509
1.095986
1.102889
1.097806
1.096592
1.096592
1.090295
1.104103
1.117304
1.095379
1.097199
1.109186
1.082785
1.095986
1.097199
1.089689
1.116697
1.083998
1.110400
1.101676
1.089689
1.097199
1.097806
1.102889
1.089689
1.098413
1.104710
1.097199
1.097199
1.109186
1.083998
1.096592
1.089689
1.090902
1.103496
1.110400
1.104103
1.097199
1.095986
1.082178
1.111007
1.101676
1.095986
1.095986
1.082785
1.096592
1.122994
1.090902
1.098413
1.102889
1.116697
1.090295
1.089689
1.089082
1.096592
1.092116
1.089082
1.085212
1.116090
1.103496
1.095986
1.097806
1.090902
1.090295
1.103496
1.089689
1.102889
1.098413
1.116697
1.090295
1.109793
1.090902
1.129898
1.090902
1.104710
1.096592
1.097806
1.089689
1.083391
1.092116
1.089688
1.109186
1.110400
1.097199
1.096592
1.097199
1.090902
1.096592
1.084605
1.109793
1.091509
1.102889
1.084605
1.111007
1.097806
1.116697
1.082785
1.092116
1.111614
1.091509
1.111614
1.096592
1.109793
1.109793
1.111007
1.083391
1.103496
1.096592
1.095379
1.090902
1.095986
1.102283
1.089082
1.099096
