1.088475
1.102889
1.102283
1.104710
1.110400
1.090295
1.095986
1.082178
1.096592
1.095379
1.104103
1.097199
1.085212
1.095986
1.097199
1.110400
1.109793
1.095986
1.109186
1.083391
1.111007
1.111614
1.104103
1.097806
1.089689
1.110400
1.103496
1.116697
1.111614
1.090295
1.083391
1.076488
1.089689
1.123601
1.104103
1.091509
1.117304
1.096592
1.102889
1.103496
1.097806
1.096592
1.097199
1.103496
1.088475
1.090295
1.090295
1.099020
1.077701
1.097199
1.104103
1.083391
1.083998
1.089689
1.103496
1.089082
1.083391
1.103496
1.096592
1.089082
1.089688
1.087868
1.083391
1.084605
1.110400
1.097199
1.089082
1.096592
1.097199
1.103496
1.095986
1.095986
1.104103
1.097806
1.097199
1.090295
1.109793
1.098413
1.104103
1.110400
1.116697
1.090902
1.101676
1.109187
1.102889
1.097199
1.111007
1.109793
1.089082
1.097199
1.109793
1.089689
1.109187
1.098413
1.091509
1.110400
1.089688
1.097199
1.097199
1.089689
1.103496
1.090902
1.103496
1.091509
1.097806
1.103496
1.097199
1.103496
1.089689
1.095986
1.105317
1.109186
1.109793
1.077094
1.097806
1.083391
1.089082
1.090902
1.096592
1.090295
1.096592
1.102889
1.102889
1.096592
1.089688
1.109793
1.104103
1.098413
1.096592
1.095986
1.097199
1.090902
1.096592
1.082178
1.095986
1.083998
1.089082
1.095986
1.089689
1.083391
1.095986
1.098413
1.117304
1.102889
1.116090
1.090295
1.089689
1.084605
1.077094
1.083998
1.103496
1.098413
1.097199
1.076488
1.110400
1.097806
1.115483
1.097806
1.097199
1.097806
1.129291
1.090295
1.090295
1.089689
1.090295
1.097199
1.097199
1.103496
1.109793
1.104710
1.090295
1.090295
1.124208
1.109186
1.098413
1.097199
1.115484
1.108580
1.102283
1.110400
1.110400
1.096592
1.097806
1.109186
1.102889
1.110400
1.096592
1.109793
1.095986
1.095985
1.089689
1.091509
1.110400
1.110400
1.109186
1.116697
1.089689
1.096592
1.095986
1.091509
1.084605
1.116090
1.090295
1.111007
1.083998
1.089689
1.096592
1.083998
1.096592
1.102889
1.097199
1.090902
1.083391
1.096592
1.089688
1.090295
1.096592
1.103496
1.103496
1.095379
1.085212
1.116697
1.111007
1.124208
1.109793
1.109793
1.083998
1.104103
1.097806
1.102889
1.092116
1.115484
1.102889
1.116697
1.097199
1.116090
1.104103
1.116697
1.083998
1.077094
1.096592
1.103496
1.097199
1.089689
1.089688
1.102889
1.111007
1.096592
1.102889
1.091509
1.090295
1.085212
1.083391
1.085212
1.095379
1.096592
1.097806
1.082785
1.091509
1.090295
1.111007
1.097199
1.116697
1.097806
1.097806
1.103496
1.104103
1.097806
1.089689
1.096592
1.090295
1.117911
1.077701
1.109793
1.082178
1.083998
1.117304
1.097199
1.089689
1.111614
1.102890
1.082785
1.096592
1.089689
1.089082
1.103496
1.097806
1.115484
1.090902
1.104103
1.102889
1.089689
1.102889
1.103496
1.097806
1.104103
1.097806
1.089082
1.102889
1.077701
1.089082
1.116697
1.103496
1.091509
1.085212
1.090295
1.109793
1.083391
1.091509
1.097806
1.098413
1.090295
1.095986
1.116697
1.095986
1.084605
1.082178
1.095985
1.092116
1.109793
1.095379
1.102889
1.103496
1.103496
1.117911
1.089688
1.084605
1.097199
1.104103
1.109793
1.095379
1.089082
1.103496
1.097199
1.130505
1.090295
1.089689
1.078106
