1.097199
1.090295
1.097806
1.103496
1.111007
1.083998
1.096592
1.095985
1.104103
1.097199
1.117304
1.109793
1.097199
1.110400
1.117911
1.089082
1.104103
1.096592
1.116090
1.098413
1.095986
1.109186
1.104103
1.123601
1.103496
1.097199
1.103496
1.104103
1.111007
1.096592
1.089689
1.097806
1.104103
1.122387
1.104103
1.123601
1.090295
1.102889
1.104103
1.111007
1.104103
1.096592
1.083998
1.097199
1.089689
1.091509
1.089689
1.109793
1.097199
1.104103
1.089689
1.104103
1.117911
1.096592
1.117304
1.095986
1.085212
1.116697
1.103496
1.098413
1.105317
1.097806
1.097199
1.095379
1.109186
1.096592
1.090902
1.102889
1.102889
1.104103
1.082785
1.082785
1.076488
1.116697
1.097199
1.116697
1.095379
1.085212
1.095379
1.090295
1.089082
1.104103
1.096592
1.104103
1.089082
1.088475
1.090902
1.097199
1.109186
1.104710
1.122994
1.103496
1.110400
1.089688
1.104103
1.109793
1.097199
1.091509
1.097199
1.095986
1.097199
1.097199
1.116090
1.097199
1.102889
1.096592
1.109793
1.091509
1.103496
1.089082
1.096592
1.110400
1.082178
1.103496
1.103496
1.096592
1.089689
1.096592
1.090295
1.110400
1.110400
1.085212
1.117304
1.083391
1.116090
1.116090
1.097199
1.102283
1.109793
1.090295
1.092116
1.096592
1.103496
1.109793
1.089689
1.103496
1.089082
1.082178
1.090902
1.096592
1.110400
1.089689
1.095985
1.096592
1.098413
1.097806
1.096592
1.089689
1.096592
1.091509
1.090902
1.097806
1.096592
1.090902
1.083998
1.090295
1.097806
1.111614
1.109186
1.097199
1.084605
1.082178
1.091509
1.091509
1.109793
1.083391
1.102889
1.092116
1.089688
1.104103
1.090295
1.111007
1.110400
1.076488
1.089688
1.103496
1.091509
1.097199
1.110400
1.078308
1.089082
1.090295
1.081571
1.122387
1.090902
1.110400
1.102283
1.095379
1.091509
1.095379
1.085212
1.104103
1.085212
1.089082
1.110400
1.089689
1.090902
1.122994
1.097806
1.097806
1.083391
1.103496
1.098413
1.089688
1.104710
1.102889
1.089689
1.102889
1.089688
1.096592
1.090295
1.096592
1.089689
1.095379
1.102889
1.089689
1.116697
1.102283
1.078915
1.109186
1.097199
1.097806
1.088475
1.097806
1.085212
1.089688
1.083998
1.090295
1.083998
1.090295
1.082785
1.096592
1.117304
1.102889
1.103496
1.096592
1.084605
1.097806
1.104103
1.092116
1.104103
1.109186
1.116090
1.095985
1.102889
1.104103
1.089082
1.096592
1.090295
1.109186
1.091509
1.110400
1.090295
1.095986
1.096592
1.090295
1.097806
1.089688
1.103496
1.090902
1.096592
1.089689
1.090902
1.088475
1.096592
1.092116
1.091509
1.096592
1.083998
1.116697
1.095379
1.078308
1.104103
1.123601
1.095379
1.109793
1.090295
1.102889
1.103496
1.105317
1.097199
1.097199
1.082785
1.089082
1.102889
1.110400
1.090902
1.103496
1.102889
1.110400
1.104103
1.097806
1.084605
1.083998
1.084605
1.095379
1.096592
1.084605
1.089082
1.095986
1.103496
1.089082
1.083391
1.089082
1.083391
1.104103
1.110400
1.117304
1.104710
1.097199
1.095379
1.090295
1.090902
1.096592
1.102283
1.096592
1.102889
1.096592
1.096592
1.102889
1.103496
1.097806
1.096592
1.104103
1.122994
1.103496
1.109186
1.102283
1.109793
1.090295
1.096592
1.081571
1.083998
1.089689
1.109793
1.083391
1.083391
1.122109
