1.095986
1.089082
1.102889
1.096592
1.111007
1.103496
1.089082
1.095986
1.091509
1.091509
1.102889
1.083391
1.116090
1.111007
1.104103
1.104103
1.102889
1.117304
1.083998
1.097199
1.089688
1.085212
1.102283
1.088475
1.103496
1.098413
1.109186
1.109186
1.095986
1.083391
1.095986
1.090295
1.090902
1.109793
1.095986
1.095986
1.091509
1.110400
1.097806
1.097806
1.090902
1.102889
1.124208
1.097199
1.103496
1.097199
1.095379
1.090902
1.102889
1.089689
1.089688
1.110400
1.102889
1.116697
1.091509
1.083391
1.097806
1.103496
1.110400
1.103496
1.083391
1.096592
1.097199
1.089688
1.084605
1.102889
1.110400
1.116090
1.103496
1.117304
1.083391
1.102283
1.097806
1.101676
1.095986
1.104103
1.102889
1.098413
1.116090
1.089689
1.117304
1.104103
1.082178
1.116090
1.097806
1.095985
1.088475
1.083391
1.097199
1.102889
1.083391
1.091509
1.103496
1.109186
1.083998
1.124208
1.103496
1.117304
1.083391
1.095986
1.115484
1.097199
1.090902
1.097806
1.097199
1.085212
1.103496
1.097199
1.082785
1.096592
1.097199
1.096592
1.104103
1.091509
1.102283
1.089689
1.090295
1.103496
1.097806
1.090295
1.090295
1.083998
1.097806
1.096592
1.116697
1.097199
1.096592
1.092116
1.096592
1.090295
1.084605
1.097199
1.091509
1.085212
1.082785
1.104710
1.102889
1.090295
1.108580
1.097199
1.104103
1.109186
1.109793
1.096592
1.083391
1.090902
1.103496
1.089082
1.082178
1.079522
1.096592
1.104710
1.104103
1.103496
1.080964
1.096592
1.082178
1.097806
1.110400
1.096592
1.084605
1.088475
1.103496
1.110400
1.104103
1.098413
1.109187
1.109793
1.089082
1.104103
1.090902
1.097199
1.097199
1.102889
1.090902
1.090295
1.089082
1.109793
1.102283
1.084605
1.084605
1.090902
1.117304
1.130505
1.089082
1.098413
1.090295
1.083998
1.082785
1.110400
1.116697
1.102283
1.104103
1.089689
1.109793
1.102889
1.097806
1.097199
1.096592
1.098413
1.109793
1.103496
1.122387
1.096592
1.104103
1.095986
1.082785
1.095986
1.090902
1.083998
1.097199
1.102890
1.103496
1.082785
1.102890
1.083998
1.102889
1.090295
1.103496
1.116090
1.090902
1.090902
1.090902
1.124208
1.109186
1.109793
1.096592
1.104710
1.089082
1.097199
1.083998
1.109793
1.096592
1.097806
1.104103
1.117304
1.103496
1.096592
1.109793
1.096592
1.089082
1.084605
1.083998
1.117304
1.083391
1.104710
1.102889
1.095986
1.104103
1.103496
1.109793
1.109186
1.098413
1.102283
1.122387
1.102889
1.104710
1.085212
1.097806
1.077701
1.090902
1.091509
1.089688
1.076488
1.097806
1.084605
1.104103
1.109186
1.089082
1.097199
1.109187
1.084605
1.083391
1.103496
1.116090
1.096592
1.090295
1.109793
1.102889
1.090902
1.116697
1.097199
1.097806
1.111007
1.096592
1.095379
1.097199
1.090295
1.083998
1.083391
1.109793
1.096592
1.089688
1.111007
1.102889
1.110400
1.097806
1.096592
1.104103
1.090295
1.111007
1.116697
1.097199
1.102889
1.097806
1.095985
1.083998
1.110400
1.090295
1.083391
1.097806
1.076488
1.097806
1.089082
1.109793
1.097806
1.083391
1.090295
1.090295
1.097806
1.089689
1.090902
1.082785
1.104710
1.103496
1.097199
1.102889
1.089689
1.097199
1.102889
1.102889
1.095986
1.096592
1.075881
1.117304
1.095986
1.104103
1.122109
