1.104710
1.109793
1.090295
1.095986
1.095986
1.111007
1.103496
1.097806
1.095986
1.090902
1.117304
1.098413
1.091509
1.083998
1.096592
1.084605
1.095986
1.089082
1.091509
1.103496
1.103496
1.104103
1.102889
1.103496
1.111007
1.096592
1.097199
1.104103
1.101676
1.096592
1.096592
1.095379
1.095379
1.090295
1.091509
1.096592
1.102889
1.110400
1.103496
1.103496
1.096592
1.092116
1.083391
1.111614
1.075881
1.082785
1.096592
1.102889
1.090295
1.103496
1.116090
1.116697
1.083998
1.091509
1.109793
1.109793
1.096592
1.110400
1.090295
1.098413
1.078308
1.101676
1.104710
1.111007
1.110400
1.104103
1.111007
1.096592
1.096592
1.095986
1.108580
1.103496
1.109793
1.089082
1.096592
1.102283
1.102889
1.083998
1.091509
1.110400
1.104103
1.109793
1.109793
1.103496
1.111007
1.103496
1.090902
1.090295
1.089689
1.089082
1.089688
1.077701
1.084605
1.117304
1.109793
1.090295
1.103496
1.102889
1.089689
1.098413
1.089688
1.089082
1.102889
1.104710
1.097199
1.089689
1.096592
1.091509
1.077701
1.102283
1.095986
1.116697
1.084605
1.097199
1.083391
1.104710
1.097199
1.110400
1.109793
1.097199
1.097199
1.097806
1.097806
1.102889
1.089689
1.097199
1.102889
1.103496
1.095986
1.096592
1.110400
1.104103
1.103496
1.083998
1.090295
1.103496
1.104710
1.090295
1.095986
1.090295
1.082785
1.096592
1.109793
1.089689
1.081571
1.097199
1.104710
1.110400
1.090295
1.090902
1.096592
1.102283
1.103496
1.098413
1.096592
1.111007
1.104103
1.102889
1.110400
1.089689
1.102889
1.075881
1.091509
1.082178
1.091509
1.097199
1.090295
1.117911
1.102889
1.089689
1.095986
1.090295
1.102889
1.095986
1.096592
1.102889
1.097199
1.109186
1.102889
1.102889
1.097199
1.090902
1.109186
1.090295
1.110400
1.090902
1.083998
1.083998
1.090902
1.097806
1.098413
1.083391
1.116090
1.095986
1.102889
1.090902
1.122387
1.084605
1.097806
1.079522
1.095986
1.123601
1.089082
1.095986
1.104710
1.096592
1.103496
1.103496
1.083391
1.084605
1.083998
1.083391
1.111007
1.103496
1.096592
1.097199
1.096592
1.104710
1.104103
1.085212
1.090295
1.096592
1.102283
1.102283
1.089082
1.103496
1.097199
1.104103
1.111007
1.083391
1.097806
1.104103
1.089688
1.084605
1.109186
1.103496
1.116090
1.089688
1.097199
1.097199
1.110400
1.089082
1.098413
1.090902
1.096592
1.104103
1.090902
1.097199
1.098413
1.096592
1.108580
1.096592
1.095986
1.095986
1.104103
1.097199
1.097199
1.097199
1.102889
1.090902
1.077701
1.109793
1.096592
1.089689
1.096592
1.102283
1.111007
1.102889
1.102889
1.090295
1.089082
1.110400
1.090902
1.116697
1.090295
1.104103
1.096592
1.104103
1.104103
1.089082
1.090295
1.084605
1.097199
1.109793
1.103496
1.095379
1.104103
1.096592
1.102283
1.109793
1.103496
1.109793
1.097199
1.085212
1.077701
1.095379
1.091509
1.084605
1.110400
1.089689
1.095986
1.104103
1.097199
1.096592
1.111007
1.097199
1.090295
1.089689
1.116697
1.104103
1.102283
1.097806
1.095986
1.117304
1.102283
1.102889
1.090295
1.077094
1.110400
1.089082
1.084605
1.095986
1.096592
1.095379
1.109793
1.096592
1.103496
1.082178
1.095986
1.097199
1.117304
1.090295
1.104710
1.089688
1.117911
1.096592
1.102889
1.076083
