1.090902
1.103496
1.111614
1.095986
1.096592
1.083998
1.096592
1.104103
1.090902
1.117304
1.122994
1.090902
1.095986
1.117304
1.076488
1.089689
1.083391
1.097806
1.102283
1.097806
1.095986
1.097199
1.103496
1.110400
1.103496
1.110400
1.095986
1.098413
1.090902
1.097199
1.110400
1.111007
1.089688
1.096592
1.095986
1.096592
1.104103
1.090295
1.090295
1.090295
1.090902
1.096592
1.091509
1.090902
1.091509
1.117304
1.097806
1.102889
1.109793
1.083391
1.110400
1.102889
1.102889
1.075881
1.102889
1.102889
1.109186
1.102889
1.083998
1.083391
1.103496
1.089082
1.117304
1.097806
1.103496
1.083391
1.084605
1.103496
1.088475
1.104103
1.111614
1.096592
1.083998
1.088475
1.090295
1.097806
1.095986
1.091509
1.088475
1.097199
1.096592
1.109793
1.117911
1.090295
1.090295
1.083391
1.090902
1.097806
1.103496
1.085212
1.111007
1.110400
1.083998
1.097199
1.109186
1.077701
1.096592
1.089688
1.089688
1.083391
1.089689
1.090295
1.076488
1.095986
1.103496
1.085212
1.102283
1.104710
1.082178
1.078308
1.109793
1.102889
1.103496
1.085212
1.103496
1.089082
1.116697
1.090902
1.103496
1.103496
1.083391
1.116090
1.090902
1.090902
1.096592
1.122994
1.097199
1.117304
1.090902
1.096592
1.111007
1.103496
1.084605
1.089689
1.111007
1.083998
1.076487
1.095379
1.102283
1.111007
1.090902
1.111007
1.110400
1.077094
1.075881
1.097199
1.097806
1.110400
1.089689
1.096592
1.090295
1.097806
1.103496
1.095986
1.096592
1.103496
1.090902
1.103496
1.089689
1.124208
1.122994
1.097199
1.089689
1.116090
1.095379
1.089082
1.110400
1.097199
1.083391
1.089688
1.085212
1.102889
1.097199
1.095986
1.090295
1.090295
1.090295
1.083998
1.110400
1.084605
1.097199
1.089082
1.110400
1.104103
1.090902
1.097806
1.110400
1.102889
1.111007
1.082785
1.089082
1.089689
1.091509
1.109793
1.102889
1.117304
1.103496
1.083998
1.097199
1.096592
1.102889
1.097806
1.123601
1.091509
1.095986
1.097199
1.090902
1.097199
1.097199
1.104103
1.116697
1.116090
1.103496
1.097199
1.104103
1.090902
1.096592
1.109793
1.096592
1.108580
1.095985
1.109186
1.097806
1.096592
1.095985
1.103496
1.090295
1.090295
1.097199
1.096592
1.102283
1.097199
1.095986
1.099020
1.097806
1.090902
1.089082
1.097806
1.089688
1.102889
1.088475
1.090295
1.095986
1.089689
1.109186
1.098413
1.109793
1.083391
1.116090
1.082178
1.091509
1.097199
1.102889
1.109793
1.089082
1.096592
1.090295
1.096592
1.116090
1.089082
1.097806
1.090295
1.085819
1.097806
1.102889
1.098413
1.096592
1.094772
1.098413
1.089688
1.090295
1.102890
1.089689
1.111007
1.103496
1.092116
1.097199
1.109186
1.109793
1.090295
1.092116
1.098413
1.096592
1.078308
1.097199
1.109793
1.096592
1.102889
1.110400
1.110400
1.103496
1.104103
1.109793
1.105317
1.090295
1.116697
1.090295
1.102889
1.089689
1.103496
1.103496
1.098413
1.110400
1.089689
1.129898
1.110400
1.116090
1.089082
1.109793
1.083998
1.083391
1.103496
1.109793
1.095379
1.105317
1.108580
1.096592
1.104103
1.096592
1.102283
1.102889
1.090902
1.090902
1.102889
1.097806
1.102889
1.116697
1.096592
1.101676
1.104103
1.110400
1.102283
1.111007
1.076488
1.075881
1.089689
1.097199
1.097073
