1.076488
1.104103
1.103496
1.103496
1.089689
1.090295
1.103496
1.098413
1.091509
1.089082
1.104103
1.097806
1.116697
1.104103
1.089689
1.097806
1.095986
1.095986
1.098413
1.103496
1.116697
1.090295
1.096592
1.109793
1.089688
1.098413
1.091509
1.090902
1.083998
1.109186
1.097199
1.108580
1.104710
1.095986
1.089688
1.095986
1.111007
1.090902
1.102889
1.089689
1.109793
1.102889
1.104103
1.090902
1.090295
1.096592
1.102889
1.090295
1.084605
1.103496
1.084605
1.082178
1.117304
1.097806
1.117304
1.097199
1.083998
1.122387
1.083391
1.102283
1.104710
1.102889
1.090295
1.110400
1.091509
1.110400
1.090295
1.097199
1.097199
1.104103
1.076488
1.089689
1.097199
1.097199
1.097199
1.097199
1.102889
1.097806
1.103496
1.110400
1.102889
1.103496
1.096592
1.091509
1.103496
1.102283
1.096592
1.090295
1.097806
1.095986
1.090295
1.090902
1.109793
1.102889
1.110400
1.104103
1.102283
1.109793
1.089689
1.089082
1.083998
1.098413
1.090902
1.103496
1.089082
1.083998
1.124208
1.123601
1.102283
1.090295
1.102283
1.109793
1.098413
1.104710
1.087868
1.076488
1.110400
1.084605
1.090902
1.116090
1.102889
1.111007
1.097806
1.104103
1.082785
1.096592
1.090295
1.103496
1.109186
1.083998
1.104103
1.103496
1.104103
1.103496
1.082785
1.110400
1.110400
1.096592
1.096592
1.109793
1.097199
1.103496
1.104710
1.082785
1.110400
1.109793
1.085819
1.090902
1.090295
1.095986
1.109793
1.109793
1.098413
1.110400
1.090902
1.095379
1.097199
1.095986
1.103496
1.110400
1.109793
1.102889
1.104710
1.090295
1.089689
1.094772
1.090295
1.097199
1.102889
1.097806
1.097199
1.097199
1.104710
1.103496
1.097199
1.097199
1.090902
1.098413
1.096592
1.091509
1.103496
1.116090
1.089689
1.109793
1.095986
1.096592
1.089082
1.103496
1.109186
1.089082
1.097806
1.089688
1.083391
1.089688
1.109186
1.096592
1.104103
1.090295
1.082785
1.096592
1.090295
1.110400
1.129898
1.096592
1.096592
1.090902
1.102283
1.103496
1.095379
1.103496
1.116090
1.095986
1.096592
1.103496
1.102889
1.085212
1.083391
1.095986
1.097199
1.090295
1.075274
1.084605
1.110400
1.109186
1.095986
1.083391
1.102889
1.096592
1.077701
1.090902
1.090902
1.104710
1.095986
1.097199
1.116697
1.103496
1.090902
1.116697
1.096592
1.103496
1.096592
1.104710
1.084605
1.109793
1.083391
1.084605
1.082785
1.104103
1.090295
1.095986
1.103496
1.102889
1.090295
1.083998
1.104710
1.103496
1.083391
1.116090
1.084605
1.083391
1.109793
1.096592
1.104103
1.102889
1.077094
1.102889
1.085212
1.111007
1.096592
1.109793
1.096592
1.082178
1.090295
1.090295
1.084605
1.095379
1.102889
1.097806
1.096592
1.103496
1.083391
1.102889
1.095379
1.090902
1.097199
1.089689
1.097806
1.090295
1.096592
1.110400
1.103496
1.117304
1.096592
1.084605
1.103496
1.096592
1.084605
1.109793
1.097199
1.116697
1.096592
1.090902
1.116697
1.104103
1.109186
1.096592
1.098413
1.097199
1.095379
1.109793
1.097199
1.110400
1.103496
1.085212
1.096592
1.089688
1.097806
1.103496
1.090902
1.109793
1.116090
1.104103
1.103496
1.102889
1.109793
1.105317
1.090295
1.089688
1.090902
1.096592
1.090902
1.075881
1.103496
1.097199
1.090295
1.089689
1.082785
1.097073
