1.160038
1.003443
1.338499
1.076634
1.129911
1.182564
1.119259
1.057498
1.138465
1.087053
1.097769
1.120345
1.100227
1.140316
1.085232
1.116283
1.165366
1.115196
1.118106
1.090834
1.160450
1.109380
1.040271
1.070904
1.580463
1.114232
1.646791
1.199339
1.130586
1.080071
1.089389
1.135424
1.120268
1.204508
1.305808
1.190318
1.119874
1.074602
1.158968
1.130633
1.114677
1.121143
1.184443
0.920897
1.031885
1.173451
1.214045
1.094628
1.129279
1.127744
1.100592
1.141743
1.193815
1.206586
1.151191
1.126670
1.057006
1.017693
1.159327
1.153322
1.272774
1.185108
1.076229
1.177377
1.037943
1.266379
1.145279
1.158542
1.108863
1.070521
1.137048
1.251307
1.070341
1.104016
1.098156
1.138937
1.097230
1.212496
1.179374
1.070619
1.105243
1.108221
1.113850
1.110428
1.133740
1.084541
1.101126
1.089969
1.148868
1.079493
1.095787
1.121184
1.230830
1.125459
1.089078
1.092875
1.099508
1.093331
1.118099
1.166787
1.090837
1.158056
1.096516
1.111041
1.020274
1.046704
1.229183
1.339401
1.092765
1.130930
1.104392
1.116216
1.147364
1.021024
1.169604
0.951212
1.145435
1.032852
1.574864
1.246728
1.034902
1.083828
1.002267
0.976812
1.117422
1.344547
1.421090
1.339693
1.272394
1.299790
1.139497
1.086956
1.098479
1.080369
1.110554
1.598263
1.194989
1.297704
1.094641
1.198320
1.099289
1.157725
1.167090
1.103710
1.129956
1.232893
1.099348
0.986870
1.109928
1.020966
0.988515
1.179967
1.175946
1.293723
1.029716
1.194957
0.953135
1.094538
1.046103
1.102053
1.199085
1.070335
1.151704
1.132516
1.194574
1.117555
1.186134
1.072969
1.094085
1.041153
1.458062
0.812156
1.087083
1.229948
1.234554
1.195091
1.237548
1.174530
1.107461
1.150808
1.147034
1.132144
1.034309
1.050292
1.444651
1.502701
1.283149
1.186719
0.977571
1.135366
1.124245
1.226421
1.052660
1.286422
1.082703
1.106854
1.125502
1.132501
0.925027
0.989642
0.942963
1.040446
1.366488
1.410054
1.023686
1.213716
1.244467
1.098204
1.196923
1.165226
1.119907
1.158669
1.050650
1.091625
1.193209
1.098336
1.088994
1.071566
1.051662
1.046282
1.122903
1.149479
1.032433
1.287511
1.112023
1.133468
1.135396
1.167233
1.175981
1.044601
1.128468
1.096407
1.301588
1.280548
1.030514
1.079106
1.210071
1.211516
1.095106
1.095054
1.070355
1.060728
1.050918
1.487002
0.971634
1.188794
0.976881
1.199206
1.046267
1.229883
1.331413
1.204002
1.050834
1.170969
1.252748
1.060333
1.343842
1.324570
1.166461
1.364011
1.103028
1.111611
1.040405
1.168578
1.219112
1.249117
1.107663
1.177884
1.067445
1.170006
1.219814
1.174798
1.103664
1.051633
1.104812
1.207268
1.090945
1.599265
1.097592
1.063869
1.167646
1.070252
1.145546
1.211551
1.115801
1.114437
1.066152
1.162175
1.064109
1.219973
1.136235
1.072516
1.061623
1.109239
1.157257
1.169513
1.103544
1.102612
1.097570
1.071848
1.149057
1.108009
1.239519
1.269377
1.037439
1.041200
1.181779
1.052254
1.187539
1.238466
1.239180
1.061874
1.081479
1.124025
1.111067
1.126436
1.109857
1.156180
1.110614
1.115958
1.097664
1.121740
1.127355
1.064994
1.149120
1.100918
1.146274
1.071342
1.196141
1.076319
1.140945
1.124245
1.109231
1.096808
1.211004
1.129393
1.013758
1.996477
