1.124208
1.097806
1.098413
1.103496
1.095379
1.087868
1.103496
1.109186
1.096592
1.102889
1.097806
1.084605
1.102889
1.096592
1.102889
1.095986
1.095986
1.083998
1.096592
1.109186
1.103496
1.117304
1.096592
1.109793
1.109186
1.104103
1.116697
1.097199
1.095379
1.104103
1.096592
1.103496
1.109793
1.097199
1.077094
1.083998
1.097199
1.111614
1.109793
1.077094
1.109186
1.089082
1.103496
1.110400
1.097806
1.104710
1.110400
1.097199
1.091509
1.103496
1.111614
1.082785
1.096592
1.097199
1.088475
1.097806
1.104710
1.097199
1.096592
1.104103
1.116697
1.090902
1.097199
1.104103
1.104103
1.103496
1.082785
1.116090
1.097806
1.103496
1.090902
1.096592
1.090902
1.101676
1.089082
1.089689
1.097806
1.104103
1.095986
1.102283
1.096592
1.090902
1.109793
1.122994
1.104710
1.089689
1.129898
1.102889
1.102889
1.090295
1.102889
1.096592
1.090295
1.097806
1.089688
1.103496
1.103496
1.110400
1.083998
1.104710
1.089689
1.095986
1.097199
1.097199
1.089688
1.097199
1.089688
1.076488
1.089689
1.097806
1.083391
1.097806
1.082178
1.102283
1.089689
1.104710
1.090902
1.104103
1.091509
1.102889
1.091509
1.104103
1.110400
1.090902
1.104103
1.090902
1.110400
1.097199
1.096592
1.095379
1.102889
1.082785
1.085212
1.095986
1.082785
1.097806
1.095379
1.102889
1.102889
1.096592
1.095379
1.102889
1.089688
1.083391
1.104103
1.109187
1.083391
1.082178
1.103496
1.095986
1.078308
1.091509
1.091509
1.090902
1.084605
1.090902
1.096592
1.117304
1.103496
1.116090
1.088475
1.104103
1.102283
1.102889
1.110400
1.102889
1.111007
1.104103
1.096592
1.090902
1.122994
1.096592
1.083998
1.089082
1.104710
1.097199
1.104710
1.104710
1.090902
1.083391
1.117911
1.102889
1.104103
1.090902
1.096592
1.097199
1.082785
1.096592
1.090295
1.091509
1.077094
1.097199
1.082785
1.103496
1.090295
1.129291
1.110400
1.096592
1.090902
1.102283
1.104103
1.083391
1.102889
1.091509
1.116697
1.089082
1.083391
1.089688
1.103496
1.083391
1.089688
1.095986
1.083391
1.097806
1.104103
1.083998
1.083998
1.097199
1.089688
1.091509
1.102889
1.095986
1.095986
1.088475
1.096592
1.102889
1.097806
1.097806
1.116090
1.084605
1.083391
1.104103
1.109793
1.097199
1.109793
1.090902
1.102283
1.104103
1.102283
1.097806
1.097806
1.096592
1.096592
1.097199
1.095986
1.090902
1.104103
1.104710
1.104710
1.103496
1.097199
1.102889
1.103496
1.089689
1.109186
1.095986
1.110400
1.095986
1.123601
1.096592
1.102889
1.097199
1.103496
1.090902
1.104103
1.090902
1.090295
1.102889
1.083391
1.075881
1.095379
1.103496
1.096592
1.095985
1.109793
1.110400
1.111007
1.110400
1.097806
1.095986
1.089689
1.116090
1.104103
1.091509
1.083998
1.102889
1.084605
1.086425
1.097806
1.085212
1.084605
1.102889
1.092116
1.103496
1.104103
1.075881
1.110400
1.090902
1.102283
1.116697
1.089689
1.102889
1.095379
1.089689
1.089689
1.089689
1.083998
1.096592
1.092116
1.105317
1.104103
1.103496
1.095379
1.104103
1.076488
1.110400
1.075274
1.097199
1.116697
1.089082
1.110400
1.082785
1.109186
1.110400
1.109186
1.104710
1.103496
1.110400
1.085212
1.091509
1.097199
1.116697
1.097199
1.096592
1.104710
1.102889
1.111007
1.076083
