1.096592
1.096592
1.096592
1.103496
1.116090
1.089688
1.090295
1.089082
1.103496
1.117911
1.102283
1.084605
1.090295
1.116090
1.090295
1.090902
1.111614
1.089688
1.095379
1.083391
1.103496
1.122994
1.104103
1.097199
1.089689
1.103496
1.090295
1.097199
1.105317
1.102889
1.083391
1.111007
1.103496
1.099020
1.110400
1.083391
1.110400
1.123601
1.097806
1.102283
1.089082
1.089689
1.103496
1.102889
1.102889
1.116697
1.089082
1.095985
1.083391
1.104710
1.109793
1.078308
1.104103
1.111614
1.103496
1.090295
1.088475
1.090295
1.102889
1.090902
1.090295
1.103496
1.089688
1.089688
1.109186
1.111007
1.074667
1.096592
1.097199
1.083998
1.078915
1.102283
1.097806
1.096592
1.109793
1.081571
1.104103
1.095379
1.116090
1.097806
1.083391
1.116697
1.083998
1.095986
1.109793
1.089688
1.097806
1.091509
1.095986
1.104710
1.102889
1.090295
1.103496
1.098413
1.090902
1.097199
1.096592
1.102889
1.088475
1.103496
1.082178
1.091509
1.098413
1.090902
1.097199
1.097806
1.095986
1.095986
1.090295
1.084605
1.111007
1.089082
1.090295
1.097199
1.102889
1.097199
1.084605
1.090295
1.103496
1.105317
1.096592
1.097199
1.096592
1.089689
1.090902
1.097806
1.111007
1.103496
1.096592
1.090295
1.078308
1.085819
1.098413
1.097806
1.083391
1.097199
1.116090
1.117304
1.090902
1.097199
1.095986
1.095985
1.091509
1.103496
1.096592
1.102889
1.103496
1.090295
1.089082
1.108580
1.111007
1.117304
1.089688
1.109793
1.102889
1.090295
1.097199
1.091509
1.090902
1.097199
1.104710
1.104103
1.123601
1.104710
1.082785
1.087868
1.102889
1.097806
1.110400
1.095379
1.096592
1.096592
1.109793
1.116090
1.097806
1.089689
1.109186
1.110400
1.090295
1.089689
1.103496
1.097199
1.097806
1.084605
1.096592
1.085819
1.104103
1.096592
1.096592
1.089082
1.094772
1.104103
1.097199
1.095379
1.083391
1.090295
1.109793
1.090902
1.083998
1.090295
1.102283
1.109793
1.097806
1.109186
1.104710
1.085819
1.084605
1.097199
1.103496
1.122387
1.096592
1.104710
1.104710
1.109187
1.096592
1.096592
1.089082
1.075881
1.103496
1.082785
1.097806
1.109793
1.097199
1.090902
1.103496
1.097199
1.109186
1.095986
1.102283
1.097199
1.090295
1.110400
1.077701
1.096592
1.078308
1.090295
1.110400
1.110400
1.092116
1.111007
1.082785
1.097806
1.089688
1.104103
1.089688
1.096592
1.123601
1.090902
1.089688
1.082785
1.103496
1.090295
1.102283
1.102283
1.104103
1.096592
1.109793
1.077094
1.095986
1.082785
1.104103
1.095985
1.103496
1.116697
1.116697
1.116697
1.090902
1.097806
1.095986
1.122994
1.110400
1.104103
1.096592
1.076500
1.110400
1.083998
1.109793
1.090902
1.109186
1.083998
1.109793
1.110400
1.110400
1.102889
1.089688
1.097806
1.097199
1.103496
1.103496
1.109793
1.102889
1.095986
1.116090
1.103496
1.103496
1.090295
1.104103
1.089082
1.111007
1.083391
1.097199
1.090295
1.090295
1.077094
1.097199
1.110400
1.103496
1.116697
1.103496
1.090902
1.084605
1.097806
1.096592
1.117304
1.110400
1.085212
1.089689
1.095986
1.096592
1.102889
1.102889
1.090902
1.095379
1.090902
1.104103
1.083391
1.089689
1.117304
1.102889
1.096592
1.096592
1.090295
1.090902
1.089688
1.083391
1.095985
1.104103
1.101119
