1.116090
1.097806
1.090902
1.097199
1.104103
1.097806
1.089082
1.102889
1.103496
1.090295
1.090902
1.096592
1.090902
1.104103
1.083391
1.116090
1.097199
1.097199
1.085212
1.090295
1.089082
1.090295
1.097806
1.082785
1.103496
1.096592
1.091509
1.104103
1.109186
1.092116
1.082178
1.102283
1.104103
1.097199
1.102889
1.095985
1.104103
1.089689
1.082178
1.095986
1.110400
1.095986
1.116090
1.083998
1.102889
1.091509
1.095986
1.083998
1.102889
1.111007
1.084605
1.083391
1.095986
1.111614
1.117304
1.104103
1.090295
1.095986
1.116697
1.095379
1.095986
1.091509
1.084605
1.090902
1.102283
1.104710
1.095986
1.091509
1.095379
1.111007
1.129898
1.097199
1.104103
1.097806
1.097199
1.084605
1.096592
1.136802
1.101676
1.096592
1.104103
1.089688
1.098413
1.095379
1.089689
1.095986
1.089689
1.090295
1.090902
1.103496
1.083998
1.110400
1.091509
1.116697
1.109793
1.095986
1.104103
1.103496
1.076488
1.076487
1.096592
1.090295
1.083998
1.097199
1.095985
1.103496
1.105317
1.104103
1.083391
1.095986
1.117304
1.103496
1.089688
1.103496
1.089689
1.096592
1.082785
1.077094
1.090295
1.123601
1.083998
1.104103
1.090902
1.088475
1.097806
1.096592
1.097199
1.104103
1.109186
1.104103
1.109793
1.090902
1.101676
1.096592
1.102889
1.111007
1.090295
1.104710
1.111007
1.097806
1.102889
1.090902
1.095986
1.097199
1.110400
1.117304
1.102889
1.102889
1.082784
1.102283
1.095986
1.083391
1.102283
1.122387
1.089688
1.102889
1.089689
1.084605
1.095986
1.116697
1.110400
1.095986
1.097199
1.092116
1.116090
1.090295
1.095379
1.090295
1.090902
1.090295
1.095986
1.082785
1.090295
1.123601
1.104103
1.084605
1.104710
1.102889
1.097806
1.085212
1.110400
1.109793
1.089689
1.096592
1.084605
1.095986
1.116090
1.117304
1.095379
1.097806
1.096592
1.116697
1.090295
1.124208
1.090295
1.090295
1.089688
1.089688
1.091509
1.076488
1.110400
1.077094
1.097199
1.101676
1.090295
1.089082
1.099020
1.083998
1.090295
1.116090
1.089689
1.083998
1.116697
1.123601
1.089082
1.104103
1.104103
1.090295
1.096592
1.090902
1.089688
1.117304
1.082178
1.087868
1.089689
1.091509
1.102889
1.103496
1.090295
1.096592
1.095986
1.097806
1.116697
1.091509
1.102283
1.097199
1.083391
1.104103
1.097806
1.090902
1.091509
1.103496
1.096592
1.109793
1.090295
1.116090
1.089689
1.104103
1.109186
1.085212
1.090902
1.090902
1.077701
1.102283
1.109186
1.097199
1.088475
1.104103
1.096592
1.090902
1.110400
1.103496
1.085819
1.104103
1.097199
1.084605
1.090295
1.097199
1.117304
1.116090
1.110400
1.083391
1.096592
1.083391
1.097199
1.104103
1.104710
1.116090
1.096592
1.084605
1.103496
1.102283
1.096592
1.110400
1.097199
1.104103
1.108580
1.097199
1.102889
1.083391
1.089082
1.096592
1.085212
1.104103
1.104103
1.096592
1.104103
1.083391
1.102889
1.097199
1.102889
1.089082
1.097806
1.116697
1.116697
1.096592
1.097199
1.103496
1.109793
1.096592
1.095379
1.090295
1.097806
1.096592
1.096592
1.110400
1.090295
1.097199
1.095986
1.105317
1.083998
1.096592
1.090295
1.117304
1.097806
1.104103
1.098413
1.109793
1.104103
1.096592
1.109186
1.103496
1.102889
1.084605
1.096592
1.090902
1.109186
1.097073
