1.099020
1.097199
1.095986
1.090295
1.097199
1.123601
1.103496
1.102889
1.084605
1.090902
1.095379
1.096592
1.099020
1.097806
1.095986
1.109793
1.102889
1.109186
1.097199
1.097199
1.083391
1.097199
1.104710
1.089689
1.095985
1.109793
1.090295
1.103496
1.090295
1.116697
1.102283
1.102889
1.109793
1.090902
1.090295
1.091509
1.097806
1.109793
1.096592
1.104103
1.097199
1.089082
1.097199
1.104103
1.102889
1.083391
1.124208
1.083998
1.083391
1.077094
1.075881
1.117304
1.098413
1.102889
1.082785
1.102283
1.098413
1.102889
1.109793
1.097199
1.095986
1.094772
1.096592
1.102889
1.097806
1.085212
1.095986
1.095986
1.109793
1.089688
1.097199
1.097199
1.096592
1.097806
1.084605
1.104710
1.111007
1.097806
1.096592
1.095986
1.123601
1.090902
1.103496
1.095986
1.109793
1.089688
1.108580
1.097806
1.103496
1.110400
1.090902
1.082178
1.090295
1.090902
1.116090
1.089082
1.089689
1.090902
1.102283
1.097199
1.084605
1.108580
1.109793
1.075881
1.110400
1.090902
1.103496
1.097199
1.097806
1.108580
1.102283
1.096592
1.096592
1.103496
1.097806
1.102889
1.102889
1.090902
1.098413
1.097199
1.089688
1.083391
1.104710
1.083391
1.104103
1.090902
1.083998
1.102889
1.089689
1.089082
1.097199
1.109793
1.089082
1.090295
1.096592
1.110400
1.089689
1.090295
1.097199
1.090295
1.108580
1.089688
1.103496
1.102283
1.110400
1.090295
1.097199
1.075274
1.110400
1.090902
1.110400
1.109186
1.083391
1.078308
1.090295
1.104103
1.111007
1.088475
1.090295
1.095986
1.097199
1.104710
1.095986
1.104103
1.109793
1.109793
1.110400
1.096592
1.088475
1.097806
1.104103
1.082178
1.083998
1.099020
1.083998
1.096592
1.102283
1.096592
1.117304
1.096592
1.089689
1.116697
1.090295
1.090902
1.116697
1.102889
1.103496
1.104710
1.090295
1.085212
1.097199
1.096592
1.110400
1.090295
1.091509
1.089688
1.110400
1.096592
1.108580
1.083391
1.103496
1.102889
1.104103
1.082785
1.102889
1.083998
1.091509
1.097199
1.110400
1.096592
1.096592
1.090902
1.097806
1.109186
1.110400
1.111007
1.090902
1.076488
1.102889
1.096592
1.103496
1.090902
1.096592
1.082785
1.085212
1.122994
1.104103
1.102889
1.098413
1.097199
1.104710
1.102889
1.109793
1.092116
1.104103
1.110400
1.104103
1.090295
1.104103
1.097806
1.091509
1.089082
1.089082
1.097199
1.089688
1.122994
1.111007
1.083391
1.102889
1.110400
1.102889
1.090295
1.098413
1.091509
1.090295
1.104103
1.109793
1.102889
1.097806
1.096592
1.098413
1.109793
1.104103
1.090295
1.098413
1.102889
1.109793
1.096592
1.097806
1.097806
1.095986
1.084605
1.103496
1.096592
1.096592
1.095986
1.103496
1.090902
1.095986
1.097806
1.096592
1.104103
1.090902
1.101676
1.089689
1.096592
1.083391
1.090295
1.102283
1.123601
1.077094
1.116697
1.109186
1.109186
1.090902
1.082785
1.097199
1.104103
1.090902
1.117911
1.096592
1.102283
1.090295
1.090902
1.083391
1.110400
1.097199
1.097199
1.084605
1.095986
1.095986
1.097806
1.097199
1.089082
1.096592
1.102889
1.103496
1.109186
1.104710
1.082785
1.123601
1.102889
1.095986
1.102889
1.108580
1.102283
1.097806
1.083998
1.090902
1.097199
1.083998
1.109793
1.097806
1.116697
1.103496
1.090902
1.097806
1.076083
