1.097199
1.089082
1.091509
1.095986
1.096592
1.089082
1.115484
1.096592
1.096592
1.090295
1.097199
1.103496
1.097199
1.090295
1.104710
1.117304
1.109793
1.103496
1.109793
1.082178
1.082785
1.096592
1.089082
1.103496
1.097199
1.110400
1.089688
1.097199
1.089082
1.104103
1.089082
1.101676
1.098413
1.103496
1.104103
1.089689
1.104103
1.077094
1.090295
1.096592
1.089689
1.082178
1.092116
1.097199
1.109186
1.095379
1.104103
1.103496
1.089082
1.104103
1.102889
1.104103
1.095986
1.104103
1.096592
1.111007
1.096592
1.083998
1.102283
1.102889
1.083998
1.096592
1.097199
1.097199
1.102889
1.097806
1.117304
1.110400
1.097806
1.083391
1.090295
1.082785
1.095986
1.082178
1.090902
1.082785
1.097199
1.096592
1.090295
1.103496
1.090902
1.097806
1.097806
1.102889
1.116697
1.085819
1.116090
1.116697
1.089082
1.089689
1.102889
1.090902
1.095379
1.102889
1.101676
1.098413
1.104103
1.089688
1.076488
1.090295
1.109186
1.083391
1.122994
1.084605
1.097806
1.095379
1.098413
1.090902
1.097199
1.088475
1.090295
1.116697
1.110400
1.097199
1.110400
1.102889
1.083998
1.095986
1.105317
1.102889
1.097199
1.091509
1.083391
1.097806
1.096592
1.122994
1.116090
1.097806
1.091509
1.109793
1.108580
1.084605
1.095986
1.095986
1.084605
1.089689
1.096592
1.097806
1.084605
1.090902
1.104710
1.097806
1.102283
1.090295
1.122994
1.090902
1.095985
1.097199
1.109793
1.096592
1.096592
1.103496
1.090902
1.104103
1.097199
1.096592
1.103496
1.097199
1.095986
1.097199
1.103496
1.097199
1.116090
1.097806
1.083998
1.090902
1.110400
1.090902
1.095986
1.074667
1.104103
1.104710
1.122994
1.095986
1.090902
1.104710
1.090295
1.085212
1.090902
1.110400
1.104103
1.111007
1.098413
1.090902
1.084605
1.103496
1.088475
1.090902
1.110400
1.104103
1.097199
1.109186
1.109186
1.097199
1.104103
1.095379
1.091509
1.090295
1.077094
1.092116
1.097199
1.091509
1.104103
1.103496
1.129898
1.089688
1.096592
1.097199
1.103496
1.096592
1.096592
1.103496
1.096592
1.102283
1.110400
1.088475
1.096592
1.109186
1.103496
1.095986
1.102889
1.077701
1.096592
1.097199
1.096592
1.097806
1.110400
1.074667
1.104103
1.097199
1.096592
1.116697
1.095986
1.084605
1.097806
1.109186
1.104710
1.090295
1.103496
1.109793
1.102889
1.104103
1.110400
1.090902
1.090902
1.111007
1.111614
1.102889
1.109793
1.084605
1.103496
1.083391
1.096592
1.096592
1.104710
1.117304
1.104103
1.104103
1.088475
1.089082
1.097199
1.103496
1.109793
1.083391
1.089689
1.103496
1.109793
1.090902
1.116697
1.110400
1.083998
1.097199
1.095986
1.090295
1.102889
1.097199
1.098413
1.103496
1.096592
1.097199
1.088475
1.089082
1.090902
1.097806
1.089688
1.090295
1.097199
1.115484
1.090902
1.084605
1.089082
1.097806
1.104103
1.090902
1.095379
1.097199
1.104103
1.096592
1.102889
1.124208
1.101676
1.090902
1.116697
1.098413
1.091509
1.098413
1.097199
1.095986
1.109793
1.109793
1.103496
1.097199
1.097199
1.082785
1.090902
1.116697
1.116697
1.102889
1.096592
1.077094
1.083391
1.117304
1.082785
1.083391
1.090902
1.109186
1.089688
1.103496
1.090295
1.090295
1.097199
1.089082
1.096592
1.077701
1.110400
1.109793
1.117304
1.101119
