1.089688
1.090295
1.095986
1.089688
1.082785
1.117304
1.090902
1.082178
1.077701
1.116697
1.097199
1.109186
1.110400
1.089689
1.102889
1.095986
1.111007
1.102889
1.085212
1.083391
1.083391
1.089082
1.117304
1.090295
1.109793
1.097199
1.103496
1.097806
1.097806
1.096592
1.090902
1.117911
1.116697
1.085819
1.097806
1.097199
1.104103
1.102283
1.104103
1.116697
1.090902
1.084605
1.104103
1.109793
1.103496
1.083998
1.103496
1.103496
1.097806
1.103496
1.110400
1.102889
1.097199
1.109793
1.102889
1.097199
1.096592
1.090902
1.097199
1.103496
1.097199
1.102889
1.082785
1.083391
1.096592
1.097806
1.096592
1.109793
1.097806
1.096592
1.083998
1.103496
1.089689
1.103496
1.083391
1.097199
1.090902
1.109793
1.090902
1.104103
1.117304
1.103496
1.104103
1.096592
1.092116
1.097806
1.098413
1.090295
1.090295
1.102889
1.097806
1.095986
1.095986
1.110400
1.097199
1.129898
1.076488
1.095986
1.089689
1.109186
1.109793
1.096592
1.096592
1.097199
1.097806
1.081571
1.097806
1.095379
1.097199
1.090295
1.075881
1.111007
1.089082
1.089082
1.110400
1.110400
1.116697
1.110400
1.089689
1.104103
1.089688
1.104103
1.103496
1.096592
1.076488
1.102283
1.097199
1.089688
1.109793
1.101676
1.095379
1.109793
1.097806
1.102283
1.116697
1.095379
1.097199
1.090902
1.090902
1.077701
1.090902
1.089688
1.104710
1.092116
1.102889
1.103496
1.097199
1.097199
1.102283
1.102889
1.117911
1.090295
1.103496
1.096592
1.097199
1.088475
1.090902
1.089688
1.117911
1.088475
1.096592
1.095986
1.077701
1.083391
1.097199
1.084605
1.104103
1.104710
1.095379
1.097199
1.097806
1.089689
1.090295
1.102889
1.090295
1.109186
1.110400
1.089688
1.083391
1.110400
1.091509
1.091509
1.097806
1.097199
1.083391
1.104103
1.083998
1.102889
1.097199
1.097806
1.102889
1.097199
1.116090
1.097199
1.095986
1.097199
1.103496
1.102889
1.116697
1.091509
1.096592
1.102283
1.082178
1.103496
1.095379
1.097199
1.096592
1.090295
1.104103
1.109793
1.104103
1.103496
1.104710
1.091509
1.095379
1.095986
1.083998
1.110400
1.091509
1.097199
1.102283
1.129291
1.095986
1.090902
1.104103
1.090295
1.102889
1.110400
1.109793
1.091509
1.077701
1.097199
1.090295
1.090295
1.091509
1.091509
1.089082
1.117304
1.116697
1.083391
1.095986
1.104710
1.082178
1.095986
1.089688
1.089689
1.109793
1.111007
1.095986
1.096592
1.111007
1.103496
1.116090
1.090295
1.097199
1.102283
1.102889
1.110400
1.089082
1.103496
1.090902
1.102889
1.090295
1.109793
1.104103
1.102889
1.089688
1.091509
1.101676
1.102889
1.102283
1.092116
1.085212
1.096592
1.083998
1.097199
1.097199
1.103496
1.092116
1.109793
1.108580
1.095379
1.103496
1.077094
1.097199
1.090902
1.097199
1.097199
1.095986
1.096592
1.085212
1.097199
1.097199
1.103496
1.117304
1.083998
1.109186
1.110400
1.109186
1.096592
1.123601
1.104103
1.090295
1.109793
1.102889
1.097199
1.095985
1.090295
1.089082
1.097199
1.096592
1.084605
1.102283
1.097199
1.103496
1.096592
1.105317
1.103496
1.082785
1.090295
1.095985
1.091509
1.082785
1.097199
1.109793
1.090295
1.099020
1.116697
1.109793
1.097199
1.090295
1.104710
1.097199
1.083391
1.105317
1.095986
1.096592
1.076083
