1.089689
1.102889
1.089689
1.090902
1.082178
1.095379
1.110400
1.104103
1.090902
1.102283
1.083391
1.090902
1.099019
1.096592
1.109793
1.082785
1.077701
1.109186
1.081571
1.089688
1.095379
1.098413
1.097199
1.097806
1.083998
1.104103
1.097806
1.111007
1.097199
1.097199
1.090902
1.090295
1.110400
1.110400
1.102889
1.104103
1.090902
1.091509
1.090902
1.117304
1.090902
1.090902
1.090295
1.102283
1.084605
1.083391
1.110400
1.097806
1.102889
1.095379
1.103496
1.117304
1.102889
1.103496
1.104103
1.103496
1.082178
1.111007
1.095986
1.116090
1.097806
1.123601
1.103496
1.090295
1.104103
1.090902
1.116697
1.104103
1.102889
1.103496
1.091509
1.116697
1.115484
1.089689
1.103496
1.089689
1.083391
1.104103
1.094772
1.117304
1.089689
1.103496
1.089689
1.110400
1.095379
1.104103
1.110400
1.104103
1.077701
1.101676
1.116697
1.091509
1.091509
1.097199
1.103496
1.096592
1.089082
1.097806
1.089082
1.090902
1.096592
1.083391
1.102889
1.136195
1.103496
1.083998
1.089689
1.117304
1.116697
1.103496
1.097806
1.109793
1.095986
1.096592
1.122994
1.097806
1.089082
1.083998
1.101676
1.102889
1.089689
1.117911
1.102889
1.109793
1.090295
1.109793
1.097806
1.104103
1.109186
1.102889
1.104103
1.089689
1.102889
1.082785
1.083391
1.103496
1.090295
1.091509
1.122994
1.104710
1.102889
1.097806
1.097199
1.110400
1.115484
1.096592
1.097806
1.109793
1.095379
1.096592
1.116697
1.078915
1.097199
1.092116
1.103496
1.090295
1.089689
1.103496
1.104710
1.096592
1.077701
1.102889
1.089689
1.109186
1.097199
1.109187
1.102283
1.110400
1.089689
1.104103
1.103496
1.110400
1.104103
1.096592
1.085212
1.104103
1.103496
1.089688
1.104103
1.088475
1.076487
1.097806
1.082785
1.098413
1.082785
1.095379
1.082785
1.083391
1.097199
1.095986
1.104103
1.097199
1.089688
1.098413
1.103496
1.104710
1.097806
1.090295
1.083998
1.096592
1.095985
1.097199
1.102889
1.104103
1.082785
1.097199
1.095379
1.095985
1.109186
1.089689
1.110400
1.090295
1.096592
1.090295
1.090295
1.082785
1.102283
1.102889
1.110400
1.097806
1.076487
1.076488
1.096592
1.095986
1.109793
1.116697
1.102283
1.097806
1.116090
1.104103
1.097806
1.089689
1.103496
1.097199
1.097806
1.109186
1.090902
1.116697
1.082178
1.109793
1.103496
1.110400
1.104103
1.102889
1.097199
1.083391
1.096592
1.080964
1.103496
1.110400
1.083391
1.097806
1.090295
1.095986
1.104710
1.090295
1.090902
1.104103
1.102889
1.089688
1.098413
1.089689
1.098413
1.103496
1.090902
1.097199
1.089689
1.096592
1.091509
1.103496
1.089689
1.104710
1.083391
1.082785
1.089689
1.104103
1.104103
1.111007
1.104103
1.091509
1.110400
1.097806
1.083998
1.097806
1.104103
1.103496
1.095986
1.095985
1.096592
1.102283
1.084605
1.104103
1.102283
1.103496
1.090295
1.097199
1.095986
1.083391
1.097806
1.104103
1.096592
1.109793
1.085212
1.097806
1.088475
1.103496
1.085212
1.115484
1.098413
1.109793
1.090295
1.095986
1.090295
1.096592
1.083998
1.098413
1.091509
1.103496
1.096592
1.095986
1.096592
1.097199
1.097199
1.097199
1.089689
1.110400
1.090295
1.091509
1.116697
1.102889
1.081571
1.097806
1.097199
1.103496
1.077701
1.097806
1.111007
1.101119
