2.851256
79.838013
24.019531
17.614004
1.436492
0.898352
46.935524
33.774635
23.435274
27.026834
338.857361
888.880493
447.022217
469.507751
205.158737
386.940125
1242.955688
560.919800
190.574921
41.061058
711.904541
1458.922974
586.952393
235.067627
1075.729736
87.123627
396.262756
432.390717
140.581100
144.308548
313.378387
72.874458
430.452972
269.604126
153.412277
59.615093
350.833832
512.065002
200.971222
165.539581
275.809631
113.316727
138.691498
258.092957
301.122009
116.679405
52.933453
92.679436
49.890923
79.880936
53.192921
86.449051
36.009521
0.774984
17.509521
29.683685
44.628742
9.410771
84.927521
1.284829
8.189398
7.148717
1.482766
2.018369
1.149158
0.832870
0.985514
0.876635
9.684391
7.264660
1.947709
8.564587
15.639076
62.449707
21.733868
14.257930
4.394150
1.250552
1.502630
1.012209
1.083769
1.103416
1.089177
5.876474
1.147475
1.221515
1.096029
29.361149
1.970906
15.167265
1.125364
1.101346
1.113973
0.979693
0.996627
3.005376
1.932293
1.079771
1.029839
1.151158
1.005193
1.426598
1.313620
1.070631
1.152767
3.937450
2.077429
5.529466
4.913617
1.508139
59.308563
35.412106
1.790840
3.597243
1.307608
1.694784
2.553150
1.148121
1.002472
1.188929
1.210642
1.263575
1.361859
1.200753
1.460988
1.032347
1.069214
1.470841
1.093754
1.181114
2.118988
1.383986
1.605863
1.442201
1.230490
0.886846
1.184855
1.087790
1.401656
1.639073
1.261743
1.083521
1.030457
1.113936
1.072726
1.368512
1.092709
4.005569
2.738056
1.054351
1.011253
1.190519
0.899654
1.139733
1.268541
19.083447
1.464866
0.874128
1.244173
1.228584
1.157058
1.071434
1.257877
1.191411
1.203796
1.398283
1.097872
1.179535
1.180468
1.303916
1.092945
1.156798
1.400789
0.984019
1.050042
1.407096
1.345763
1.247082
1.139191
8.902073
1.094876
1.030079
10.822458
11.443856
2.459554
1.167835
1.164441
1.059120
4.158447
1.125661
1.098280
1.097996
1.040345
1.210804
1.159646
1.101271
1.262553
1.133492
3.484956
1.099818
1.439824
65.568314
2.002261
1.121665
0.886270
13.063971
3.941211
1.140972
1.085311
1.127860
1.078130
1.138493
1.125241
1.136582
1.128865
2.406300
1.159130
1.136383
1.054496
1.118986
1.137111
1.284647
1.190312
1.258848
1.116663
1.158874
1.105885
1.143543
1.133408
1.312802
1.227152
1.037682
1.223441
1.086522
1.097403
1.111993
1.127694
1.086645
1.117011
1.073179
1.050550
1.137774
1.128309
1.072324
1.071709
1.296853
1.206874
1.063380
1.074500
1.047817
1.214775
1.252512
1.168605
1.132915
1.110086
1.109383
1.433423
1.163673
0.941544
1.129918
1.038512
1.084952
1.099091
1.304663
0.983726
1.067278
0.831341
1.479272
1.300089
1.046839
1.217745
1.068734
1.138204
1.072898
1.258166
1.226642
1.166330
1.012899
1.151171
1.185385
1.116460
1.158094
1.141181
1.216009
1.100029
1.181729
1.030058
1.077322
1.178069
1.646950
1.055530
1.194487
13.506866
6.377151
1.114311
176.253540
2.454827
13.636965
11.578738
17.767971
1.561298
2.908517
2.052559
3.646927
1.051448
1.114068
1.138952
0.921684
1.134733
1.103726
1.033070
0.925826
1.552190
0.976717
1.156405
1.259488
1.073593
1.286600
1.091369
1.111878
1.123786
1.211828
1.109881
1.183264
1.105868
1.233405
1.366643
1.263540
1.120520
1.203338
1.153154
1.056713
1.274283
0.985557
1.191949
1.179983
1.120845
1.223101
