1.104103
1.097806
1.090902
1.095379
1.103496
1.103496
1.083391
1.096592
1.111007
1.116090
1.097199
1.089689
1.097199
1.097199
1.104103
1.082785
1.090902
1.102889
1.102889
1.097806
1.090902
1.091509
1.097806
1.089688
1.102889
1.090295
1.083391
1.103496
1.082178
1.096592
1.095985
1.105317
1.097199
1.116697
1.089689
1.089082
1.082178
1.103496
1.110400
1.102889
1.096592
1.103496
1.104103
1.122387
1.091509
1.102283
1.102283
1.090295
1.103496
1.111614
1.090295
1.103496
1.097199
1.082785
1.098413
1.090295
1.095986
1.077094
1.096592
1.077094
1.096592
1.104103
1.110400
1.090902
1.102889
1.090295
1.095986
1.096592
1.097199
1.110400
1.103496
1.104710
1.096592
1.090295
1.104710
1.085212
1.096592
1.109793
1.102889
1.096592
1.104103
1.082785
1.116697
1.096592
1.097199
1.102889
1.090295
1.110400
1.116697
1.090295
1.092116
1.095986
1.097199
1.082178
1.090295
1.109187
1.104103
1.090902
1.110400
1.110400
1.083391
1.103496
1.109186
1.089082
1.097199
1.095986
1.095986
1.110400
1.096592
1.090295
1.092116
1.097199
1.105317
1.097199
1.096592
1.109793
1.116090
1.102889
1.109793
1.116697
1.094772
1.097199
1.091509
1.095986
1.077701
1.083998
1.110400
1.090295
1.089688
1.101676
1.096592
1.102889
1.090902
1.083998
1.097199
1.108580
1.097199
1.111614
1.097199
1.102889
1.085212
1.104710
1.111007
1.089082
1.115484
1.076488
1.104103
1.109186
1.095986
1.110400
1.104710
1.097199
1.096592
1.109186
1.097199
1.109187
1.111007
1.095986
1.097199
1.097199
1.075881
1.103496
1.111614
1.097806
1.104710
1.115484
1.102889
1.089082
1.110400
1.109793
1.090295
1.096592
1.097199
1.102889
1.089689
1.089689
1.094772
1.103496
1.077094
1.095379
1.095986
1.104103
1.083391
1.097806
1.103496
1.104710
1.082178
1.103496
1.104103
1.089689
1.117304
1.083391
1.102889
1.090295
1.095986
1.103496
1.097806
1.097199
1.097806
1.102889
1.089688
1.111007
1.110400
1.109793
1.109793
1.097199
1.090902
1.097199
1.083391
1.111007
1.110400
1.103496
1.097199
1.096592
1.104710
1.078915
1.089688
1.096592
1.083998
1.097199
1.102889
1.095986
1.102889
1.104103
1.097806
1.109186
1.103496
1.095986
1.109793
1.084605
1.103496
1.096592
1.109793
1.096592
1.103496
1.098413
1.098413
1.090295
1.090295
1.075881
1.096592
1.094772
1.083998
1.090902
1.097199
1.096592
1.104103
1.103496
1.090295
1.097806
1.090902
1.116697
1.089688
1.090295
1.095986
1.111007
1.089082
1.089689
1.116697
1.104710
1.116090
1.085212
1.097199
1.104103
1.090295
1.097199
1.078308
1.097199
1.104103
1.089689
1.096592
1.109793
1.095379
1.102283
1.102889
1.090295
1.085212
1.097199
1.102889
1.089688
1.083391
1.083391
1.095379
1.098413
1.102889
1.091509
1.097199
1.083998
1.129291
1.097199
1.116090
1.098413
1.090295
1.103496
1.082178
1.097199
1.103496
1.090902
1.104710
1.104103
1.095986
1.097199
1.102283
1.095986
1.104103
1.083391
1.096592
1.096592
1.097806
1.096592
1.097199
1.102283
1.102283
1.077094
1.088475
1.097199
1.089688
1.075881
1.098413
1.090902
1.084605
1.111007
1.097806
1.109793
1.103496
1.091509
1.103496
1.104103
1.109793
1.104710
1.099020
1.096592
1.096592
1.096592
1.104710
1.103496
1.110400
1.097073
