1.098413
1.083391
1.116697
1.103496
1.082785
1.102889
1.104103
1.097199
1.102889
1.102889
1.097199
1.090295
1.109793
1.082178
1.102889
1.116697
1.095379
1.090902
1.097199
1.104710
1.097199
1.090295
1.097806
1.096592
1.111007
1.090902
1.083998
1.088475
1.102889
1.090295
1.103496
1.090902
1.096592
1.116090
1.115484
1.082785
1.110400
1.111614
1.090902
1.092116
1.088475
1.095379
1.097806
1.103496
1.088475
1.110400
1.103496
1.092116
1.097199
1.083998
1.082785
1.090902
1.110400
1.102283
1.095986
1.085212
1.089082
1.077701
1.096592
1.083391
1.103496
1.103496
1.077094
1.095986
1.103496
1.089082
1.116090
1.097199
1.083391
1.096592
1.109187
1.117304
1.084605
1.097199
1.088475
1.097806
1.110400
1.096592
1.110400
1.123601
1.098413
1.117304
1.102889
1.091509
1.102889
1.096592
1.084605
1.103496
1.109186
1.102889
1.096592
1.084605
1.104103
1.095986
1.111007
1.104103
1.097199
1.103496
1.083391
1.077094
1.082178
1.102889
1.097199
1.096592
1.085819
1.089689
1.096592
1.116090
1.110400
1.095379
1.089082
1.104103
1.076488
1.108580
1.092723
1.091509
1.097199
1.090902
1.090295
1.090295
1.111007
1.095379
1.110400
1.095986
1.104103
1.102889
1.097199
1.122994
1.091509
1.110400
1.089082
1.090902
1.097199
1.091509
1.089688
1.095986
1.090902
1.101676
1.104103
1.109186
1.090902
1.116090
1.090902
1.098413
1.096592
1.103496
1.103496
1.103496
1.089082
1.082178
1.105317
1.089082
1.098413
1.097199
1.116090
1.103496
1.115484
1.102889
1.097199
1.090295
1.117304
1.096592
1.091509
1.097806
1.082785
1.109793
1.102283
1.097806
1.104103
1.101676
1.111007
1.085212
1.096592
1.103496
1.089688
1.097199
1.103496
1.097199
1.090295
1.077094
1.083998
1.090902
1.110400
1.109793
1.095379
1.111614
1.090295
1.110400
1.089082
1.103496
1.097199
1.097806
1.102889
1.103496
1.097806
1.110400
1.089082
1.111614
1.090295
1.089689
1.095986
1.078308
1.103496
1.102283
1.097806
1.097806
1.082178
1.083998
1.096592
1.083391
1.097806
1.089689
1.108580
1.117304
1.089082
1.102889
1.110400
1.103496
1.097199
1.110400
1.090902
1.123601
1.097199
1.097806
1.103496
1.090295
1.083391
1.116697
1.097199
1.095379
1.097199
1.103496
1.103496
1.088475
1.104103
1.075881
1.104103
1.083391
1.090295
1.091509
1.103496
1.096592
1.083391
1.109793
1.109186
1.083391
1.089082
1.097199
1.110400
1.116697
1.089689
1.109793
1.088475
1.122994
1.096592
1.097806
1.089689
1.110400
1.082785
1.090902
1.103496
1.103496
1.095379
1.097199
1.109793
1.103496
1.110400
1.090295
1.092116
1.110400
1.095986
1.103496
1.103496
1.097199
1.103496
1.103496
1.083998
1.110400
1.096592
1.096592
1.103496
1.090295
1.090902
1.103496
1.109793
1.104710
1.097806
1.097806
1.111007
1.097199
1.083391
1.117304
1.095986
1.090295
1.089689
1.097199
1.096592
1.097199
1.123601
1.116697
1.088475
1.082785
1.085212
1.110400
1.098413
1.104103
1.083998
1.090902
1.076488
1.110400
1.097806
1.096592
1.084605
1.103496
1.097199
1.102889
1.103496
1.095379
1.083998
1.091509
1.097806
1.090295
1.095986
1.090902
1.090902
1.104710
1.109793
1.104103
1.109793
1.091509
1.089082
1.089082
1.075274
1.110400
1.111007
1.103496
1.089688
1.122109
