1.122994
1.085819
1.084605
1.102283
1.085212
1.090902
1.084605
1.097806
1.109793
1.090295
1.110400
1.116090
1.096592
1.097199
1.116090
1.091509
1.104710
1.097199
1.097199
1.096592
1.096592
1.089689
1.078308
1.090295
1.089688
1.102889
1.083391
1.095986
1.097806
1.090902
1.089689
1.096592
1.095986
1.111007
1.109186
1.116697
1.095986
1.103496
1.109186
1.089689
1.096592
1.097806
1.095379
1.103496
1.103496
1.089689
1.110400
1.095986
1.083391
1.109186
1.095986
1.109793
1.104103
1.089688
1.102283
1.097199
1.095986
1.102889
1.091509
1.090902
1.097199
1.089689
1.085212
1.090295
1.102889
1.109793
1.096592
1.090902
1.104103
1.090295
1.084605
1.097199
1.116090
1.104710
1.084605
1.108580
1.116697
1.085212
1.089082
1.089689
1.117304
1.109186
1.111007
1.090902
1.077701
1.104103
1.097806
1.104710
1.091509
1.111007
1.108580
1.097199
1.102889
1.090295
1.075881
1.085212
1.089689
1.089689
1.089082
1.090295
1.109793
1.097806
1.102889
1.095986
1.109186
1.090902
1.109186
1.097199
1.102283
1.096592
1.090295
1.103496
1.098413
1.097199
1.116697
1.090295
1.117911
1.091509
1.096592
1.095986
1.095986
1.102889
1.110400
1.096592
1.097199
1.083998
1.090902
1.116090
1.083998
1.102889
1.084605
1.109793
1.091509
1.098413
1.109186
1.090295
1.110400
1.090902
1.103496
1.096592
1.090902
1.081571
1.104103
1.090295
1.104103
1.104103
1.102889
1.103496
1.095379
1.097199
1.089082
1.095986
1.096592
1.110400
1.103496
1.095986
1.104103
1.075881
1.090902
1.104710
1.096592
1.089082
1.110400
1.076488
1.089082
1.097199
1.096592
1.076488
1.110400
1.075274
1.083391
1.096592
1.104103
1.089689
1.096592
1.103496
1.109186
1.090295
1.108580
1.097199
1.090295
1.097806
1.108580
1.089688
1.102889
1.089082
1.102889
1.109186
1.097199
1.097806
1.111614
1.104710
1.102889
1.104103
1.096592
1.110400
1.102889
1.110400
1.116697
1.082785
1.096592
1.084605
1.110400
1.109186
1.097199
1.105317
1.109793
1.110400
1.090902
1.083998
1.097199
1.083998
1.105317
1.102889
1.089689
1.091509
1.083998
1.117304
1.104103
1.085819
1.090902
1.089082
1.084605
1.083998
1.098413
1.104710
1.095986
1.111007
1.096592
1.095985
1.103496
1.105317
1.082178
1.104710
1.109793
1.116697
1.130505
1.099020
1.090902
1.083391
1.102283
1.095986
1.097199
1.110400
1.097199
1.116697
1.096592
1.095985
1.110400
1.096592
1.082785
1.096592
1.096592
1.095379
1.096592
1.097806
1.090295
1.103496
1.085819
1.110400
1.097199
1.103496
1.097199
1.077094
1.090295
1.109793
1.085212
1.109793
1.089689
1.095379
1.091509
1.097199
1.109186
1.111614
1.089082
1.090295
1.089082
1.102889
1.096592
1.109793
1.090902
1.097199
1.095986
1.096592
1.091509
1.091509
1.090295
1.110400
1.116697
1.095986
1.102889
1.109186
1.082178
1.090295
1.116090
1.096592
1.105317
1.082785
1.104710
1.111007
1.109793
1.103496
1.095986
1.110400
1.091509
1.097199
1.097199
1.116090
1.097199
1.089082
1.095379
1.095986
1.096592
1.104103
1.104710
1.090295
1.083998
1.102889
1.083391
1.089689
1.103496
1.102283
1.110400
1.090295
1.076488
1.117304
1.102283
1.095379
1.090295
1.097199
1.111007
1.109793
1.103496
1.090902
1.090902
1.095986
1.102889
1.080128
