1.109186
1.090295
1.111007
1.089689
1.089082
1.082178
1.103496
1.083998
1.083998
1.103496
1.097806
1.104103
1.110400
1.111007
1.089688
1.097806
1.109186
1.098413
1.083391
1.109186
1.104710
1.088475
1.110400
1.097199
1.097199
1.097199
1.122994
1.084605
1.083391
1.103496
1.095986
1.109793
1.097199
1.109793
1.077094
1.095986
1.124208
1.097806
1.111007
1.091509
1.109186
1.090902
1.090295
1.096592
1.083391
1.090902
1.083998
1.090902
1.097199
1.104103
1.090295
1.096592
1.097806
1.098413
1.109793
1.095986
1.116697
1.097806
1.095986
1.078308
1.102283
1.091509
1.103496
1.083998
1.097199
1.097806
1.096592
1.096592
1.097806
1.109186
1.089689
1.097806
1.116697
1.097199
1.097806
1.109793
1.096592
1.090295
1.098413
1.102283
1.083998
1.102283
1.102889
1.096592
1.097806
1.090295
1.097199
1.116697
1.090295
1.089689
1.096592
1.116697
1.096592
1.083998
1.109793
1.116090
1.103496
1.097199
1.103496
1.097806
1.083998
1.104103
1.089082
1.103496
1.095986
1.103496
1.097199
1.117304
1.083391
1.109793
1.102889
1.104103
1.129291
1.090295
1.102889
1.097199
1.109793
1.089082
1.102889
1.091509
1.096592
1.103496
1.082178
1.089082
1.097199
1.097199
1.096592
1.091509
1.104103
1.075274
1.096592
1.083391
1.110400
1.097199
1.094772
1.083391
1.109186
1.110400
1.083391
1.110400
1.104103
1.097806
1.090295
1.109793
1.097806
1.077094
1.115484
1.096592
1.102889
1.081571
1.083391
1.109793
1.104103
1.083998
1.076488
1.097199
1.097806
1.082178
1.075881
1.089688
1.104710
1.102889
1.101676
1.095986
1.109793
1.091509
1.090902
1.097199
1.090902
1.110400
1.102889
1.097806
1.095986
1.097199
1.104103
1.096592
1.083391
1.097806
1.091509
1.091509
1.082785
1.110400
1.095986
1.103496
1.102283
1.084605
1.097806
1.102889
1.117304
1.090295
1.109793
1.116090
1.089689
1.104103
1.097199
1.096592
1.089082
1.102889
1.111007
1.096592
1.090902
1.111007
1.103496
1.091509
1.097806
1.085819
1.110400
1.095379
1.104103
1.102283
1.097199
1.090902
1.097199
1.104103
1.103496
1.097199
1.096592
1.097199
1.096592
1.083391
1.104103
1.089689
1.096592
1.085212
1.104103
1.102889
1.095986
1.102889
1.103496
1.104710
1.077701
1.096592
1.090295
1.103496
1.089689
1.109793
1.090295
1.090295
1.104710
1.097806
1.083391
1.090902
1.090295
1.090902
1.104103
1.104103
1.103496
1.117304
1.117304
1.090902
1.096592
1.089689
1.083998
1.109793
1.097199
1.104103
1.116090
1.096592
1.097806
1.095986
1.082785
1.095986
1.111007
1.116697
1.096592
1.097199
1.102889
1.090295
1.097199
1.085212
1.102283
1.099020
1.103496
1.098413
1.102889
1.096592
1.109186
1.089082
1.089689
1.103496
1.095986
1.102889
1.111007
1.083391
1.090902
1.102283
1.083391
1.096592
1.083391
1.109793
1.089689
1.109186
1.109793
1.089689
1.097806
1.097199
1.097806
1.109793
1.109793
1.116697
1.095986
1.103496
1.102889
1.102889
1.095379
1.116090
1.102283
1.111007
1.097806
1.102889
1.104710
1.089688
1.097806
1.110400
1.096592
1.083998
1.102889
1.089689
1.110400
1.116090
1.103496
1.090902
1.096592
1.099020
1.095379
1.103496
1.083391
1.090902
1.092116
1.082178
1.097199
1.089689
1.095986
1.098413
1.095379
1.082785
1.110400
1.099096
