1.102889
1.090295
1.095379
1.082785
1.116697
1.109186
1.090295
1.089689
1.104103
1.097806
1.090902
1.097199
1.104103
1.109793
1.104103
1.111007
1.097199
1.097199
1.090902
1.097199
1.082785
1.110400
1.097806
1.095986
1.084605
1.097806
1.082785
1.096592
1.092116
1.089082
1.104103
1.095986
1.085212
1.089689
1.095379
1.104103
1.096592
1.084605
1.110400
1.111007
1.095986
1.084605
1.083998
1.103496
1.123601
1.109793
1.103496
1.097199
1.089082
1.090295
1.097199
1.077701
1.111007
1.104103
1.097806
1.095379
1.083998
1.111007
1.117304
1.088475
1.109186
1.097199
1.083391
1.102889
1.110400
1.110400
1.097806
1.089689
1.097199
1.080964
1.097199
1.129898
1.102283
1.083998
1.082785
1.097806
1.083998
1.110400
1.082785
1.089689
1.096592
1.102889
1.090902
1.090295
1.096592
1.097806
1.090902
1.102889
1.097199
1.083391
1.083391
1.096592
1.090295
1.095986
1.097806
1.096592
1.103496
1.123601
1.109793
1.090295
1.123601
1.102283
1.104103
1.089689
1.103496
1.097199
1.082178
1.102889
1.092116
1.097806
1.095986
1.091509
1.105317
1.097199
1.083998
1.090902
1.109186
1.116697
1.102889
1.089082
1.090902
1.103496
1.116697
1.097199
1.111007
1.103496
1.110400
1.097199
1.082178
1.095379
1.104103
1.102889
1.122994
1.116090
1.090295
1.095986
1.082178
1.116697
1.097199
1.109793
1.109793
1.091509
1.095986
1.110400
1.116090
1.102889
1.097806
1.109186
1.117304
1.103496
1.090902
1.090902
1.095985
1.083998
1.110400
1.117304
1.110400
1.089082
1.110400
1.092116
1.096592
1.090902
1.090295
1.095986
1.096592
1.096592
1.089689
1.103496
1.097199
1.109793
1.091509
1.102889
1.089689
1.103496
1.083391
1.096592
1.102889
1.123601
1.097199
1.102889
1.103496
1.110400
1.110400
1.097199
1.110400
1.084605
1.083391
1.110400
1.089082
1.083391
1.083998
1.089082
1.090295
1.090295
1.095986
1.117911
1.097806
1.090295
1.090902
1.103496
1.090902
1.090295
1.102889
1.090295
1.097806
1.097806
1.097199
1.083998
1.111007
1.103496
1.089688
1.110400
1.090295
1.095379
1.098413
1.097806
1.085212
1.097806
1.102889
1.102889
1.109186
1.090295
1.103496
1.116090
1.109793
1.085212
1.097199
1.096592
1.109186
1.104103
1.090902
1.090902
1.077094
1.082178
1.090902
1.095986
1.104103
1.098413
1.097199
1.104103
1.096592
1.090295
1.092723
1.095985
1.090902
1.095986
1.090902
1.094772
1.103496
1.116697
1.109793
1.102889
1.098413
1.097199
1.103496
1.097806
1.095985
1.097199
1.104710
1.122994
1.090295
1.117304
1.104103
1.083998
1.089082
1.102889
1.102889
1.104103
1.095379
1.090295
1.078308
1.083998
1.109793
1.096592
1.116090
1.089689
1.089082
1.096592
1.081571
1.102283
1.095986
1.110400
1.083391
1.095986
1.103496
1.090295
1.090902
1.109793
1.122994
1.091509
1.097806
1.103496
1.111007
1.104103
1.103496
1.110400
1.097199
1.096592
1.096592
1.090295
1.082785
1.095986
1.109793
1.109186
1.090295
1.096592
1.096592
1.090902
1.110400
1.097806
1.095986
1.097199
1.117304
1.109793
1.095379
1.091509
1.104103
1.083998
1.097199
1.082178
1.102283
1.102889
1.095986
1.084605
1.103496
1.085212
1.095986
1.091509
1.083998
1.104103
1.082785
1.103496
1.083391
1.083391
1.083391
1.090295
1.109793
1.122109
