1.089082
1.096592
1.089082
1.109186
1.115484
1.098413
1.103496
1.104710
1.095379
1.089082
1.109793
1.089082
1.102889
1.097199
1.096592
1.109186
1.090902
1.083391
1.090902
1.097806
1.095986
1.109187
1.097199
1.083391
1.089082
1.104710
1.096592
1.083998
1.102889
1.116697
1.110400
1.116697
1.077094
1.097199
1.096592
1.095379
1.102889
1.098413
1.116697
1.097806
1.102889
1.090902
1.109186
1.103496
1.097806
1.102889
1.089082
1.104103
1.097199
1.095379
1.095985
1.097199
1.096592
1.102889
1.116697
1.089082
1.083391
1.097199
1.123601
1.096592
1.095986
1.090902
1.083391
1.109186
1.116090
1.095985
1.089689
1.097199
1.109793
1.082178
1.110400
1.083998
1.103496
1.110400
1.117304
1.090295
1.083391
1.097199
1.090295
1.102889
1.097199
1.090902
1.109186
1.083391
1.104710
1.089689
1.090295
1.110400
1.104710
1.097199
1.110400
1.104103
1.095986
1.082785
1.102889
1.090295
1.103496
1.097199
1.089689
1.097199
1.103496
1.089689
1.096592
1.098413
1.090295
1.090295
1.097199
1.084605
1.084605
1.097199
1.103496
1.082178
1.089082
1.110400
1.103496
1.097199
1.103496
1.090902
1.104103
1.091509
1.090902
1.096592
1.089082
1.097199
1.096592
1.104710
1.110400
1.110400
1.095985
1.096592
1.083998
1.097199
1.104103
1.096592
1.104103
1.110400
1.104103
1.090902
1.103496
1.095986
1.091509
1.090295
1.103496
1.111007
1.103496
1.109793
1.089082
1.089689
1.097199
1.091509
1.091509
1.104103
1.089688
1.089689
1.090295
1.104710
1.090902
1.097199
1.116697
1.085212
1.089082
1.097806
1.109186
1.095986
1.109186
1.095985
1.108580
1.091509
1.109793
1.104710
1.095379
1.095986
1.102283
1.090295
1.096592
1.097199
1.103496
1.109186
1.096592
1.090295
1.122994
1.097199
1.109793
1.092116
1.083998
1.097199
1.123601
1.103496
1.117304
1.083391
1.083998
1.090295
1.103496
1.089082
1.095986
1.083391
1.090295
1.110400
1.090295
1.077701
1.097199
1.097806
1.116090
1.090902
1.116697
1.083391
1.102283
1.077701
1.109793
1.109186
1.110400
1.089688
1.104103
1.104103
1.103496
1.089688
1.102889
1.104710
1.097199
1.097806
1.096592
1.102889
1.104710
1.103496
1.122994
1.084605
1.103496
1.089689
1.109793
1.090295
1.097199
1.097199
1.109186
1.102889
1.090902
1.083391
1.103496
1.109793
1.084605
1.109793
1.102283
1.110400
1.090902
1.104103
1.129291
1.116697
1.103496
1.081571
1.104103
1.116090
1.103496
1.085212
1.090295
1.089689
1.102889
1.104103
1.102283
1.109793
1.089689
1.083391
1.091509
1.096592
1.083998
1.091509
1.110400
1.089689
1.097199
1.102889
1.091509
1.095986
1.083998
1.095379
1.082178
1.097806
1.109186
1.097199
1.096592
1.102889
1.098413
1.092116
1.110400
1.097199
1.095986
1.104103
1.097199
1.097806
1.095379
1.083391
1.103496
1.090295
1.089082
1.104103
1.095986
1.102889
1.097199
1.098413
1.096592
1.085212
1.102283
1.104103
1.117304
1.082785
1.104103
1.095379
1.109186
1.102283
1.096592
1.090295
1.090902
1.098413
1.097806
1.098413
1.110400
1.116090
1.097199
1.089082
1.102283
1.097806
1.077701
1.090295
1.085212
1.105317
1.117304
1.097199
1.090295
1.090295
1.083998
1.084605
1.097806
1.103496
1.096592
1.084605
1.091509
1.097806
1.097199
1.083391
1.097806
1.099096
