1.103496
1.090295
1.097199
1.104103
1.109793
1.083998
1.111007
1.104103
1.102283
1.122994
1.103496
1.089689
1.083998
1.109793
1.098413
1.103496
1.109186
1.095986
1.089689
1.115484
1.077701
1.104103
1.102283
1.095986
1.109793
1.104103
1.102889
1.116090
1.103496
1.102889
1.083391
1.092723
1.110400
1.103496
1.096592
1.090295
1.089688
1.095379
1.096592
1.083391
1.090295
1.129898
1.095986
1.075274
1.089688
1.103496
1.104103
1.089688
1.083391
1.096592
1.097199
1.089689
1.077701
1.102889
1.082785
1.090295
1.102889
1.077701
1.096592
1.090902
1.082178
1.102889
1.103496
1.090295
1.083391
1.083391
1.102889
1.102889
1.109186
1.111007
1.095379
1.105317
1.110400
1.091509
1.091509
1.103496
1.083998
1.104710
1.089082
1.102889
1.104103
1.102283
1.090295
1.123601
1.096592
1.097199
1.095986
1.095986
1.089082
1.096592
1.116697
1.103496
1.090295
1.097199
1.103496
1.090902
1.104103
1.102283
1.103496
1.103496
1.089689
1.090295
1.096592
1.116697
1.090902
1.104103
1.110400
1.097806
1.090295
1.097806
1.103496
1.097199
1.090295
1.097199
1.096592
1.110400
1.097199
1.089082
1.090902
1.089688
1.088475
1.090902
1.089689
1.090295
1.110400
1.089689
1.111614
1.102889
1.109186
1.089689
1.110400
1.098413
1.097199
1.097199
1.102889
1.090295
1.097199
1.102889
1.082785
1.090295
1.099020
1.103496
1.097199
1.090295
1.097199
1.115484
1.097199
1.083391
1.089689
1.109793
1.075881
1.103496
1.084605
1.103496
1.085819
1.095986
1.096592
1.103496
1.095986
1.109793
1.111007
1.097199
1.097199
1.096592
1.110400
1.110400
1.109793
1.110400
1.097199
1.116697
1.089082
1.083998
1.103496
1.102889
1.091509
1.116090
1.089689
1.095379
1.096592
1.117304
1.109186
1.083998
1.097199
1.090295
1.089082
1.089689
1.089688
1.097806
1.110400
1.082785
1.103496
1.097199
1.081571
1.104710
1.091509
1.111007
1.090295
1.102283
1.090902
1.110400
1.095986
1.083391
1.097806
1.097199
1.103496
1.110400
1.084605
1.104710
1.084605
1.090295
1.097199
1.089082
1.115484
1.103496
1.116090
1.095986
1.102889
1.090902
1.103496
1.097199
1.083998
1.090295
1.091509
1.090902
1.097199
1.089689
1.083998
1.085212
1.097199
1.111614
1.111007
1.104103
1.110400
1.083391
1.123601
1.089689
1.097806
1.091509
1.089688
1.090295
1.089082
1.116090
1.109793
1.095379
1.096592
1.090295
1.110400
1.104103
1.122994
1.111007
1.076488
1.102889
1.087868
1.097806
1.104710
1.109793
1.116090
1.096592
1.083391
1.110400
1.089689
1.104103
1.090295
1.097806
1.110400
1.095986
1.096592
1.109186
1.097199
1.102283
1.109793
1.103496
1.084605
1.097806
1.095986
1.097199
1.082784
1.097806
1.102889
1.097199
1.095986
1.082785
1.097199
1.095379
1.103496
1.110400
1.077701
1.084605
1.097199
1.104710
1.104710
1.103496
1.110400
1.097199
1.090295
1.123601
1.110400
1.090902
1.085212
1.097806
1.102889
1.111007
1.098413
1.097806
1.095986
1.090295
1.103496
1.104103
1.088475
1.096592
1.091509
1.096592
1.102889
1.083998
1.111007
1.104103
1.104103
1.104103
1.104710
1.104103
1.075881
1.090902
1.117304
1.091509
1.090902
1.103496
1.104103
1.091509
1.090902
1.104103
1.089689
1.095379
1.096592
1.095986
1.096592
1.082178
1.103496
1.099096
