1.081474
1.137164
1.125862
1.072973
1.167801
1.249723
1.296446
1.169568
1.184308
1.173242
1.057447
1.209085
1.217776
1.302923
1.348564
1.319487
1.130344
1.248454
1.115029
1.119380
1.140872
1.107231
1.063699
1.014321
1.119475
1.059828
1.261875
1.269367
2.514924
1.014922
2.174956
1.018495
1.063760
1.186371
1.325884
1.207406
1.523395
1.307474
1.354215
0.976741
1.167242
1.049837
1.169029
1.219356
1.107406
1.067521
1.318687
1.320811
0.992970
0.883450
1.121946
0.977465
1.036225
1.831680
1.142018
2.926965
1.288104
1.058992
1.134397
0.985737
1.174346
1.126158
0.992589
1.233851
1.152999
1.128978
1.068608
1.084136
1.089913
0.995894
1.067211
1.085481
1.372438
1.150711
0.947426
1.116870
1.045904
1.172678
1.126032
1.074032
1.108099
1.185410
1.113251
1.114798
1.108731
1.129286
1.097342
1.112644
1.091042
1.117281
1.156118
1.134447
1.060072
1.148096
1.033402
1.126005
1.079761
1.099091
1.020192
1.208917
1.143543
0.978422
1.144130
1.314743
1.274973
1.241005
1.124348
1.045728
1.157966
1.038915
1.178956
1.310063
1.157602
1.259006
1.315138
1.058994
1.110177
1.104160
1.111884
1.185833
1.238103
1.191331
1.112219
1.170200
1.225430
1.144650
1.283440
1.029626
1.157365
1.096437
1.249113
1.037679
1.321164
1.426566
1.086613
1.056646
1.140960
1.077649
1.310450
1.185733
1.236466
1.339990
1.176076
1.106029
1.240237
1.066761
1.283996
1.201655
1.061387
1.063751
1.217767
1.050122
1.238633
1.165998
1.196138
1.190287
1.149239
1.109996
1.235333
0.961395
1.468839
1.308293
1.254992
1.296374
1.068877
1.058769
1.207598
1.092710
1.686222
1.239950
1.494019
0.914677
1.245035
1.353207
1.067464
1.357561
1.280640
1.142792
1.225836
1.264168
1.488975
1.162612
1.343912
1.130050
0.961138
1.202268
1.399284
1.165981
1.100347
1.127778
1.146279
1.098468
0.975999
1.190272
1.276332
1.094067
1.202403
1.132899
1.091148
1.098887
1.152680
1.075833
1.176290
1.001975
1.096681
1.166530
1.066636
1.187389
1.156579
1.076990
1.135301
1.136392
1.092442
0.995469
1.130889
1.363861
1.177752
1.252369
1.049992
1.046484
1.053549
1.168736
1.354088
1.120370
0.954820
1.113758
0.990524
1.093535
0.937234
1.290495
1.463473
1.201881
1.056771
1.186527
1.095748
1.066405
1.092289
1.067406
1.105316
1.295976
1.148582
1.522579
0.981449
1.278144
1.091137
1.046771
1.066631
1.217834
1.169771
1.112699
1.110936
1.081416
1.056422
1.126740
1.129132
1.098029
1.173172
1.099771
1.154240
1.101566
1.143109
1.093978
1.101170
1.137930
1.143006
1.159573
1.107295
1.113735
1.248279
1.096816
0.961824
1.244632
1.196766
1.115828
1.248579
1.032502
1.113700
1.157235
1.115044
1.091264
1.102900
1.241739
1.060319
1.036158
1.127688
0.969468
1.230827
1.133778
1.070835
1.150144
1.059536
1.091661
1.010023
1.110993
1.273537
0.983031
1.130122
1.142269
1.148464
1.094515
1.091646
1.114266
1.064062
1.121454
1.076679
1.100711
1.056008
1.117984
1.178786
1.040617
1.235464
1.087106
1.154844
1.102929
1.126843
1.135506
1.141701
1.100738
1.121238
1.101413
1.100165
1.098445
1.057497
1.183616
0.948914
1.055704
1.263245
1.173164
0.987725
1.348035
1.026413
1.014544
1.091591
1.094135
2.425214
1.234359
1.527346
1.052176
