1.083998
1.083391
1.109186
1.102889
1.087868
1.098413
1.084605
1.090902
1.116090
1.090295
1.103496
1.084605
1.104103
1.097806
1.096592
1.095379
1.115484
1.096592
1.090902
1.092116
1.116090
1.091509
1.090902
1.097199
1.117304
1.097199
1.090902
1.090295
1.082178
1.116090
1.090295
1.089688
1.083391
1.111007
1.097199
1.097199
1.091509
1.083391
1.116697
1.108580
1.102889
1.090295
1.110400
1.096592
1.083998
1.083998
1.088475
1.104103
1.110400
1.089689
1.096592
1.091509
1.103496
1.103496
1.088475
1.122994
1.111007
1.102889
1.082785
1.095986
1.111007
1.103496
1.095986
1.104103
1.103496
1.109793
1.097806
1.109793
1.104103
1.096592
1.082785
1.090295
1.085212
1.096592
1.111007
1.088475
1.103496
1.091509
1.091509
1.089082
1.088475
1.083998
1.116090
1.097199
1.109793
1.110400
1.092116
1.103496
1.103496
1.117911
1.110400
1.096592
1.090295
1.117304
1.083998
1.097199
1.109186
1.089688
1.096592
1.098413
1.109793
1.117304
1.090902
1.088475
1.092116
1.090295
1.082178
1.109793
1.089082
1.111007
1.097199
1.076488
1.097806
1.111007
1.116697
1.110400
1.096592
1.109186
1.116697
1.116697
1.096592
1.096592
1.083998
1.082785
1.097806
1.097806
1.116697
1.095986
1.103496
1.103496
1.103496
1.104710
1.103496
1.095379
1.103496
1.083998
1.103496
1.097199
1.092116
1.089082
1.102889
1.104103
1.102889
1.090295
1.090295
1.097806
1.090295
1.088475
1.102283
1.085212
1.083391
1.110400
1.096592
1.104103
1.103496
1.104710
1.095985
1.101676
1.102283
1.109793
1.104103
1.103496
1.090295
1.097806
1.083998
1.099020
1.102889
1.097806
1.103496
1.116697
1.096592
1.097806
1.104103
1.097199
1.103496
1.096592
1.110400
1.103496
1.097199
1.109793
1.090902
1.096592
1.083391
1.102283
1.103496
1.104103
1.097199
1.082785
1.110400
1.102889
1.095986
1.103496
1.090295
1.102283
1.084605
1.097199
1.103496
1.090902
1.083391
1.096592
1.083391
1.095986
1.110400
1.085819
1.104103
1.097806
1.103496
1.090902
1.090295
1.097806
1.089082
1.109186
1.094772
1.091509
1.095985
1.075274
1.090902
1.083391
1.094772
1.103496
1.091509
1.097199
1.097199
1.084605
1.103496
1.116090
1.096592
1.090902
1.083998
1.097199
1.090295
1.097806
1.104710
1.098413
1.076487
1.110400
1.110400
1.098413
1.109793
1.097806
1.129898
1.104103
1.077094
1.109186
1.097806
1.090902
1.103496
1.098413
1.089689
1.097199
1.103496
1.116697
1.090295
1.116697
1.083391
1.089688
1.109793
1.103496
1.109793
1.082785
1.103496
1.089688
1.097199
1.110400
1.102283
1.102889
1.091509
1.089688
1.090902
1.089689
1.083998
1.110400
1.091509
1.116090
1.097199
1.090902
1.103496
1.102283
1.089082
1.089689
1.102889
1.083391
1.090295
1.102283
1.090295
1.104103
1.103496
1.095986
1.095379
1.085212
1.102283
1.111007
1.111007
1.097199
1.103496
1.090902
1.104103
1.097806
1.090902
1.089689
1.109186
1.084605
1.096592
1.096592
1.097806
1.104103
1.096592
1.109186
1.104710
1.090902
1.110400
1.090295
1.097199
1.102889
1.110400
1.083998
1.090295
1.101676
1.110400
1.116090
1.096592
1.083998
1.090902
1.102889
1.089689
1.082785
1.104103
1.096592
1.095985
1.082178
1.095379
1.109186
1.084605
1.095986
1.110400
1.090902
1.095379
1.097073
