1.095986
1.090902
1.090295
1.090295
1.109186
1.116697
1.111007
1.096592
1.097199
1.097806
1.097806
1.083391
1.090902
1.109186
1.090295
1.103496
1.096592
1.103496
1.096592
1.082784
1.095986
1.111007
1.090902
1.098413
1.096592
1.096592
1.104103
1.102889
1.103496
1.095379
1.104103
1.089082
1.089689
1.109186
1.082178
1.089689
1.096592
1.116697
1.076487
1.089688
1.104103
1.117911
1.096592
1.104103
1.103496
1.095986
1.095986
1.089689
1.089082
1.096592
1.104103
1.116697
1.090295
1.095986
1.098413
1.097806
1.091509
1.089082
1.095986
1.096592
1.095379
1.098413
1.089082
1.102889
1.083998
1.097199
1.083998
1.095986
1.083998
1.091509
1.090295
1.111614
1.104103
1.102889
1.117304
1.109793
1.116697
1.090902
1.083998
1.111614
1.097199
1.102889
1.082785
1.104103
1.090902
1.097199
1.097199
1.097806
1.104103
1.109793
1.096592
1.103496
1.089688
1.109186
1.095379
1.090902
1.102889
1.089688
1.110400
1.095986
1.083998
1.095379
1.102889
1.091509
1.115484
1.136195
1.109793
1.102283
1.090295
1.090295
1.083391
1.090295
1.109793
1.102889
1.104103
1.116090
1.097199
1.104710
1.089688
1.097199
1.109793
1.083391
1.104103
1.109793
1.090902
1.102889
1.104103
1.090295
1.095986
1.104103
1.117304
1.089688
1.090295
1.117911
1.117304
1.089082
1.098413
1.103496
1.096592
1.083998
1.092116
1.095985
1.095986
1.083998
1.097199
1.095379
1.097199
1.098413
1.095986
1.083391
1.090902
1.089688
1.103496
1.090295
1.089082
1.084605
1.102889
1.123601
1.090295
1.097199
1.089082
1.123601
1.084605
1.089082
1.102283
1.102889
1.104103
1.116090
1.109793
1.110400
1.097199
1.083998
1.095379
1.104103
1.090295
1.104103
1.103496
1.090295
1.109793
1.104710
1.103496
1.117304
1.095379
1.098413
1.096592
1.089688
1.097199
1.095986
1.090902
1.104103
1.090902
1.103496
1.089082
1.090902
1.103496
1.096592
1.089082
1.083391
1.097199
1.090902
1.104710
1.083998
1.095986
1.089082
1.116697
1.116090
1.091509
1.109186
1.090902
1.102889
1.089688
1.116697
1.105317
1.090295
1.089688
1.096592
1.077094
1.090295
1.097806
1.103496
1.104710
1.110400
1.090295
1.103496
1.083998
1.083391
1.095985
1.090902
1.104103
1.090902
1.097199
1.083391
1.090295
1.102889
1.097199
1.095986
1.095986
1.103496
1.090902
1.083391
1.116697
1.083391
1.102889
1.109186
1.089688
1.110400
1.090902
1.090902
1.104103
1.083998
1.110400
1.098413
1.117304
1.116697
1.095986
1.110400
1.103496
1.097199
1.117304
1.109186
1.090295
1.082785
1.102889
1.110400
1.083391
1.083998
1.124208
1.104103
1.096592
1.111007
1.090295
1.082178
1.103496
1.116697
1.089689
1.096592
1.102889
1.090295
1.111007
1.109793
1.096592
1.104710
1.104103
1.090295
1.097199
1.097806
1.095379
1.090295
1.096592
1.089689
1.082178
1.090295
1.097806
1.103496
1.111007
1.082785
1.117304
1.097806
1.083391
1.085212
1.123601
1.090902
1.124208
1.098413
1.103496
1.089082
1.081571
1.103496
1.104710
1.089688
1.102889
1.090295
1.109793
1.084605
1.078915
1.097806
1.122994
1.105317
1.104103
1.089082
1.097199
1.088475
1.095986
1.103496
1.103496
1.095986
1.091509
1.096592
1.097199
1.092116
1.097199
1.091509
1.083391
1.083391
1.090295
1.108580
1.097806
1.097073
