1.104710
1.083998
1.082785
1.103496
1.103496
1.085212
1.089082
1.102283
1.109793
1.096592
1.097199
1.103496
1.097806
1.102889
1.090295
1.089689
1.083391
1.098413
1.097199
1.103496
1.097199
1.103496
1.092116
1.090295
1.083998
1.109793
1.085819
1.104710
1.089082
1.089082
1.089688
1.102889
1.097199
1.095986
1.104710
1.104103
1.104103
1.084605
1.103496
1.096592
1.090902
1.096592
1.097199
1.096592
1.090902
1.103496
1.109793
1.103496
1.111614
1.116090
1.090902
1.097199
1.084605
1.090902
1.083998
1.109186
1.104103
1.104103
1.082785
1.090902
1.103496
1.102282
1.089689
1.117304
1.097806
1.110400
1.109793
1.102889
1.110400
1.090295
1.109186
1.095986
1.116090
1.096592
1.090295
1.097806
1.110400
1.090902
1.084605
1.103496
1.110400
1.078308
1.097806
1.082785
1.102283
1.117911
1.097199
1.090295
1.109793
1.091509
1.089688
1.104103
1.097806
1.098413
1.095379
1.083391
1.082785
1.084605
1.103496
1.116697
1.090295
1.095986
1.090295
1.089082
1.097806
1.083998
1.083998
1.129898
1.084605
1.095986
1.097806
1.097199
1.083998
1.082178
1.103496
1.110400
1.109793
1.103496
1.102889
1.083998
1.097806
1.097806
1.091509
1.109793
1.097806
1.104103
1.096592
1.090902
1.096592
1.103496
1.102889
1.108580
1.097806
1.122994
1.099020
1.110400
1.116090
1.082785
1.089082
1.110400
1.123601
1.099020
1.102283
1.102889
1.089082
1.124208
1.096592
1.109793
1.082784
1.109793
1.104103
1.116697
1.122994
1.110400
1.116697
1.111007
1.102889
1.085212
1.104710
1.101676
1.076488
1.109793
1.083998
1.103496
1.102283
1.090902
1.097806
1.095986
1.129898
1.116697
1.082178
1.122387
1.089689
1.104103
1.084605
1.089689
1.097199
1.097199
1.117304
1.095379
1.102283
1.102889
1.109186
1.083391
1.102283
1.110400
1.083998
1.089688
1.097199
1.089689
1.097199
1.090295
1.102889
1.095379
1.090902
1.109186
1.089082
1.111007
1.104103
1.102889
1.090295
1.104103
1.102889
1.110400
1.090902
1.104710
1.095379
1.095986
1.083998
1.116697
1.104103
1.088475
1.115484
1.102890
1.097199
1.104103
1.095986
1.097199
1.090902
1.090902
1.096592
1.095985
1.116697
1.097199
1.095986
1.089688
1.096592
1.104710
1.082785
1.085212
1.096592
1.095379
1.110400
1.090295
1.097199
1.097806
1.077094
1.109793
1.083998
1.096592
1.090902
1.102889
1.089082
1.095986
1.097199
1.089688
1.097806
1.104103
1.095379
1.110400
1.102889
1.089082
1.097806
1.103496
1.090295
1.084605
1.097199
1.103496
1.085212
1.098413
1.103496
1.097806
1.097199
1.104103
1.090295
1.110400
1.089689
1.097199
1.097199
1.092116
1.101676
1.092723
1.089689
1.111614
1.075881
1.083998
1.095986
1.075274
1.110400
1.088475
1.077094
1.090902
1.083391
1.104103
1.090902
1.090295
1.091509
1.111614
1.090295
1.103496
1.096592
1.077094
1.116090
1.105317
1.104103
1.115484
1.089689
1.096592
1.088475
1.103496
1.098413
1.104103
1.083391
1.103496
1.090902
1.102889
1.090295
1.109186
1.102889
1.083391
1.116697
1.097199
1.097806
1.103496
1.095379
1.090295
1.116697
1.089689
1.081571
1.104103
1.097199
1.097199
1.083391
1.090295
1.102283
1.089082
1.089689
1.103496
1.096592
1.116697
1.090295
1.096592
1.103496
1.089689
1.102889
1.096592
1.104103
1.120086
