1.104103
1.104710
1.083391
1.096592
1.116697
1.110400
1.098413
1.104103
1.110400
1.109793
1.082785
1.083391
1.090295
1.090902
1.102889
1.109186
1.103496
1.083391
1.092116
1.089689
1.103496
1.109793
1.095986
1.103496
1.102889
1.116697
1.097806
1.104103
1.099020
1.103496
1.103496
1.110400
1.089082
1.103496
1.096592
1.097806
1.095379
1.090295
1.102889
1.090295
1.104710
1.097199
1.089082
1.097199
1.103496
1.122387
1.096592
1.090902
1.089082
1.077094
1.083998
1.089082
1.104103
1.097199
1.104103
1.103496
1.096592
1.097199
1.110400
1.098413
1.097199
1.095986
1.102889
1.095986
1.111007
1.089688
1.090295
1.095379
1.110400
1.083391
1.103496
1.117911
1.116090
1.104103
1.097199
1.097806
1.103496
1.092116
1.130505
1.090902
1.097806
1.104103
1.095986
1.109186
1.097199
1.084605
1.090902
1.104103
1.102889
1.103496
1.095986
1.110400
1.090295
1.095985
1.095986
1.123601
1.090295
1.109186
1.102889
1.109793
1.103496
1.087868
1.081571
1.103496
1.089689
1.102283
1.076488
1.097199
1.098413
1.083391
1.116090
1.084605
1.096592
1.102283
1.089688
1.103496
1.095985
1.097199
1.117304
1.101676
1.090295
1.096592
1.083998
1.096592
1.103496
1.090902
1.083391
1.091509
1.104103
1.097199
1.090295
1.104103
1.109186
1.110400
1.104710
1.083391
1.108580
1.097199
1.091509
1.090295
1.104103
1.091509
1.104103
1.104103
1.082178
1.104103
1.089082
1.097199
1.090902
1.089688
1.090295
1.091509
1.097199
1.102283
1.098413
1.103496
1.117911
1.083998
1.104103
1.083998
1.122387
1.102283
1.089082
1.099020
1.095986
1.102283
1.103496
1.097199
1.103496
1.084605
1.102889
1.090295
1.090902
1.109793
1.082785
1.075881
1.088475
1.091509
1.103496
1.096592
1.103496
1.096592
1.095379
1.082785
1.104710
1.097806
1.090902
1.090295
1.089082
1.097199
1.104103
1.104103
1.096592
1.104103
1.096592
1.096592
1.116090
1.095986
1.122994
1.090902
1.096592
1.103496
1.096592
1.104103
1.103496
1.117304
1.095985
1.104103
1.104710
1.109793
1.095379
1.103496
1.097199
1.090295
1.090902
1.083391
1.109186
1.089082
1.098413
1.096592
1.090902
1.078915
1.097806
1.110400
1.109793
1.075881
1.097806
1.082785
1.096592
1.097199
1.102283
1.105317
1.103496
1.103496
1.089689
1.091509
1.089082
1.090295
1.095379
1.101676
1.111007
1.097806
1.104103
1.116697
1.089082
1.083998
1.083998
1.090902
1.111007
1.110400
1.097806
1.095986
1.077701
1.109793
1.089689
1.090295
1.076488
1.103496
1.104103
1.102889
1.104103
1.091509
1.103496
1.085212
1.097199
1.091509
1.095985
1.109793
1.083391
1.095379
1.097199
1.123601
1.104710
1.083998
1.082785
1.090295
1.111614
1.103496
1.110400
1.097806
1.096592
1.104103
1.082785
1.096592
1.096592
1.083391
1.096592
1.103496
1.081571
1.097199
1.104103
1.097199
1.097806
1.104103
1.090295
1.104103
1.091509
1.109793
1.090295
1.082178
1.098413
1.116090
1.090902
1.091509
1.109793
1.103496
1.089689
1.096592
1.103496
1.104103
1.089082
1.102889
1.094772
1.103496
1.097806
1.103496
1.097806
1.083998
1.103496
1.084605
1.095379
1.097199
1.109186
1.109186
1.089688
1.103496
1.102283
1.102889
1.083998
1.104103
1.083391
1.096592
1.104710
1.090295
1.095379
1.116090
1.116697
1.101119
