1.083998
1.097806
1.095986
1.097806
1.109186
1.097199
1.096592
1.095986
1.097199
1.109186
1.089689
1.111007
1.105317
1.095379
1.095986
1.109793
1.117304
1.089082
1.104103
1.097199
1.075881
1.097806
1.109793
1.092116
1.103496
1.097199
1.109793
1.109186
1.109793
1.117304
1.084605
1.090295
1.090902
1.089688
1.090902
1.103496
1.083391
1.095985
1.104103
1.095379
1.102889
1.102889
1.091509
1.078308
1.082785
1.103496
1.104103
1.096592
1.085212
1.117304
1.090295
1.089082
1.097199
1.102283
1.103496
1.109793
1.104710
1.091509
1.091509
1.111007
1.096592
1.101676
1.090295
1.096592
1.117304
1.098413
1.095986
1.110400
1.090902
1.092116
1.104103
1.097806
1.089689
1.091509
1.095379
1.104103
1.097199
1.103496
1.088475
1.096592
1.096592
1.109793
1.095986
1.102889
1.090295
1.090902
1.108580
1.104103
1.102889
1.103496
1.097806
1.110400
1.095986
1.103496
1.098413
1.088475
1.090902
1.096592
1.083391
1.109793
1.102889
1.104710
1.096592
1.090295
1.090295
1.083998
1.097806
1.109793
1.117304
1.102283
1.097806
1.082178
1.103496
1.104710
1.096592
1.103496
1.090295
1.095986
1.124208
1.123601
1.089689
1.097199
1.110400
1.103496
1.097199
1.090295
1.081571
1.103496
1.110400
1.096592
1.089689
1.110400
1.075881
1.110400
1.082785
1.096592
1.116090
1.089082
1.108580
1.097199
1.095986
1.104103
1.090902
1.091509
1.089689
1.102889
1.102889
1.097806
1.096592
1.116697
1.108580
1.090902
1.103496
1.109793
1.104710
1.089689
1.096592
1.097806
1.090902
1.082178
1.095379
1.089688
1.089082
1.090902
1.089689
1.083998
1.104710
1.102889
1.103496
1.097806
1.104103
1.097199
1.103496
1.116090
1.096592
1.105317
1.089689
1.109793
1.097199
1.109793
1.097199
1.103496
1.083391
1.103496
1.117304
1.109187
1.096592
1.083998
1.104103
1.082785
1.089689
1.095379
1.091509
1.085212
1.083391
1.136802
1.089688
1.103496
1.109186
1.095379
1.097806
1.089082
1.103496
1.102889
1.089689
1.076488
1.104103
1.095986
1.090295
1.095986
1.083998
1.109186
1.098413
1.122994
1.089688
1.089689
1.083391
1.077701
1.090295
1.082785
1.095986
1.102889
1.090902
1.089688
1.095986
1.096592
1.095986
1.105317
1.099020
1.103496
1.102283
1.095986
1.097806
1.089689
1.097199
1.102889
1.102283
1.102889
1.103496
1.089688
1.116697
1.084605
1.097199
1.097199
1.091509
1.097806
1.097199
1.091509
1.079522
1.117304
1.095379
1.089689
1.111007
1.102889
1.103496
1.104103
1.089082
1.110400
1.089082
1.097199
1.102889
1.090295
1.090295
1.109793
1.096592
1.090902
1.103496
1.091509
1.109793
1.104103
1.099020
1.091509
1.098413
1.082785
1.097806
1.116697
1.116090
1.102889
1.109186
1.095986
1.095986
1.099019
1.102283
1.090902
1.103496
1.109793
1.090902
1.096592
1.116090
1.095986
1.089689
1.103496
1.097199
1.104103
1.109793
1.097806
1.091509
1.096592
1.077701
1.084605
1.092116
1.082785
1.084605
1.102283
1.124208
1.103496
1.091509
1.090295
1.097199
1.097806
1.090902
1.104710
1.083391
1.090295
1.085212
1.097199
1.102889
1.090295
1.097199
1.096592
1.122994
1.095986
1.095986
1.098413
1.089688
1.082785
1.096592
1.090902
1.083391
1.109186
1.102889
1.110400
1.103496
1.105317
1.083998
1.095986
1.116697
1.099096
