1.102283
1.097806
1.097199
1.096592
1.089688
1.102889
1.090295
1.102283
1.083998
1.103496
1.096592
1.110400
1.103496
1.097806
1.116090
1.090902
1.089082
1.097199
1.096592
1.097199
1.103496
1.097199
1.096592
1.102889
1.091509
1.117304
1.103496
1.096592
1.102889
1.097806
1.083391
1.097199
1.096592
1.103496
1.104710
1.095986
1.109186
1.096592
1.089689
1.104103
1.090902
1.096592
1.109793
1.102283
1.077701
1.111007
1.097199
1.097806
1.096592
1.091509
1.088475
1.110400
1.097199
1.102889
1.097806
1.102283
1.095986
1.097806
1.102889
1.083998
1.097806
1.098413
1.103496
1.096592
1.097199
1.102283
1.102889
1.095379
1.103496
1.082785
1.102889
1.090295
1.095379
1.095985
1.089689
1.090902
1.110400
1.083391
1.089082
1.095986
1.077094
1.089689
1.097806
1.090295
1.116697
1.104710
1.090902
1.103496
1.089082
1.077094
1.090295
1.110400
1.090295
1.104103
1.103496
1.095379
1.097199
1.116090
1.101676
1.097199
1.103496
1.110400
1.083391
1.109793
1.103496
1.110400
1.102889
1.091509
1.095986
1.095986
1.090295
1.109793
1.096592
1.111007
1.095986
1.103496
1.095379
1.082785
1.095986
1.097806
1.097199
1.097806
1.123601
1.097806
1.096592
1.116090
1.091509
1.103496
1.104710
1.089082
1.110400
1.110400
1.103496
1.084605
1.097199
1.097806
1.104103
1.104710
1.090902
1.096592
1.102889
1.109186
1.104103
1.110400
1.089689
1.109186
1.090295
1.083391
1.097199
1.098413
1.090295
1.095986
1.095986
1.104103
1.103496
1.090295
1.090902
1.083998
1.104710
1.091509
1.109793
1.090295
1.083998
1.083998
1.097806
1.091509
1.097199
1.095986
1.076488
1.102889
1.095379
1.102283
1.103496
1.110400
1.095986
1.097806
1.098413
1.096592
1.090902
1.109793
1.082785
1.102889
1.083998
1.077701
1.090295
1.102889
1.116697
1.110400
1.095379
1.096592
1.089689
1.103496
1.095379
1.089689
1.102889
1.104103
1.103496
1.109793
1.096592
1.116090
1.078915
1.090295
1.104710
1.083391
1.104103
1.096592
1.096592
1.084605
1.085212
1.116697
1.096592
1.116697
1.095986
1.109187
1.097199
1.090902
1.095379
1.098413
1.097199
1.110400
1.083998
1.095986
1.090902
1.110400
1.102283
1.089689
1.117304
1.090902
1.117911
1.097806
1.102889
1.091509
1.098413
1.090902
1.096592
1.095986
1.097199
1.089689
1.077701
1.103496
1.097806
1.123601
1.104103
1.104103
1.110400
1.090902
1.089689
1.115484
1.084605
1.089689
1.083391
1.104103
1.094772
1.097806
1.097199
1.096592
1.097199
1.095986
1.109793
1.109793
1.097199
1.083391
1.103496
1.090902
1.090902
1.096592
1.110400
1.084605
1.097806
1.089689
1.110400
1.096592
1.091509
1.096592
1.104103
1.104103
1.090295
1.109793
1.102889
1.116697
1.102283
1.098413
1.117304
1.102889
1.104103
1.097199
1.084605
1.103496
1.083391
1.091509
1.095379
1.103496
1.090295
1.089082
1.102283
1.092116
1.102889
1.102889
1.103496
1.117304
1.103496
1.102889
1.102889
1.077094
1.082785
1.097806
1.110400
1.110400
1.102283
1.096592
1.111007
1.082785
1.097199
1.090295
1.076488
1.095986
1.085212
1.109793
1.091509
1.089688
1.090902
1.109186
1.095379
1.109793
1.104103
1.103496
1.096592
1.089082
1.104710
1.109186
1.090295
1.102889
1.077094
1.090295
1.102889
1.105317
1.104710
1.078106
