1.111007
1.090295
1.104103
1.110400
1.103496
1.090902
1.104710
1.090902
1.095986
1.091509
1.092723
1.102889
1.108580
1.096592
1.116697
1.116697
1.095986
1.103496
1.090902
1.089082
1.103496
1.097199
1.129898
1.095379
1.085212
1.096592
1.116090
1.095986
1.102889
1.089689
1.089082
1.090295
1.089689
1.096592
1.089688
1.097199
1.111007
1.096592
1.095986
1.103496
1.096592
1.095986
1.096592
1.096592
1.104710
1.103496
1.083998
1.102283
1.097199
1.097199
1.109793
1.102889
1.103496
1.097199
1.097806
1.108580
1.089689
1.095986
1.116090
1.078308
1.103496
1.103496
1.095379
1.092116
1.090902
1.089689
1.091509
1.097199
1.090295
1.104103
1.103496
1.117304
1.109186
1.111007
1.103496
1.110400
1.076487
1.090295
1.091509
1.095986
1.104103
1.102283
1.110400
1.103496
1.096592
1.117304
1.082785
1.095985
1.098413
1.084605
1.102889
1.103496
1.092116
1.104103
1.104103
1.090902
1.102889
1.097806
1.097199
1.090902
1.103496
1.103496
1.094772
1.104103
1.103496
1.089082
1.122994
1.095379
1.083391
1.082178
1.097806
1.090295
1.097199
1.109793
1.089082
1.097806
1.110400
1.102889
1.090295
1.096592
1.090902
1.091509
1.089688
1.090295
1.083391
1.104103
1.104103
1.116697
1.102889
1.096592
1.090295
1.098413
1.103496
1.117304
1.097199
1.104103
1.090295
1.109793
1.103496
1.097806
1.116697
1.109793
1.097199
1.111007
1.102283
1.090295
1.103496
1.111007
1.090295
1.097806
1.103496
1.102283
1.091509
1.095379
1.096592
1.104710
1.084605
1.097199
1.083391
1.090295
1.109793
1.104103
1.097806
1.097199
1.089082
1.083391
1.104103
1.095986
1.089689
1.096592
1.096592
1.096592
1.102889
1.095986
1.103496
1.081571
1.103496
1.090295
1.077094
1.097199
1.116090
1.091509
1.103496
1.089688
1.102283
1.123601
1.082785
1.097199
1.089689
1.096592
1.095986
1.102889
1.103496
1.110400
1.089689
1.104103
1.084605
1.091509
1.089082
1.104710
1.089689
1.083998
1.117304
1.117304
1.097806
1.089689
1.089688
1.096592
1.104103
1.103496
1.089689
1.097199
1.090902
1.103496
1.096592
1.108580
1.104103
1.111007
1.109186
1.082785
1.097806
1.102889
1.091509
1.110400
1.090295
1.084605
1.090295
1.089689
1.097199
1.102283
1.102889
1.111007
1.090295
1.090295
1.098413
1.103496
1.076488
1.095986
1.090902
1.108580
1.096592
1.089689
1.095986
1.103496
1.089689
1.108580
1.090902
1.092116
1.115484
1.096592
1.096592
1.111007
1.104710
1.083998
1.109793
1.090902
1.089689
1.104710
1.104103
1.090295
1.104103
1.097199
1.102283
1.089689
1.102283
1.096592
1.103496
1.096592
1.103496
1.090902
1.092722
1.095985
1.090295
1.102889
1.090902
1.104103
1.103496
1.104103
1.085212
1.095379
1.089688
1.096592
1.103496
1.104103
1.104710
1.104103
1.110400
1.103496
1.085212
1.102283
1.103496
1.108580
1.110400
1.103496
1.089689
1.082785
1.096592
1.089688
1.090902
1.090295
1.096592
1.098413
1.110400
1.102889
1.103496
1.089689
1.096592
1.089689
1.097199
1.078915
1.089689
1.096592
1.098413
1.097806
1.104103
1.095986
1.090902
1.103496
1.104103
1.089082
1.104103
1.109793
1.102889
1.083998
1.089688
1.111007
1.090902
1.082785
1.091509
1.090295
1.083998
1.090902
1.083391
1.089082
1.109187
1.109793
1.095379
1.099096
