1.084605
1.102889
1.084605
1.104103
1.084605
1.097199
1.097199
1.102889
1.103496
1.090902
1.097806
1.104710
1.097199
1.082785
1.096592
1.089082
1.103496
1.090902
1.091509
1.096592
1.096592
1.109793
1.090902
1.091509
1.091509
1.097806
1.095986
1.082785
1.116090
1.110400
1.110400
1.103496
1.096592
1.096592
1.089082
1.103496
1.108580
1.096592
1.104710
1.109186
1.095986
1.117304
1.116090
1.097199
1.096592
1.123601
1.111007
1.082784
1.109186
1.109793
1.102889
1.084605
1.090295
1.089689
1.117304
1.097199
1.095986
1.097199
1.097199
1.097199
1.109793
1.097806
1.104103
1.089082
1.096592
1.097199
1.116090
1.089688
1.096592
1.083391
1.103496
1.109793
1.097199
1.089689
1.097806
1.104103
1.115484
1.104710
1.095986
1.103496
1.090295
1.104103
1.122994
1.095986
1.109793
1.102283
1.102889
1.104710
1.089082
1.097806
1.090902
1.109793
1.104710
1.103496
1.096592
1.088475
1.096592
1.109793
1.083391
1.085212
1.116697
1.105317
1.082785
1.102889
1.097199
1.097199
1.083998
1.091509
1.085212
1.094772
1.092116
1.089688
1.083998
1.096592
1.083391
1.090902
1.095986
1.102889
1.096592
1.117304
1.110400
1.088475
1.117304
1.096592
1.088475
1.078308
1.097199
1.105317
1.096592
1.111007
1.102889
1.096592
1.089689
1.102283
1.102283
1.091509
1.102283
1.110400
1.097806
1.083391
1.116697
1.083391
1.090902
1.096592
1.097199
1.096592
1.104103
1.117911
1.090295
1.109793
1.103496
1.096592
1.109186
1.097806
1.097199
1.109793
1.096592
1.097806
1.095986
1.097806
1.103496
1.103496
1.110400
1.090902
1.097199
1.102283
1.090902
1.090902
1.083998
1.103496
1.122994
1.078915
1.097199
1.090295
1.096592
1.102889
1.103496
1.097199
1.110400
1.097199
1.103496
1.096592
1.097199
1.091509
1.109186
1.116697
1.097199
1.102889
1.089689
1.085212
1.090295
1.104710
1.089082
1.090295
1.089689
1.090295
1.082785
1.102889
1.110400
1.104103
1.090902
1.117304
1.102283
1.096592
1.104710
1.102889
1.083998
1.076488
1.090295
1.104103
1.082785
1.097806
1.097806
1.110400
1.110400
1.091509
1.109793
1.103496
1.110400
1.090295
1.111007
1.104103
1.111007
1.104710
1.102889
1.102889
1.090295
1.089689
1.109793
1.102283
1.090902
1.102283
1.102889
1.096592
1.090295
1.091509
1.104710
1.095986
1.083998
1.109793
1.090902
1.096592
1.090295
1.089688
1.104103
1.089688
1.084605
1.096592
1.109186
1.109186
1.090902
1.102889
1.097199
1.109793
1.090902
1.089082
1.104103
1.102283
1.095986
1.089689
1.097199
1.090902
1.099020
1.098413
1.090295
1.103496
1.110400
1.083998
1.090295
1.104103
1.110400
1.097806
1.109793
1.090295
1.116090
1.096592
1.097806
1.103496
1.083998
1.109186
1.089689
1.083391
1.095379
1.083998
1.082785
1.090295
1.104103
1.096592
1.102890
1.116090
1.111614
1.090295
1.096592
1.089082
1.109186
1.109793
1.097199
1.102889
1.082785
1.104710
1.085212
1.104103
1.090902
1.097199
1.091509
1.103496
1.110400
1.117304
1.082178
1.075881
1.084605
1.103496
1.095986
1.102889
1.102889
1.110400
1.102283
1.089689
1.078308
1.109793
1.097806
1.104103
1.109793
1.095986
1.089688
1.089082
1.081571
1.090902
1.089688
1.075274
1.089688
1.077701
1.083998
1.090295
1.108580
1.090295
1.103496
1.097073
