1.102889
1.115484
1.091509
1.095986
1.089082
1.090295
1.109793
1.103496
1.104103
1.103496
1.097806
1.091509
1.103496
1.104710
1.111007
1.111007
1.089082
1.090902
1.103496
1.090902
1.097199
1.090295
1.109186
1.083391
1.090902
1.096592
1.096592
1.096592
1.083391
1.111007
1.090295
1.089082
1.095986
1.083391
1.091509
1.097199
1.090295
1.091509
1.089689
1.109793
1.097199
1.102889
1.102889
1.110400
1.092116
1.089689
1.097199
1.111007
1.082785
1.084605
1.090902
1.103496
1.095986
1.097806
1.091509
1.089689
1.103496
1.117911
1.097199
1.102889
1.097199
1.097806
1.090902
1.090295
1.095379
1.103496
1.109793
1.085212
1.090902
1.096592
1.102283
1.089689
1.096592
1.111007
1.103496
1.078915
1.089082
1.103496
1.097199
1.084605
1.082785
1.109793
1.111614
1.102283
1.095986
1.090295
1.083998
1.091509
1.111007
1.104103
1.102889
1.091509
1.116697
1.109793
1.095985
1.097199
1.096592
1.104103
1.109793
1.103496
1.103496
1.109186
1.109186
1.096592
1.098413
1.085212
1.103496
1.097199
1.110400
1.097199
1.116697
1.097199
1.116090
1.096592
1.089689
1.089689
1.095986
1.083998
1.104710
1.096592
1.090902
1.098413
1.097806
1.104103
1.117304
1.129898
1.089688
1.103496
1.088475
1.116697
1.117304
1.089689
1.097806
1.089082
1.102283
1.097806
1.083391
1.103496
1.097199
1.095985
1.104103
1.076488
1.098413
1.109187
1.090295
1.075274
1.090902
1.110400
1.097199
1.082785
1.109186
1.096592
1.097806
1.116090
1.104103
1.083998
1.082178
1.077094
1.104103
1.095986
1.074667
1.089082
1.097199
1.111007
1.090902
1.096592
1.089689
1.103496
1.083391
1.103496
1.098413
1.095986
1.104103
1.090902
1.095986
1.103496
1.104710
1.110400
1.102889
1.109793
1.096592
1.089688
1.102283
1.102889
1.096592
1.104103
1.111007
1.089689
1.102283
1.096592
1.097199
1.097806
1.103496
1.110400
1.108580
1.083391
1.104103
1.104103
1.109186
1.096592
1.102889
1.109793
1.082785
1.117304
1.102283
1.109186
1.097199
1.090902
1.102283
1.095986
1.082785
1.083391
1.103496
1.083391
1.090902
1.090902
1.095986
1.110400
1.090295
1.089689
1.104103
1.082785
1.083998
1.097806
1.097199
1.103496
1.089082
1.104710
1.111007
1.094772
1.082178
1.095986
1.090902
1.095379
1.116697
1.098413
1.091509
1.116090
1.097199
1.095986
1.124208
1.097199
1.103496
1.095986
1.089082
1.098413
1.103496
1.095986
1.097199
1.116697
1.089689
1.089689
1.104710
1.090902
1.102889
1.097199
1.104103
1.089688
1.096592
1.104710
1.110400
1.097806
1.102889
1.090295
1.103496
1.097199
1.084605
1.102283
1.096592
1.090295
1.076487
1.089688
1.096592
1.089082
1.083998
1.103496
1.116697
1.090902
1.109793
1.109793
1.092116
1.096592
1.083391
1.089688
1.116090
1.104103
1.103496
1.104103
1.091509
1.092116
1.104103
1.097199
1.090295
1.109793
1.095379
1.104103
1.096592
1.101676
1.115484
1.097199
1.116697
1.109793
1.089689
1.104710
1.089689
1.084605
1.077094
1.110400
1.102283
1.090902
1.098413
1.102889
1.082785
1.103496
1.097199
1.097806
1.083391
1.090902
1.097199
1.102889
1.084605
1.097199
1.109793
1.104103
1.090295
1.097199
1.095986
1.090295
1.101676
1.111007
1.104103
1.095986
1.096592
1.090295
1.111007
1.116697
1.085212
1.099096
