2.761052
21.512970
2.481828
6.458497
1.153579
1.105274
1.105311
1.119911
1.091044
1.110859
1.083637
1.063842
1.189978
1.108676
1.145676
1.090705
1.060014
1.233780
1.108855
1.212198
1.133653
1.176175
1.135952
0.931916
1.056213
1.252661
1.354566
1.339993
1.199072
1.030532
1.178301
1.141466
1.108060
1.063252
0.945401
1.032374
1.191678
1.170327
1.531129
1.383077
1.074020
1.096144
1.061626
1.243073
1.131251
1.234007
1.429511
0.961634
1.265200
1.103343
1.193317
1.027563
0.989413
1.259446
1.242019
1.452079
1.338835
1.042853
1.410587
0.983355
1.052377
1.015510
1.234968
1.113378
1.359312
1.606671
1.099520
1.527917
1.144151
1.142451
1.213061
1.063016
1.222847
1.089323
1.030393
1.033157
1.046533
1.003074
1.367172
1.216983
0.969050
1.279055
1.064439
1.131224
1.257686
1.138077
1.171503
1.121692
1.269461
1.243746
1.219219
1.220400
1.354114
1.076550
1.223370
1.121224
1.136050
1.084480
1.097039
1.297726
1.221917
0.980576
1.043406
0.925265
1.166490
1.241487
1.186556
1.063691
1.070722
1.112563
1.074387
1.081991
1.108174
1.093973
1.131539
1.096065
1.127860
1.093857
1.066679
1.068886
1.118683
0.982147
1.112636
1.312228
2.769970
1.370514
1.308105
1.014091
1.134328
1.119333
1.160700
1.109155
1.088949
1.092820
1.180348
1.093901
1.147246
1.144563
1.101627
1.122761
1.094837
1.114159
1.039702
1.112735
1.079959
1.070116
1.234113
1.188452
1.215221
1.243230
1.191265
1.075012
1.168998
1.137093
1.119011
1.071497
1.165737
1.072045
1.237049
1.079703
1.117846
1.091186
1.063075
1.227783
1.069071
1.120575
1.351426
1.250802
1.132029
1.090717
1.090208
1.012558
1.064215
0.883108
1.169331
1.178432
1.114278
1.622789
0.874183
1.199970
1.227002
1.105980
1.168897
1.061036
1.081047
1.054943
1.011948
1.181062
1.367209
1.056796
1.083413
1.141285
1.119349
1.059639
1.155528
1.164905
1.102893
1.050949
1.052413
1.130490
1.161916
1.113871
1.102280
1.080223
1.070843
1.097961
1.168554
1.246888
1.263744
1.193906
1.116909
1.095403
1.074471
1.070805
1.172258
1.125336
1.292509
1.126385
1.215111
1.122616
1.191846
1.108121
1.081796
1.198576
1.174938
1.163196
3.336185
5.383458
1.115392
1.174494
1.112965
1.204729
1.184020
1.163872
1.879076
1.162253
1.227321
0.991197
1.128082
1.116496
1.285904
1.157450
1.157673
0.991322
1.114554
1.278854
1.140348
1.092178
1.093751
1.277764
1.133144
1.235994
1.242920
1.050709
1.282440
1.141224
1.166100
1.023946
1.143140
0.933861
1.432653
1.045014
1.236863
1.075233
1.724857
1.599237
1.033636
1.148299
1.127406
1.040645
1.314938
1.031064
1.322546
1.096982
1.201000
1.087325
1.020870
1.182771
1.100570
1.184847
1.071384
1.258766
1.210812
1.154836
1.026922
1.093027
1.160586
1.213178
1.275505
1.078970
1.232016
1.285153
1.115145
1.055716
1.158870
1.360396
0.985795
1.444049
0.915302
1.098112
1.278010
1.085099
1.342991
3.610744
1.167767
1.087066
1.169274
1.093591
1.125072
1.161681
1.393448
1.174636
1.143990
1.094772
1.109758
1.102256
1.094339
1.172844
1.164827
1.102206
1.089981
1.125164
1.153254
1.103613
1.098065
1.112773
1.154147
1.082122
1.120383
1.215643
1.076985
1.118206
1.187283
1.053632
1.193424
1.157457
1.081558
1.209674
