1.090295
1.102889
1.090295
1.095379
1.089689
1.090295
1.096592
1.096592
1.097199
1.090902
1.089082
1.105317
1.097806
1.097806
1.084605
1.122994
1.089689
1.090295
1.095379
1.104710
1.097806
1.097199
1.083998
1.095379
1.082785
1.090295
1.103496
1.110400
1.097199
1.102889
1.078308
1.084605
1.083998
1.095986
1.110400
1.096592
1.089082
1.097199
1.102889
1.111614
1.089082
1.084605
1.102283
1.090295
1.096592
1.104103
1.104710
1.110400
1.104103
1.111007
1.089688
1.102889
1.078915
1.109793
1.103496
1.089082
1.102283
1.085212
1.082785
1.109793
1.104103
1.099020
1.085212
1.090902
1.103496
1.085212
1.097199
1.090295
1.102889
1.103496
1.122387
1.090295
1.089688
1.102889
1.098413
1.117304
1.097806
1.102889
1.111007
1.097199
1.102889
1.095986
1.090295
1.110400
1.110400
1.109793
1.097806
1.089688
1.104103
1.082178
1.102283
1.117304
1.104710
1.091509
1.101676
1.116090
1.116697
1.090295
1.103496
1.102889
1.109186
1.097806
1.104103
1.109793
1.102283
1.102889
1.110400
1.090902
1.084605
1.078308
1.090295
1.103496
1.102283
1.097199
1.104710
1.117304
1.095379
1.089082
1.102889
1.097199
1.090902
1.108580
1.090295
1.095986
1.103496
1.096592
1.089082
1.097199
1.111007
1.084605
1.109793
1.104103
1.102889
1.083998
1.109793
1.095986
1.104103
1.097806
1.117911
1.095986
1.109186
1.083391
1.090295
1.097199
1.117911
1.096592
1.109793
1.089082
1.104103
1.089689
1.111007
1.097806
1.103496
1.102283
1.097199
1.095986
1.084605
1.090902
1.091509
1.096592
1.096592
1.089688
1.091509
1.095986
1.083391
1.088475
1.104103
1.090295
1.105317
1.078308
1.091509
1.090902
1.096592
1.090902
1.103496
1.103496
1.097199
1.103496
1.116090
1.085212
1.096592
1.109793
1.102889
1.090902
1.096592
1.090295
1.089082
1.089689
1.109793
1.094772
1.090295
1.097199
1.101676
1.097199
1.097806
1.110400
1.090902
1.090295
1.111007
1.095986
1.097806
1.097199
1.083391
1.090902
1.095379
1.116090
1.077094
1.109793
1.090295
1.104103
1.090295
1.089689
1.103496
1.109793
1.102889
1.102889
1.087868
1.122994
1.097806
1.098413
1.102889
1.090295
1.103496
1.083998
1.094772
1.103496
1.090295
1.095986
1.098413
1.082178
1.104103
1.109793
1.089082
1.085212
1.104103
1.077701
1.104710
1.109793
1.096592
1.111007
1.083998
1.083998
1.089082
1.090902
1.089688
1.109793
1.109793
1.104103
1.085819
1.089082
1.103496
1.096592
1.096592
1.103496
1.102283
1.083391
1.091509
1.110400
1.111614
1.098413
1.089689
1.102889
1.083998
1.097199
1.116697
1.083391
1.123601
1.097806
1.098413
1.102889
1.090902
1.103496
1.077094
1.097806
1.116090
1.095379
1.082785
1.095986
1.111007
1.110400
1.095986
1.102889
1.103496
1.075881
1.104103
1.123601
1.096592
1.102889
1.104710
1.103496
1.104103
1.109186
1.089688
1.109793
1.124208
1.089689
1.083998
1.095379
1.082785
1.089689
1.097806
1.090902
1.095986
1.091509
1.096592
1.104103
1.103496
1.091509
1.097199
1.103496
1.089082
1.110400
1.083391
1.102889
1.097199
1.095379
1.095986
1.090902
1.116090
1.110400
1.103496
1.096592
1.083391
1.096592
1.109793
1.104103
1.102283
1.103496
1.103496
1.090295
1.103496
1.102889
1.095985
1.077701
1.097806
1.095985
1.103496
1.122109
