1.110400
1.090902
1.104710
1.111007
1.096592
1.095986
1.104103
1.095986
1.110400
1.090295
1.090902
1.095986
1.083391
1.104710
1.097199
1.090902
1.116697
1.109186
1.096592
1.117304
1.089689
1.096592
1.090295
1.090902
1.109793
1.082785
1.109793
1.110400
1.084605
1.082785
1.089688
1.089082
1.090295
1.089689
1.097806
1.083391
1.075274
1.082784
1.087868
1.109186
1.109793
1.103496
1.103496
1.103496
1.090295
1.097199
1.091509
1.082785
1.110400
1.083391
1.110400
1.117911
1.104710
1.109186
1.097806
1.090902
1.083998
1.103496
1.096592
1.096592
1.096592
1.090295
1.089688
1.104103
1.101676
1.084605
1.089688
1.097806
1.097806
1.097806
1.082178
1.122387
1.090295
1.097806
1.096592
1.097806
1.089689
1.122387
1.102283
1.102889
1.103496
1.095986
1.116697
1.097806
1.097199
1.110400
1.104103
1.098413
1.116090
1.090295
1.102889
1.102889
1.089689
1.097806
1.083998
1.083391
1.089082
1.096592
1.083391
1.090902
1.111614
1.097199
1.085212
1.097199
1.103496
1.095379
1.085819
1.116697
1.095986
1.091509
1.097806
1.102889
1.103496
1.090902
1.091509
1.083998
1.104103
1.084605
1.089082
1.117911
1.081571
1.116697
1.089688
1.090295
1.111007
1.110400
1.116090
1.089689
1.122994
1.084605
1.104103
1.097199
1.083391
1.129898
1.083998
1.117911
1.097806
1.097199
1.089688
1.104103
1.091509
1.104103
1.110400
1.085212
1.110400
1.095379
1.097199
1.104103
1.103496
1.117304
1.097806
1.109186
1.090295
1.082785
1.103496
1.096592
1.097199
1.104103
1.090902
1.090902
1.095379
1.104103
1.083391
1.111007
1.104103
1.094772
1.097199
1.089688
1.116697
1.097806
1.104103
1.090295
1.111007
1.103496
1.095986
1.111007
1.098413
1.090902
1.109186
1.083391
1.077701
1.109793
1.109793
1.097806
1.102889
1.090295
1.090902
1.110400
1.109793
1.085212
1.103496
1.103496
1.102283
1.083998
1.102889
1.090295
1.089688
1.109186
1.097199
1.084605
1.089689
1.090295
1.096592
1.085212
1.090902
1.102283
1.083998
1.109793
1.078308
1.104103
1.090902
1.103496
1.089688
1.102283
1.089082
1.097199
1.110400
1.103496
1.096592
1.090295
1.090902
1.090902
1.102889
1.097806
1.095986
1.110400
1.095379
1.109186
1.089689
1.083391
1.095986
1.109793
1.102283
1.111007
1.097199
1.104103
1.083998
1.116697
1.091509
1.102889
1.084605
1.089689
1.089689
1.111007
1.088475
1.082178
1.097199
1.116697
1.110400
1.104710
1.097806
1.102283
1.097199
1.103496
1.104103
1.082178
1.102889
1.090295
1.096592
1.095986
1.104103
1.102889
1.083998
1.102889
1.085212
1.104103
1.089689
1.103496
1.111614
1.076488
1.097806
1.089082
1.092116
1.090295
1.102283
1.095986
1.095986
1.102889
1.090295
1.097806
1.097199
1.096592
1.109793
1.097199
1.117304
1.095379
1.097199
1.089689
1.116697
1.096592
1.096592
1.084605
1.095986
1.124208
1.090295
1.103496
1.123601
1.103496
1.095986
1.116697
1.109793
1.097199
1.090902
1.082785
1.103496
1.097199
1.090295
1.103496
1.095986
1.089082
1.102889
1.098413
1.109793
1.101676
1.088475
1.110400
1.089689
1.097806
1.124208
1.090902
1.083391
1.076488
1.090295
1.087868
1.089689
1.110400
1.103496
1.096592
1.111007
1.097199
1.090295
1.096592
1.111614
1.109793
1.109793
1.104103
1.082178
1.076083
