1.104710
1.104103
1.090902
1.111007
1.083391
1.117304
1.103496
1.105317
1.096592
1.111007
1.098413
1.090295
1.097199
1.109793
1.083998
1.110400
1.097806
1.095986
1.117304
1.091509
1.090295
1.089689
1.089688
1.097199
1.124208
1.097806
1.111614
1.083998
1.097806
1.075881
1.084605
1.097806
1.090295
1.098413
1.097806
1.090295
1.096592
1.089689
1.091509
1.104103
1.116090
1.089689
1.103496
1.090295
1.089082
1.103496
1.077094
1.117911
1.095379
1.090902
1.122994
1.095379
1.123601
1.109793
1.089688
1.096592
1.084605
1.116697
1.096592
1.089082
1.109186
1.109793
1.089689
1.084605
1.102283
1.104103
1.103496
1.090295
1.095986
1.083391
1.097199
1.104103
1.083998
1.123601
1.097199
1.089082
1.083391
1.104710
1.091509
1.086425
1.083998
1.090902
1.090295
1.088475
1.082785
1.097199
1.083391
1.104710
1.090902
1.104103
1.090902
1.090902
1.097199
1.090295
1.082785
1.103496
1.109793
1.082785
1.108580
1.104103
1.089688
1.103496
1.082785
1.097806
1.076488
1.102889
1.096592
1.102889
1.089689
1.103496
1.091509
1.098413
1.103496
1.111007
1.103496
1.116697
1.111007
1.088475
1.090295
1.110400
1.097199
1.103496
1.097199
1.129291
1.096592
1.097199
1.103496
1.082785
1.081571
1.089689
1.090902
1.102283
1.097806
1.104710
1.089689
1.094772
1.111007
1.102889
1.110400
1.089688
1.084605
1.110400
1.098413
1.097806
1.103496
1.089689
1.095986
1.109793
1.096592
1.095986
1.110400
1.110400
1.081571
1.090902
1.077094
1.097199
1.090295
1.097199
1.103496
1.095379
1.124208
1.104103
1.104103
1.090295
1.091509
1.089689
1.102283
1.082785
1.097806
1.097806
1.109186
1.097199
1.089082
1.096592
1.097199
1.095379
1.090902
1.110400
1.104103
1.083391
1.089689
1.097199
1.102889
1.096592
1.123601
1.095986
1.097199
1.109793
1.083391
1.089688
1.095986
1.109793
1.097199
1.097199
1.117304
1.089689
1.098413
1.088475
1.090902
1.096592
1.096592
1.083998
1.082785
1.097199
1.097806
1.103496
1.104103
1.090295
1.096592
1.097806
1.103496
1.095379
1.103496
1.090295
1.097199
1.083391
1.110400
1.097806
1.097199
1.102889
1.083391
1.095986
1.102283
1.082785
1.102889
1.091509
1.090295
1.111007
1.090295
1.104103
1.097199
1.090902
1.090295
1.097199
1.104710
1.102889
1.111614
1.110400
1.081571
1.109186
1.124208
1.090902
1.089688
1.090295
1.096592
1.111007
1.095986
1.090902
1.117304
1.103496
1.104103
1.083998
1.090295
1.103496
1.091509
1.103496
1.095379
1.110400
1.095986
1.097199
1.088475
1.116697
1.089689
1.089688
1.122994
1.095986
1.097199
1.104710
1.111007
1.095379
1.104103
1.109793
1.096592
1.102889
1.098413
1.097199
1.110400
1.110400
1.090902
1.110400
1.101676
1.097199
1.104103
1.091509
1.101676
1.109187
1.095986
1.090902
1.095986
1.097806
1.090295
1.089082
1.102889
1.110400
1.095986
1.095986
1.110400
1.088475
1.084605
1.105317
1.096592
1.124208
1.123601
1.110400
1.103496
1.089689
1.083391
1.089689
1.095379
1.103496
1.104103
1.089689
1.083998
1.089688
1.084605
1.103496
1.104103
1.102889
1.089689
1.109793
1.097806
1.103496
1.096592
1.096592
1.096592
1.083391
1.103496
1.091509
1.111007
1.096592
1.110400
1.090295
1.102283
1.095379
1.102889
1.082785
1.109793
1.099096
