1.097199
1.097199
1.110400
1.102889
1.122994
1.092116
1.110400
1.095379
1.090295
1.117304
1.109793
1.095379
1.082785
1.104103
1.089689
1.096592
1.109793
1.104103
1.082785
1.083998
1.097199
1.083391
1.104103
1.109793
1.104103
1.095986
1.103496
1.103496
1.097806
1.095986
1.102889
1.090295
1.116697
1.094772
1.083998
1.103496
1.091509
1.095986
1.109793
1.090295
1.097806
1.103496
1.109793
1.104103
1.089688
1.109793
1.089689
1.095986
1.097199
1.090902
1.096592
1.090902
1.122994
1.077701
1.122994
1.089688
1.092116
1.109793
1.089082
1.102889
1.090902
1.095986
1.083391
1.116697
1.109793
1.083998
1.104103
1.096592
1.096592
1.109186
1.095986
1.095986
1.111007
1.085819
1.076488
1.104103
1.096592
1.085819
1.089688
1.115484
1.104710
1.102889
1.089689
1.081571
1.111007
1.095986
1.083391
1.111007
1.096592
1.084605
1.097199
1.103496
1.109793
1.097199
1.122387
1.089082
1.096592
1.084605
1.091509
1.090902
1.090295
1.089689
1.089689
1.103496
1.089689
1.097199
1.104103
1.110400
1.097199
1.102889
1.122994
1.110400
1.097199
1.109186
1.089689
1.090902
1.089689
1.111614
1.111007
1.097199
1.109793
1.083391
1.102889
1.103496
1.103496
1.082178
1.090295
1.104103
1.096592
1.103496
1.109793
1.083998
1.090295
1.097199
1.090295
1.095986
1.096592
1.104103
1.090295
1.103496
1.110400
1.097199
1.111007
1.096592
1.111007
1.091509
1.102889
1.090295
1.103496
1.084605
1.111007
1.090295
1.097199
1.104710
1.083391
1.089688
1.103496
1.109186
1.095986
1.109186
1.108580
1.103496
1.090902
1.096592
1.089689
1.102889
1.091509
1.098413
1.102889
1.102283
1.089689
1.103496
1.091509
1.103496
1.102889
1.111007
1.102889
1.097806
1.096592
1.078308
1.096592
1.102889
1.097806
1.110400
1.111007
1.109793
1.102283
1.124208
1.104710
1.096592
1.083391
1.090902
1.097199
1.098413
1.091509
1.097199
1.095986
1.110400
1.091509
1.102889
1.116697
1.095379
1.089082
1.083998
1.082785
1.095379
1.089689
1.111007
1.102889
1.091509
1.102889
1.095986
1.089689
1.084605
1.089082
1.090902
1.104103
1.090902
1.097806
1.090295
1.109793
1.103496
1.097806
1.104710
1.117304
1.111007
1.089689
1.089689
1.096592
1.109793
1.102889
1.104710
1.085212
1.082178
1.097199
1.090902
1.109793
1.084605
1.117911
1.089688
1.083391
1.089082
1.097199
1.102283
1.102889
1.083391
1.110400
1.090902
1.082785
1.104103
1.097806
1.083998
1.097199
1.103496
1.095986
1.097199
1.102889
1.097806
1.096592
1.092116
1.109793
1.082785
1.102889
1.103496
1.090295
1.096592
1.078308
1.090295
1.102889
1.089688
1.109793
1.122994
1.109793
1.109793
1.083998
1.091509
1.089689
1.110400
1.097806
1.095986
1.102889
1.104103
1.082785
1.095986
1.091509
1.095986
1.102889
1.089689
1.090295
1.096592
1.089689
1.097806
1.084605
1.089082
1.083998
1.104103
1.095986
1.109186
1.090295
1.116697
1.116697
1.089689
1.091509
1.082785
1.102889
1.103496
1.110400
1.097806
1.090902
1.102889
1.116697
1.097199
1.096592
1.111614
1.098413
1.082785
1.103496
1.089082
1.103496
1.089688
1.090295
1.092116
1.095379
1.084605
1.084605
1.109793
1.094772
1.091509
1.104710
1.109187
1.104103
1.097199
1.090902
1.096592
1.096592
1.097806
1.102889
1.074060
