1.085819
1.104103
1.090295
1.085212
1.103496
1.109793
1.102283
1.090295
1.109186
1.110400
1.091509
1.089082
1.095986
1.116697
1.090295
1.096592
1.084605
1.083998
1.082785
1.095986
1.104103
1.103496
1.117911
1.090902
1.117304
1.104103
1.090902
1.102889
1.082785
1.109793
1.097199
1.103496
1.102283
1.097199
1.116697
1.083391
1.122994
1.097806
1.097199
1.095986
1.104710
1.103496
1.097806
1.115484
1.095986
1.110400
1.090295
1.096592
1.097199
1.111007
1.090295
1.096592
1.116090
1.110400
1.088475
1.109793
1.105317
1.089688
1.109793
1.095379
1.097199
1.102889
1.095986
1.090295
1.117304
1.083391
1.109186
1.090902
1.102889
1.090295
1.109793
1.097806
1.090902
1.089689
1.096592
1.096592
1.096592
1.103496
1.089082
1.103496
1.116090
1.111007
1.083391
1.084605
1.109793
1.109186
1.110400
1.089082
1.095986
1.091509
1.090295
1.104103
1.089689
1.090902
1.089688
1.089082
1.083998
1.116090
1.116697
1.104103
1.109186
1.103496
1.083391
1.089082
1.091509
1.109187
1.097806
1.102889
1.085212
1.102283
1.097199
1.102283
1.109793
1.096592
1.104710
1.104710
1.097199
1.097806
1.083391
1.095986
1.122387
1.091509
1.095986
1.104103
1.090902
1.096592
1.083391
1.109793
1.103496
1.103496
1.103496
1.083391
1.089082
1.078308
1.102889
1.097199
1.095986
1.111007
1.104103
1.104710
1.108580
1.103496
1.102283
1.083998
1.089688
1.097199
1.090295
1.098413
1.095986
1.090902
1.090295
1.103496
1.109793
1.083391
1.096592
1.097199
1.097199
1.083391
1.102283
1.090295
1.103496
1.089082
1.089082
1.089689
1.096592
1.083998
1.075274
1.095986
1.116090
1.104710
1.085212
1.089688
1.083391
1.097806
1.090902
1.097199
1.089689
1.082785
1.089082
1.109793
1.084605
1.102889
1.096592
1.109793
1.102889
1.116697
1.077701
1.111007
1.096592
1.104103
1.110400
1.097199
1.104103
1.109793
1.110400
1.103496
1.104103
1.097199
1.076488
1.096592
1.096592
1.090295
1.109793
1.089689
1.074667
1.104103
1.102889
1.109186
1.090902
1.092116
1.096592
1.095986
1.083391
1.104103
1.097199
1.090295
1.096592
1.083998
1.102283
1.097199
1.090295
1.089082
1.116090
1.102889
1.104103
1.096592
1.109793
1.098413
1.097199
1.097199
1.083391
1.110400
1.090902
1.109793
1.109793
1.102889
1.109186
1.090295
1.090902
1.109793
1.089688
1.095986
1.097199
1.091509
1.109186
1.097199
1.117304
1.097199
1.095986
1.090295
1.095986
1.083391
1.083998
1.096592
1.084605
1.091509
1.091509
1.111007
1.116090
1.083998
1.089689
1.084605
1.101676
1.103496
1.117304
1.105317
1.097806
1.109186
1.090295
1.096592
1.089688
1.110400
1.097199
1.103496
1.098413
1.090295
1.110400
1.099020
1.103496
1.083998
1.110400
1.104710
1.083998
1.090295
1.102889
1.122994
1.096592
1.103496
1.089082
1.103496
1.104103
1.095986
1.096592
1.097806
1.110400
1.089082
1.090902
1.117304
1.103496
1.111614
1.090902
1.098413
1.085819
1.122994
1.109793
1.091509
1.103496
1.083998
1.089082
1.104710
1.109186
1.096592
1.103496
1.090902
1.095986
1.089082
1.097199
1.092722
1.102889
1.102889
1.077094
1.103496
1.090902
1.090902
1.092116
1.116697
1.102889
1.111614
1.089689
1.089689
1.090295
1.078308
1.083391
1.116697
1.103496
1.089082
1.089688
1.076083
