1.102889
1.090902
1.104103
1.097806
1.102889
1.083998
1.104103
1.111007
1.109186
1.110400
1.109186
1.103496
1.091509
1.116697
1.102889
5.276553
1.083998
1.081571
1.095986
1.089082
1.089082
1.090295
1.111007
1.090295
1.097806
1.097199
1.084605
1.089082
1.096592
1.104103
1.083998
1.095379
1.102889
1.095986
1.103496
1.090902
1.098413
1.089689
1.104103
1.089689
1.083391
1.089082
1.096592
1.102889
1.109793
1.090295
1.111007
1.104103
1.111007
1.085212
1.109793
1.097199
1.092116
1.078308
1.090295
1.102889
1.092116
1.110400
1.116697
1.095986
1.095986
1.097199
1.089688
1.102283
1.110400
1.096592
1.103496
1.110400
1.109793
1.097199
1.089689
1.115484
1.090902
1.108580
1.129898
1.103496
1.090902
1.083998
1.098413
1.096592
1.089689
1.103496
1.104103
1.096592
1.089689
1.098413
1.095986
1.096592
1.083998
1.095985
1.083998
1.083998
1.084605
1.116697
1.075881
1.098413
1.122994
1.103496
1.110400
1.099020
1.103496
1.097199
1.109793
1.102283
1.109793
1.097806
1.097806
1.090295
1.097806
1.097199
1.090295
1.098413
1.116090
1.095986
1.104710
1.110400
1.090295
1.096592
1.095986
1.109793
1.089082
1.097199
1.102283
1.091509
1.104103
1.089689
1.085212
1.090295
1.117304
1.102889
1.104103
1.083998
1.103496
1.096592
1.089689
1.089689
1.095986
1.090295
1.104103
1.104710
1.083391
1.096592
1.089082
1.097199
1.083391
1.102283
1.090295
1.117304
1.083998
1.097199
1.109793
1.083391
1.091509
1.103496
1.103496
1.102283
1.116090
1.096592
1.117304
1.109793
1.090902
1.097199
1.104103
1.090295
1.090295
1.075274
1.102889
1.116090
1.090902
1.094772
1.083998
1.095379
1.089689
1.089689
1.122994
1.097199
1.103496
1.110400
1.104103
1.102283
1.103496
1.097199
1.104103
1.109793
1.102889
1.104710
1.095379
1.109793
1.096592
1.091509
1.116697
1.095379
1.109793
1.103496
1.098413
1.097806
1.090902
1.078915
1.097806
1.095985
1.102889
1.090295
1.095379
1.102889
1.090902
1.097199
1.103496
1.097199
1.104103
1.084605
1.104710
1.084605
1.090902
1.095986
1.110400
1.097199
1.089082
1.077094
1.097199
1.089688
1.104103
1.089688
1.103496
1.090902
1.104103
1.096592
1.109793
1.096592
1.095986
1.096592
1.096592
1.097199
1.103496
1.097199
1.102889
1.110400
1.096592
1.083391
1.103496
1.097199
1.102889
1.089689
1.096592
1.089689
1.109186
1.089688
1.083391
1.090295
1.097199
1.089688
1.103496
1.090295
1.096592
1.108580
1.097199
1.102889
1.083998
1.095986
1.090902
1.089688
1.084605
1.104710
1.091509
1.116090
1.097199
1.103496
1.089688
1.082785
1.109793
1.122994
1.091509
1.110400
1.097199
1.088475
1.082785
1.109186
1.083998
1.096592
1.109187
1.095986
1.088475
1.090295
1.116090
1.077701
1.097806
1.090902
1.091509
1.089082
1.090295
1.096592
1.110400
1.082178
1.104710
1.104103
1.090902
1.110400
1.082785
1.090902
1.102889
1.085212
1.102889
1.102283
1.097199
1.083998
1.109793
1.090902
1.090295
1.096592
1.123601
1.104103
1.097806
1.096592
1.098413
1.096592
1.097806
1.102283
1.097806
1.090902
1.104103
1.103496
1.083998
1.090295
1.110400
1.104103
1.095986
1.103496
1.104710
1.116090
1.099020
1.116697
1.102889
1.083998
1.109186
1.097199
1.103496
1.117304
1.089688
1.099096
