1.097199
1.105317
1.102283
1.096592
1.104710
1.109793
1.094772
1.097806
1.090295
1.096592
1.083998
1.096592
1.097199
1.117304
1.090902
1.102283
1.089689
1.104103
1.075881
1.078308
1.082785
1.088475
1.111007
1.091509
1.096592
1.104103
1.104103
1.083998
1.116697
1.096592
1.082785
1.111007
1.090295
1.110400
1.109793
1.122387
1.089082
1.109793
1.090295
1.109793
1.109186
1.095986
1.089689
1.111007
1.094772
1.097806
1.102889
1.083391
1.097199
1.110400
1.077701
1.095986
1.097199
1.095986
1.103496
1.096592
1.116697
1.090902
1.110400
1.097199
1.091509
1.104103
1.110400
1.117304
1.091509
1.096592
1.096592
1.082178
1.110400
1.099020
1.096592
1.109793
1.083998
1.076488
1.083998
1.075881
1.095986
1.095986
1.095379
1.090902
1.109793
1.117304
1.097199
1.095379
1.090902
1.097199
1.097806
1.090295
1.104710
1.103496
1.103496
1.090902
1.103496
1.090295
1.098413
1.102889
1.084605
1.095986
1.082785
1.097806
1.083391
1.104103
1.089082
1.077701
1.096592
1.096592
1.111007
1.090902
1.122994
1.089689
1.082785
1.108580
1.097199
1.089689
1.096592
1.102889
1.110400
1.097199
1.102283
1.096592
1.103496
1.089082
1.097199
1.097806
1.096592
1.091509
1.109186
1.097199
1.102283
1.095986
1.097199
1.090902
1.090902
1.103496
1.095379
1.097199
1.122994
1.102889
1.104103
1.089689
1.104710
1.104103
1.103496
1.097199
1.096592
1.109793
1.109793
1.083391
1.082785
1.103496
1.090902
1.111007
1.104103
1.109793
1.109793
1.090295
1.102889
1.104710
1.109186
1.103496
1.096592
1.102889
1.096592
1.104103
1.109186
1.083998
1.103496
1.091509
1.089082
1.090902
1.104710
1.104103
1.096592
1.076487
1.076488
1.083391
1.097199
1.090902
1.096592
1.102283
1.102889
1.096592
1.097199
1.096592
1.084605
1.097199
1.097806
1.091509
1.097199
1.082178
1.090295
1.116090
1.109793
1.110400
1.102283
1.083998
1.097199
1.095379
1.091509
1.109793
1.091509
1.077094
1.102889
1.096592
1.110400
1.123601
1.109793
1.097806
1.110400
1.104103
1.096592
1.089689
1.103496
1.090295
1.110400
1.083391
1.083391
1.089689
1.085212
1.129291
1.104710
1.122994
1.077701
1.083998
1.110400
1.090902
1.089689
1.104103
1.096592
1.088475
1.089689
1.091509
1.089689
1.109793
1.102889
1.089689
1.102889
1.082785
1.084605
1.097806
1.116697
1.089689
1.097199
1.104103
1.090902
1.090295
1.110400
1.084605
1.102889
1.090902
1.090295
1.095986
1.083391
1.101676
1.104103
1.091509
1.097806
1.083391
1.115484
1.095986
1.109793
1.091509
1.090295
1.097806
1.090295
1.097199
1.104103
1.097806
1.096592
1.090295
1.097806
1.097199
1.104103
1.082785
1.089688
1.117304
1.108580
1.090295
1.083998
1.102283
1.083391
1.109186
1.090295
1.111007
1.096592
1.091509
1.090295
1.089688
1.123601
1.096592
1.110400
1.104710
1.103496
1.102889
1.097806
1.103496
1.104710
1.103496
1.096592
1.103496
1.123601
1.110400
1.109186
1.095986
1.110400
1.092723
1.102889
1.090902
1.123601
1.109793
1.103496
1.097199
1.111007
1.102889
1.110400
1.076487
1.110400
1.104103
1.095986
1.077094
1.097806
1.091509
1.102889
1.103496
1.090295
1.104103
1.090902
1.082785
1.089689
1.110400
1.110400
1.089082
1.104103
1.109793
1.077094
1.096592
1.102889
1.076083
