1.084605
1.089689
1.097199
1.104710
1.078915
1.091509
1.095985
1.101676
1.109793
1.097199
1.090295
1.102889
1.109186
1.097199
1.097806
1.103496
1.110400
1.116697
1.103496
1.095986
1.097806
1.089689
1.091509
1.110400
1.082178
1.075274
1.103496
1.110400
1.103496
1.083998
1.083998
1.102283
1.116697
1.090902
1.083998
1.090902
1.090902
1.090295
1.089689
1.115484
1.097199
1.096592
1.102282
1.104103
1.097199
1.104103
1.084605
1.102889
1.089688
1.117304
1.097199
1.090295
1.077094
1.095379
1.117304
1.092116
1.090902
1.103496
1.102283
1.090902
1.103496
1.091509
1.091509
1.104103
1.103496
1.092116
1.095986
1.097199
1.104710
1.089688
1.103496
1.096592
1.095379
1.096592
1.091509
1.123601
1.096592
1.092116
1.109793
1.097199
1.110400
1.089688
1.097806
1.095986
1.111007
1.095379
1.108580
1.116697
1.082785
1.103496
1.090902
1.096592
1.103496
1.090902
1.110400
1.111614
1.102889
1.108580
1.097199
1.110400
1.102889
1.116697
1.090295
1.095986
1.097806
1.103496
1.089082
1.098413
1.077701
1.104103
1.101676
1.090902
1.109793
1.083391
1.083998
1.097199
1.090295
1.103496
1.109793
1.090295
1.090902
1.097199
1.083998
1.109186
1.102889
1.109186
1.082785
1.085212
1.090295
1.089688
1.090295
1.103496
1.084605
1.102283
1.095379
1.102283
1.104103
1.089082
1.104103
1.102283
1.096592
1.097806
1.089082
1.103496
1.097199
1.103496
1.111007
1.102283
1.090902
1.083998
1.097806
1.116697
1.091509
1.096592
1.117304
1.083391
1.084605
1.082178
1.110400
1.082785
1.109793
1.117304
1.090295
1.090902
1.103496
1.090902
1.077701
1.097199
1.098413
1.103496
1.110400
1.109793
1.097199
1.090295
1.102889
1.097806
1.103496
1.091509
1.097199
1.102889
1.116697
1.089689
1.090295
1.117304
1.090295
1.102889
1.090295
1.103496
1.109186
1.095986
1.110400
1.102889
1.090295
1.089082
1.082785
1.096592
1.117304
1.084605
1.089688
1.102283
1.089689
1.116697
1.123601
1.097199
1.111614
1.095986
1.103496
1.089689
1.097806
1.116090
1.103496
1.081571
1.103496
1.095986
1.091509
1.085212
1.089689
1.090902
1.090902
1.097199
1.097199
1.116090
1.083998
1.096592
1.090295
1.116697
1.083391
1.102889
1.090295
1.091509
1.090295
1.083391
1.095379
1.109186
1.103496
1.104103
1.095986
1.090902
1.092116
1.096592
1.095985
1.090295
1.122994
1.109187
1.103496
1.103496
1.076488
1.083391
1.111007
1.089688
1.089082
1.089688
1.091509
1.109186
1.104103
1.091509
1.111007
1.090295
1.089689
1.109186
1.097199
1.091509
1.084605
1.104103
1.104103
1.096592
1.102283
1.083391
1.091509
1.104103
1.104103
1.095986
1.116090
1.097806
1.111007
1.117304
1.102283
1.097199
1.089082
1.096592
1.082178
1.091509
1.102889
1.110400
1.103496
1.097199
1.089689
1.097199
1.096592
1.096592
1.095379
1.103496
1.116090
1.111007
1.109186
1.097806
1.095986
1.096592
1.104710
1.095379
1.089688
1.089688
1.104103
1.089688
1.129898
1.103496
1.090295
1.109793
1.090902
1.089689
1.097199
1.109793
1.090902
1.085212
1.116697
1.094772
1.092116
1.103496
1.097199
1.096592
1.104103
1.104103
1.096592
1.089689
1.109187
1.095986
1.098413
1.095986
1.103496
1.097199
1.098413
1.085212
1.089688
1.103496
1.089082
1.096592
1.097199
1.076083
