1.071222
1.168445
1.083940
1.105640
1.125083
1.056716
1.148552
1.080654
1.096488
1.098290
1.106696
1.097419
1.109991
1.098765
1.136447
1.155090
1.134688
1.023361
1.067159
1.049244
1.253884
1.117668
1.234726
1.194311
1.105665
1.128623
1.178956
1.217037
1.041543
1.224617
1.098632
1.182405
1.064308
1.119668
1.095409
1.092486
1.109562
1.131455
1.165974
1.091521
1.093648
1.101061
1.113471
1.092745
1.086989
1.097237
1.064648
1.294388
1.082197
1.111953
1.130266
1.093587
1.107141
1.087552
1.062275
1.033283
0.958040
1.263428
1.233489
1.562970
1.468080
1.256887
1.408654
1.379370
1.178860
1.166974
1.406360
1.268173
1.468956
0.933936
1.456536
1.253620
1.314615
1.172940
1.190695
1.021801
1.252339
1.189593
1.103600
1.122637
1.125357
1.062550
1.419522
1.045058
1.304963
1.265278
1.150528
1.014217
1.155703
1.116684
0.981289
1.083537
1.087283
1.094052
1.094366
1.153146
1.097995
1.191237
1.102169
1.109659
1.096609
1.102304
1.108334
1.077126
1.097483
1.005198
1.132014
1.185475
1.113680
1.112788
1.112187
1.065168
1.030576
1.256571
1.124868
1.453502
1.067846
1.209367
1.106856
1.043242
1.091916
1.104176
1.118802
1.165463
1.315411
1.212511
1.133311
1.083074
1.026114
1.133468
0.980404
1.459434
1.160220
1.401616
0.924154
1.137790
1.078767
1.098432
1.134276
1.100263
1.066344
1.096941
1.191629
1.149490
1.276308
1.126907
1.055972
1.014531
1.238661
1.236789
1.170201
1.098352
1.112640
1.092353
1.038155
1.373358
0.954616
1.508975
1.470861
1.126720
1.194974
1.101095
1.165440
1.297052
1.230017
1.254846
1.184519
1.123667
1.145999
1.215907
1.120375
1.374542
1.180661
1.206193
1.320040
1.090877
1.152571
1.269732
1.096207
1.126283
1.104078
1.202641
1.068923
1.132602
1.230656
1.002969
1.231792
1.160887
1.271016
1.112848
1.108029
1.126540
1.105299
1.151389
1.072964
1.112332
1.114682
1.111085
1.117464
1.114392
1.102257
1.062939
1.174213
1.027786
1.289546
1.190726
1.034147
1.291568
0.935688
1.046574
1.066611
1.059315
1.111212
0.999099
0.985587
1.017227
0.971720
1.049145
1.253664
1.121748
1.131800
1.132676
1.430359
1.401578
1.041142
1.233607
1.255308
1.213449
1.189998
1.093812
1.202595
1.106647
1.095967
1.083005
1.171843
1.133128
1.291809
1.101401
1.069566
1.093724
1.090704
1.159427
1.052978
1.102938
1.187252
1.058956
0.968888
1.215967
1.221497
1.143419
1.170002
1.141892
1.087403
1.102241
1.127494
1.094954
1.092664
1.125293
1.106650
1.100889
1.102325
1.124156
1.077844
1.345979
1.164029
1.131158
1.092193
1.119817
1.120421
1.111890
1.038505
1.144670
1.070613
1.092240
1.043179
1.059198
1.034994
1.131913
1.111001
1.309513
1.099873
1.115585
1.148927
1.100150
1.175326
1.169350
1.176770
1.157903
1.181798
1.108731
1.081721
1.242914
1.171282
1.078714
1.144070
1.097495
1.073037
1.029652
1.063887
1.112542
1.289890
1.187059
1.182850
1.100037
1.091857
1.089139
1.064654
1.091649
1.152760
1.150970
1.081302
1.154295
1.123003
1.114077
1.114925
1.204446
1.129288
1.037946
1.124435
1.116795
1.057971
1.093376
1.184875
1.055222
1.096784
1.095087
1.169133
1.102012
1.088359
1.056992
1.135701
1.157417
1.099084
1.188680
1.051066
1.148518
1.018628
1.110661
