1.111614
1.109186
1.104710
1.096592
1.097806
1.091509
1.109186
1.097806
1.110400
1.088475
1.122994
1.076488
1.089688
1.102889
1.096592
1.103496
1.110400
1.090295
1.095986
1.090902
1.097199
1.111007
1.084605
1.123601
1.076488
1.095379
1.095985
1.109793
1.111007
1.102283
1.089688
1.083391
1.102889
1.104103
1.111007
1.103496
1.110400
1.103496
1.097806
1.090295
1.097806
1.089689
1.096592
1.097806
1.090902
1.116697
1.089689
1.083391
1.103496
1.109186
1.098413
1.109793
1.095986
1.110400
1.082785
1.090295
1.097806
1.088475
1.110400
1.116697
1.096592
1.101676
1.104710
1.111007
1.095379
1.095986
1.110400
1.104103
1.092116
1.101676
1.082785
1.104103
1.096592
1.095986
1.103496
1.090902
1.103496
1.096592
1.098413
1.090295
1.083391
1.090295
1.095986
1.090902
1.092116
1.103496
1.089688
1.096592
1.109793
1.089082
1.092116
1.110400
1.089688
1.089082
1.102889
1.088475
1.097199
1.096592
1.103496
1.104103
1.095986
1.104103
1.090295
1.097199
1.104103
1.096592
1.102283
1.110400
1.096592
1.103496
1.102889
1.090295
1.111007
1.116697
1.095986
1.090902
1.097806
1.096592
1.097806
1.110400
1.096592
1.095986
1.090902
1.083998
1.090902
1.109793
1.083998
1.111007
1.097806
1.116090
1.089689
1.083998
1.109793
1.097199
1.102889
1.103496
1.104710
1.104710
1.083391
1.089688
1.095986
1.097199
1.122387
1.088475
1.083391
1.103496
1.110400
1.090295
1.104103
1.102889
1.084605
1.090295
1.116697
1.097199
1.103496
1.089689
1.097199
1.076488
1.102889
1.085212
1.116090
1.095986
1.089082
1.083391
1.097199
1.097199
1.083391
1.117304
1.110400
1.097806
1.097199
1.089082
1.078915
1.090295
1.098413
1.097806
1.110400
1.097199
1.089688
1.082785
1.111007
1.084605
1.097806
1.096592
1.097199
1.104103
1.076488
1.082785
1.129898
1.085212
1.078915
1.122994
1.090295
1.111007
1.090295
1.096592
1.103496
1.090902
1.083998
1.097199
1.090902
1.089082
1.116697
1.077701
1.090902
1.098413
1.083391
1.102283
1.096592
1.111007
1.095986
1.102889
1.095379
1.109186
1.096592
1.111007
1.085212
1.104103
1.089082
1.090295
1.103496
1.104710
1.102283
1.097199
1.102889
1.090902
1.095986
1.095986
1.102889
1.089688
1.097806
1.097199
1.084605
1.089082
1.104710
1.083998
1.091509
1.095986
1.095986
1.098413
1.098413
1.103496
1.097199
1.102283
1.117304
1.103496
1.102889
1.097199
1.097199
1.111007
1.104103
1.109793
1.109186
1.110400
1.095986
1.102283
1.103496
1.116697
1.096592
1.097199
1.097199
1.099020
1.103496
1.097199
1.097806
1.097199
1.076488
1.102283
1.097806
1.104710
1.096592
1.090902
1.102889
1.103496
1.095986
1.096592
1.109186
1.111007
1.109793
1.097199
1.103496
1.089688
1.102283
1.089689
1.104710
1.088475
1.092116
1.123601
1.095379
1.095986
1.090295
1.102889
1.089689
1.090295
1.095986
1.089082
1.096592
1.097199
1.095986
1.096592
1.110400
1.109793
1.123601
1.090295
1.095986
1.083391
1.097199
1.102889
1.083391
1.104103
1.083998
1.084605
1.090902
1.109793
1.097199
1.104103
1.102889
1.109793
1.092116
1.089082
1.095986
1.090295
1.091509
1.096592
1.110400
1.109793
1.090902
1.103496
1.102889
1.097806
1.082785
1.096592
1.095986
1.090295
1.082785
1.089688
1.097806
1.076083
