1.091509
1.104103
1.089689
1.095986
1.104710
1.083391
1.096592
1.104103
1.095986
1.084605
1.090902
1.095985
1.084605
1.099020
1.083391
1.097199
1.097806
1.097199
1.082178
1.097199
1.103496
1.110400
1.083391
1.110400
1.104710
1.089689
1.097199
1.102889
1.103496
1.090295
1.110400
1.089688
1.097199
1.102889
1.097199
1.102889
1.089688
1.090295
1.097199
1.104103
1.096592
1.083391
1.111007
1.095986
1.103496
1.111007
1.116697
1.083391
1.096592
1.110400
1.089082
1.077094
1.098413
1.097199
1.104710
1.110400
1.095986
1.122994
1.110400
1.089689
1.095379
1.089689
1.083998
1.083391
1.116090
1.117304
1.103496
1.090902
1.104103
1.109793
1.104103
1.110400
1.110400
1.104103
1.090295
1.111007
1.090902
1.109793
1.104103
1.090902
1.104103
1.111007
1.103496
1.088475
1.090902
1.104103
1.075274
1.102889
1.096592
1.096592
1.104710
1.110400
1.104103
1.097199
1.083391
1.090902
1.089688
1.089688
1.103496
1.096592
1.096592
1.110400
1.097199
1.111614
1.097199
1.109793
1.092116
1.117304
1.102889
1.104710
1.089688
1.095986
1.082178
1.110400
1.097199
1.082785
1.096592
1.090902
1.097199
1.109793
1.098413
1.082785
1.088475
1.097199
1.095379
1.089688
1.084605
1.097199
1.116697
1.082785
1.103496
1.096592
1.090902
1.096592
1.090902
1.111007
1.089082
1.109793
1.097199
1.109186
1.097806
1.102889
1.109793
1.090902
1.103496
1.096592
1.083391
1.097199
1.122387
1.102889
1.110400
1.083391
1.096592
1.089082
1.089082
1.102889
1.087868
1.096592
1.095379
1.081571
1.129291
1.082785
1.103496
1.096592
1.092116
1.104103
1.092723
1.097199
1.096592
1.097199
1.104103
1.104103
1.104103
1.103496
1.089688
1.076488
1.099020
1.096592
1.097806
1.103496
1.095986
1.110400
1.097806
1.084605
1.089688
1.097199
1.209132
1.109186
1.109793
1.096592
1.082178
1.104710
1.095986
1.123601
1.110400
1.110400
1.095379
1.095379
1.097806
1.095986
1.097806
1.095986
1.077094
1.091509
1.083998
1.110400
1.082178
1.096592
1.076488
1.102889
1.090902
1.102283
1.096592
1.104710
1.116697
1.109793
1.104103
1.089082
1.083998
1.103496
1.109793
1.102889
1.088475
1.076488
1.097199
1.116090
1.095986
1.097806
1.090295
1.102889
1.097806
1.122994
1.091509
1.097199
1.105317
1.097199
1.103496
1.077094
1.101676
1.096592
1.116697
1.096592
1.091509
1.097199
1.097199
1.103496
1.109793
1.090295
1.097199
1.090295
1.085212
1.083391
1.095379
1.104103
1.097806
1.089082
1.089689
1.089082
1.084605
1.096592
1.111007
1.115483
1.083391
1.116697
1.097806
1.102889
1.103496
1.102283
1.096592
1.091509
1.095986
1.104103
1.085212
1.104710
1.097806
1.104710
1.089689
1.097806
1.096592
1.097199
1.083998
1.103496
1.103496
1.109793
1.089688
1.095379
1.116090
1.116090
1.104103
1.097199
1.104103
1.090902
1.084605
1.110400
1.104710
1.111007
1.090902
1.095986
1.089082
1.083391
1.103496
1.109187
1.104710
1.102283
1.095985
1.104710
1.104103
1.129898
1.110400
1.102889
1.102889
1.092116
1.102889
1.090295
1.082785
1.095986
1.109186
1.091509
1.109186
1.090295
1.095986
1.097806
1.110400
1.103496
1.083998
1.090902
1.096592
1.090902
1.076488
1.082178
1.082785
1.095986
1.096592
1.097806
1.091509
1.111007
1.089688
1.122109
