1.083391
1.096592
1.122994
1.103496
1.090295
1.090902
1.081571
1.087868
1.090902
1.089688
1.097199
1.090295
1.090295
1.097806
1.090295
1.090295
1.102889
1.090902
1.098413
1.097806
1.116697
1.104710
1.111007
1.092116
1.102283
1.089082
1.109793
1.083998
1.075881
1.096592
1.089082
1.117304
1.097806
1.096592
1.102889
1.082785
1.110400
1.090295
1.103496
1.083998
1.089688
1.082785
1.097199
1.097806
1.117304
1.096592
1.102889
1.083391
1.102889
1.095986
1.110400
1.095986
1.102889
1.110400
1.109793
1.095986
1.097806
1.082785
1.089689
1.104103
1.116090
1.097806
1.102889
1.083998
1.097806
1.096592
1.097199
1.082785
1.103496
1.084605
1.090295
1.096592
1.115484
1.103496
1.097806
1.102889
1.103496
1.103496
1.097806
1.090295
1.082785
1.089689
1.103496
1.090295
1.109793
1.083998
1.102889
1.095379
1.097806
1.089082
1.083391
1.097199
1.090902
1.095986
1.104103
1.097806
1.104103
1.096592
1.097199
1.096592
1.097806
1.085212
1.103496
1.104103
1.104710
1.089082
1.109793
1.090902
1.089082
1.096592
1.090295
1.116697
1.103496
1.098413
1.097199
1.103496
1.097199
1.097199
1.116697
1.103496
1.110400
1.083998
1.095986
1.103496
1.109793
1.095986
1.104103
1.111614
1.116697
1.090902
1.097199
1.104710
1.083391
1.103496
1.103496
1.089689
1.102889
1.091509
1.090295
1.096592
1.090902
1.123601
1.109186
1.090295
1.102889
1.110400
1.110400
1.097199
1.083998
1.109793
1.104103
1.097806
1.109793
1.089082
1.089082
1.090295
1.083391
1.082784
1.102889
1.096592
1.102889
1.116090
1.102889
1.103496
1.090902
1.088475
1.097199
1.097806
1.090295
1.102889
1.104103
1.097199
1.102889
1.097199
1.109793
1.097199
1.116697
1.084605
1.097199
1.075881
1.096592
1.090902
1.110400
1.109793
1.089689
1.109186
1.089688
1.104710
1.090295
1.117304
1.109793
1.084605
1.095986
1.092116
1.092116
1.102889
1.109793
1.102889
1.096592
1.089689
1.105317
1.095986
1.115484
1.083391
1.089689
1.103496
1.103496
1.090295
1.102889
1.090295
1.082785
1.098413
1.083998
1.096592
1.102283
1.110400
1.089082
1.095986
1.096592
1.090902
1.090902
1.095986
1.077701
1.097806
1.084605
1.104103
1.104103
1.083998
1.096592
1.090295
1.116697
1.102283
1.098413
1.090902
1.102283
1.116697
1.110400
1.103496
1.095986
1.116090
1.097199
1.082785
1.090295
1.090295
1.102283
1.104103
1.095985
1.083391
1.088475
1.090295
1.089689
1.096592
1.109186
1.097806
1.091509
1.095985
1.090295
1.097806
1.124208
1.091509
1.090295
1.097199
1.089082
1.089688
1.116090
1.090902
1.111007
1.089082
1.090295
1.091509
1.117304
1.089689
1.110400
1.105317
1.103496
1.110400
1.082785
1.083391
1.109793
1.076488
1.109186
1.095986
1.109793
1.090295
1.090295
1.095986
1.085212
1.090902
1.096592
1.089688
1.097806
1.090295
1.104103
1.104103
1.083998
1.103496
1.104103
1.096592
1.104710
1.083391
1.090295
1.091509
1.089689
1.091509
1.115484
1.102890
1.103496
1.110400
1.096592
1.109793
1.097199
1.083998
1.103496
1.096592
1.111007
1.104103
1.111007
1.095986
1.104710
1.083391
1.083391
1.097806
1.096592
1.102889
1.116697
1.116090
1.109793
1.111614
1.097199
1.098413
1.110400
1.116697
1.103496
1.095379
1.090902
1.116697
1.117304
1.101119
