1.090902
1.110400
1.102283
1.110400
1.122994
1.103496
1.109793
1.097199
1.083998
1.089689
1.109793
1.103496
1.082178
1.084605
1.090295
1.097199
1.089689
1.096592
1.103496
1.102283
1.095986
1.089689
1.097806
1.090902
1.097199
1.089689
1.090902
1.102283
1.090902
1.103496
1.097806
1.097199
1.104710
1.097806
1.111007
1.090295
1.097806
1.111007
1.091509
1.102889
1.116697
1.101676
1.096592
1.097199
1.090902
1.097199
1.083998
1.104710
1.102889
1.104103
1.077701
1.090295
1.109793
1.097199
1.090295
1.109793
1.109793
1.089082
1.102283
1.090295
1.090902
1.083391
1.104710
1.109793
1.091509
1.102889
1.089689
1.117304
1.102889
1.124208
1.096592
1.090902
1.091509
1.082785
1.091509
1.089688
1.091509
1.110400
1.104103
1.096592
1.095986
1.090295
1.077701
1.089689
1.097806
1.110400
1.097199
1.096592
1.104710
1.103496
1.090295
1.097806
1.110400
1.095379
1.095379
1.096592
1.104103
1.097199
1.083391
1.109186
1.095986
1.096592
1.098413
1.102889
1.111007
1.090295
1.103496
1.109793
1.103496
1.103496
1.111007
1.097199
1.109793
1.096592
1.083391
1.111614
1.089689
1.089689
1.111007
1.110400
1.090902
1.082178
1.103496
1.082178
1.102889
1.096592
1.102889
1.103496
1.097199
1.102889
1.108580
1.097199
1.104103
1.103496
1.097806
1.097199
1.097199
1.096592
1.083391
1.077094
1.084605
1.110400
1.116697
1.082178
1.095986
1.083391
1.098413
1.103496
1.110400
1.116090
1.090902
1.090902
1.111007
1.090295
1.096592
1.084605
1.095379
1.083391
1.105317
1.089082
1.103496
1.116697
1.089082
1.081571
1.097199
1.077701
1.097199
1.109793
1.090295
1.084605
1.097199
1.096592
1.097806
1.096592
1.097199
1.102889
1.103496
1.109186
1.091509
1.081571
1.103496
1.076488
1.103496
1.097199
1.095379
1.095986
1.096592
1.096592
1.102889
1.102889
1.089689
1.095986
1.089689
1.103496
1.116090
1.095986
1.091509
1.084605
1.109186
1.110400
1.111007
1.083391
1.097199
1.090902
1.110400
1.097199
1.097199
1.103496
1.083998
1.089689
1.111007
1.116697
1.090295
1.102889
1.095986
1.097806
1.090295
1.090902
1.109186
1.109186
1.097199
1.091509
1.097806
1.104710
1.083998
1.097199
1.096592
1.090902
1.088475
1.097806
1.096592
1.102283
1.104103
1.111007
1.103496
1.102889
1.096592
1.084605
1.097806
1.091509
1.089688
1.110400
1.097199
1.109793
1.096592
1.085212
1.092116
1.109793
1.089688
1.102283
1.116697
1.110400
1.104710
1.102283
1.102889
1.110400
1.096592
1.102889
1.103496
1.102283
1.089082
1.110400
1.089082
1.091509
1.088475
1.089689
1.090902
1.102283
1.109186
1.109793
1.109793
1.109186
1.085212
1.083391
1.116090
1.088475
1.083391
1.117304
1.090902
1.095379
1.096592
1.090295
1.104103
1.082785
1.097806
1.095985
1.089689
1.102889
1.095986
1.090295
1.097199
1.111007
1.091509
1.103496
1.090295
1.096592
1.090295
1.110400
1.089082
1.111007
1.102889
1.096592
1.111614
1.109793
1.090902
1.091509
1.090295
1.097199
1.104710
1.097199
1.110400
1.095379
1.104103
1.097199
1.077701
1.090902
1.098413
1.096592
1.090902
1.097199
1.082785
1.090295
1.103496
1.096592
1.110400
1.097806
1.104103
1.092116
1.103496
1.109186
1.102889
1.110400
1.089688
1.095985
1.110400
1.089082
1.109793
1.097073
