1.091509
1.090902
1.096592
1.116090
1.089689
1.090902
1.084605
1.083391
1.104710
1.108580
1.103496
1.109793
1.103496
1.089688
1.090902
1.104103
1.098413
1.102889
1.109793
1.083391
1.082785
1.104103
1.102283
1.116090
1.078308
1.102889
1.097199
1.104103
1.104103
1.095986
1.090295
1.096592
1.076488
1.096592
1.097199
1.096592
1.082785
1.096592
1.096592
1.089082
1.103496
1.102889
1.091509
1.091509
1.089689
1.109793
1.091509
1.091509
1.102889
1.095986
1.109793
1.122994
1.111007
1.096592
1.104103
1.104103
1.089689
1.089688
1.102889
1.103496
1.083998
1.115484
1.090902
1.090902
1.110400
1.097806
1.109186
1.102283
1.095986
1.085212
1.097806
1.103496
1.104103
1.089082
1.104103
1.082785
1.097806
1.095986
1.096592
1.090902
1.091509
1.110400
1.097199
1.082785
1.075274
1.102889
1.103496
1.091509
1.083998
1.109793
1.090295
1.108580
1.089689
1.095379
1.083998
1.083391
1.083998
1.109793
1.088475
1.083998
1.116697
1.097199
1.117911
1.096592
1.083998
1.078308
1.090295
1.089689
1.084605
1.089082
1.102889
1.095986
1.110400
1.109186
1.102283
1.102889
1.103496
1.104103
1.109186
1.091509
1.101676
1.103496
1.102283
1.103496
1.095986
1.090295
1.096592
1.089082
1.097199
1.084605
1.104103
1.102889
1.117304
1.103496
1.104103
1.116697
1.103496
1.083998
1.097806
1.116697
1.090295
1.097806
1.078915
1.103496
1.109793
1.097199
1.110400
1.083391
1.096592
1.104103
1.103496
1.103496
1.103496
1.091509
1.123601
1.102889
1.098413
1.097806
1.116697
1.103496
1.096592
1.077701
1.111007
1.095985
1.098413
1.090295
1.096592
1.097199
1.090902
1.089689
1.096592
1.089689
1.084605
1.097199
1.097199
1.090902
1.098413
1.111007
1.096592
1.104103
1.089082
1.089082
1.096592
1.088475
1.077094
1.103496
1.097199
1.109793
1.097199
1.109186
1.109793
1.117911
1.102889
1.102889
1.104103
1.104103
1.097806
1.097806
1.089082
1.102283
1.095986
1.116697
1.090295
1.098413
1.083391
1.102889
1.116090
1.097199
1.092723
1.102889
1.097199
1.098413
1.090902
1.089689
1.096592
1.097806
1.083998
1.096592
1.089689
1.110400
1.097199
1.111007
1.096592
1.116697
1.105317
1.095986
1.089688
1.117911
1.089688
1.095986
1.111007
1.108580
1.109793
1.108580
1.102889
1.095986
1.083998
1.104710
1.097199
1.082785
1.097806
1.091509
1.123601
1.096592
1.104103
1.109793
1.090295
1.097199
1.084605
1.082785
1.097199
1.085212
1.090295
1.116697
1.090902
1.095986
1.096592
1.110400
1.097806
1.095986
1.089082
1.095986
1.109793
1.083391
1.089689
1.097199
1.089689
1.104103
1.084605
1.102889
1.091509
1.096592
1.090295
1.109186
1.103496
1.097199
1.103496
1.090295
1.124208
1.082178
1.089689
1.104103
1.096592
1.078915
1.102889
1.096592
1.102889
1.102889
1.090295
1.097806
1.104710
1.088475
1.110400
1.095986
1.089082
1.097199
1.090902
1.095986
1.097806
1.104103
1.097806
1.095986
1.104103
1.090295
1.084605
1.096592
1.097806
1.096592
1.090902
1.103496
1.103496
1.096592
1.111007
1.097199
1.109793
1.090902
1.097199
1.097199
1.102889
1.089082
1.104103
1.104103
1.109793
1.095986
1.102889
1.110400
1.095985
1.103496
1.097199
1.095379
1.095986
1.095986
1.116697
1.102889
1.103496
1.097199
1.102889
1.078106
