1.077701
1.116697
1.095986
1.083391
1.116090
1.089688
1.115484
1.096592
1.102889
1.082178
1.109793
1.090295
1.083998
1.095986
1.104103
1.082785
1.091509
1.096592
1.082178
1.102889
1.090902
1.077094
1.103496
1.103496
1.097199
1.110400
1.097806
1.083391
1.102889
1.097199
1.116697
1.122994
1.102889
1.095986
1.084605
1.083391
1.097806
1.090902
1.097806
1.097806
1.109793
1.109793
1.110400
1.083998
1.090295
1.104710
1.104710
1.116090
1.102283
1.109186
1.109186
1.090295
1.109186
1.097806
1.103496
1.089082
1.104103
1.097806
1.097199
1.091509
1.104103
1.096592
1.087868
1.110400
1.098413
1.089688
1.103496
1.089689
1.110400
1.097199
1.097199
1.105317
1.090295
1.095986
1.083391
1.082785
1.089689
1.089082
1.095986
1.104103
1.097199
1.097806
1.116090
1.117304
1.117304
1.116697
1.089688
1.091509
1.090295
1.102889
1.116090
1.104103
1.097199
1.081571
1.097806
1.102283
1.083391
1.105317
1.103496
1.096592
1.104103
1.117911
1.096592
1.123601
1.089689
1.109793
1.110400
1.096592
1.117304
1.116090
1.108580
1.095985
1.096592
1.092116
1.097199
1.089689
1.110400
1.103496
1.105317
1.104103
1.104103
1.111007
1.091509
1.096592
1.096592
1.082785
1.082178
1.111007
1.083998
1.091509
1.091509
1.101676
1.097199
1.090295
1.089689
1.102889
1.122387
1.097199
1.085212
1.096592
1.097199
1.103496
1.089688
1.103496
1.090902
1.109793
1.090902
1.097199
1.083391
1.074667
1.090902
1.110400
1.096592
1.104710
1.078308
1.096592
1.091509
1.097199
1.097199
1.076488
1.104710
1.096592
1.115484
1.099020
1.095985
1.090902
1.109793
1.095986
1.090295
1.097806
1.096592
1.089689
1.102283
1.102283
1.096592
1.090295
1.083998
1.097199
1.110400
1.090902
1.096592
1.103496
1.109793
1.092116
1.102283
1.088475
1.090902
1.095379
1.090902
1.097806
1.082178
1.089688
1.090295
1.095379
1.111007
1.097199
1.078308
1.075881
1.091509
1.105317
1.104710
1.089689
1.097199
1.122994
1.104103
1.110400
1.097199
1.096592
1.102889
1.109793
1.097806
1.116697
1.089689
1.101676
1.097199
1.116697
1.097806
1.095985
1.085819
1.109793
1.097806
1.090902
1.095379
1.095379
1.098413
1.082785
1.083998
1.102889
1.090902
1.081571
1.109793
1.104103
1.124208
1.111007
1.104103
1.109793
1.090295
1.103496
1.089689
1.116697
1.083998
1.090902
1.103496
1.088475
1.095986
1.090295
1.089082
1.091509
1.097199
1.102283
1.097806
1.104103
1.095986
1.102889
1.104103
1.089688
1.110400
1.097199
1.095986
1.110400
1.102889
1.103496
1.116090
1.102889
1.097806
1.095986
1.090295
1.090295
1.089688
1.095986
1.090295
1.116697
1.083391
1.095379
1.084605
1.090902
1.090295
1.116090
1.096592
1.097806
1.096592
1.109186
1.116697
1.084605
1.097199
1.109793
1.097806
1.096592
1.103496
1.090902
1.104103
1.111007
1.082785
1.097199
1.090295
1.116697
1.104103
1.091509
1.103496
1.083998
1.098413
1.096592
1.095379
1.102283
1.097199
1.076488
1.089082
1.097806
1.078915
1.110400
1.090902
1.110400
1.116697
1.111007
1.083391
1.095986
1.077701
1.102283
1.097199
1.096592
1.083391
1.104103
1.104103
1.096592
1.116697
1.090902
1.104103
1.095986
1.110400
1.091509
1.096592
1.097199
1.075881
1.097199
1.097199
1.089082
1.097199
1.097073
