1.111007
1.111007
1.104103
1.097806
1.097199
1.092116
1.109793
1.096592
1.091509
1.097199
1.096592
1.090295
1.090295
1.111007
1.104710
1.109793
1.104103
1.103496
1.103496
1.116697
1.096592
1.103496
1.090902
1.096592
1.104710
1.110400
1.095986
1.109793
1.104103
1.083391
1.110400
1.110400
1.101676
1.104710
1.089688
1.089689
1.084605
1.109186
1.110400
1.090902
1.116697
1.090902
1.102889
1.092116
1.104103
1.097806
1.097199
1.090902
1.103496
1.102283
1.103496
1.103496
1.097806
1.098413
1.090295
1.103496
1.095986
1.096592
1.096592
1.109793
1.090295
1.097199
1.083998
1.090295
1.095986
1.096592
1.103496
1.104710
1.096592
1.096592
1.096592
1.097806
1.088475
1.102889
1.083391
1.090295
1.083998
1.091509
1.098413
1.090902
1.097199
1.089082
1.090902
1.090902
1.116697
1.109793
1.096592
1.091509
1.095986
1.097806
1.096592
1.090902
1.109793
1.090902
1.090902
1.097199
1.110400
1.103496
1.082178
1.115484
1.104103
1.096592
1.102889
1.089082
1.104103
1.083998
1.111614
1.109793
1.102889
1.109793
1.083391
1.090295
1.102889
1.089082
1.097199
1.104710
1.090902
1.102889
1.102890
1.095379
1.097199
1.090295
1.097806
1.097199
1.105317
1.101676
1.089689
1.111007
1.090295
1.090902
1.090295
1.097199
1.102889
1.090295
1.095986
1.109793
1.097199
1.096592
1.090295
1.103496
1.102889
1.109186
1.103496
1.089082
1.095986
1.097199
1.095986
1.095986
1.083998
1.109186
1.110400
1.083998
1.083391
1.096592
1.095986
1.097199
1.103496
1.108580
1.102889
1.083391
1.109186
1.082785
1.110400
1.102283
1.095986
1.098413
1.103496
1.103496
1.110400
1.110400
1.102889
1.103496
1.109186
1.103496
1.117304
1.090902
1.090902
1.090902
1.097199
1.097806
1.089689
1.096592
1.090902
1.096592
1.096592
1.110400
1.109186
1.098413
1.089082
1.102283
1.089688
1.096592
1.096592
1.109793
1.096592
1.110400
1.076487
1.084605
1.083998
1.104710
1.096592
1.102283
1.111007
1.090902
1.102283
1.091509
1.095986
1.103496
1.096592
1.104103
1.102889
1.095986
1.104103
1.090902
1.103496
1.116090
1.096592
1.090295
1.097199
1.097806
1.090295
1.105317
1.098413
1.096592
1.097806
1.097199
1.103496
1.092116
1.096592
1.098413
1.096592
1.095986
1.104103
1.082785
1.111007
1.097806
1.102889
1.097199
1.082785
1.095986
1.095379
1.090295
1.096592
1.097199
1.091509
1.097199
1.116697
1.103496
1.103496
1.096592
1.096592
1.083998
1.096592
1.102889
1.096592
1.096592
1.082785
1.117304
1.095379
1.109793
1.102889
1.108580
1.085819
1.096592
1.102889
1.096592
1.082785
1.117304
1.116697
1.083998
1.111007
1.082785
1.097199
1.078915
1.083998
1.102889
1.083998
1.110400
1.104103
1.109186
1.097199
1.103496
1.109186
1.084605
1.095986
1.083998
1.103496
1.110400
1.102889
1.110400
1.109793
1.097806
1.096592
1.109793
1.095986
1.098413
1.102889
1.103496
1.077701
1.082784
1.088475
1.089082
1.083391
1.090295
1.090295
1.091509
1.085212
1.089688
1.090902
1.075881
1.102889
1.095985
1.075881
1.110400
1.102889
1.097199
1.110400
1.103496
1.123601
1.102889
1.102283
1.103496
1.096592
1.096592
1.089082
1.089082
1.076488
1.097806
1.095379
1.110400
1.097199
1.110400
1.091509
1.090902
1.078308
1.090902
1.102889
1.099096
