1.104103
1.083998
1.116697
1.109793
1.109186
1.103496
1.097199
1.095986
1.123601
1.078308
1.083391
1.095985
1.090902
1.109793
1.110400
1.095986
1.095379
1.090295
1.081571
1.116697
1.089689
1.104103
1.116697
1.103496
1.122994
1.090902
1.104103
1.083998
1.092116
1.088475
1.103496
1.098413
1.083998
1.116697
1.088475
1.090902
1.096592
1.099020
1.109793
1.117304
1.095986
1.110400
1.082785
1.109186
1.089082
1.096592
1.090295
1.090295
1.083998
1.096592
1.104710
1.104103
1.103496
1.117304
1.097199
1.109186
1.096592
1.096592
1.109186
1.102889
1.104710
1.095986
1.122994
1.090295
1.090902
1.095986
1.088475
1.083391
1.090902
1.104103
1.109186
1.102283
1.103496
1.097199
1.109793
1.090902
1.090295
1.090295
1.097199
1.095986
1.088475
1.110400
1.083391
1.102283
1.123601
1.103496
1.103496
1.097806
1.104103
1.096592
1.102889
1.082785
1.089688
1.104710
1.110400
1.084605
1.102889
1.091509
1.090902
1.117304
1.102889
1.077701
1.103496
1.117911
1.090295
1.103496
1.097199
1.102889
1.102283
1.090295
1.097199
1.083998
1.110400
1.084605
1.104710
1.103496
1.083391
1.090902
1.104103
1.110400
1.084605
1.096592
1.103496
1.090295
1.109793
1.103496
1.110400
1.096592
1.109187
1.109186
1.102283
1.092116
1.104710
1.102889
1.102889
1.090902
1.102889
1.102889
1.090295
1.104103
1.095986
1.123601
1.078308
1.104103
1.109793
1.102283
1.083391
1.097199
1.091509
1.109186
1.089689
1.109186
1.109186
1.091509
1.104710
1.104103
1.083391
1.111007
1.089689
1.109186
1.085212
1.103496
1.089688
1.102283
1.104710
1.095986
1.097806
1.089688
1.111614
1.103496
1.090902
1.101676
1.089082
1.089082
1.096592
1.109793
1.089082
1.104103
1.109793
1.109186
1.102889
1.095986
1.109186
1.102283
1.082785
1.104103
1.110400
1.099020
1.091509
1.102889
1.096592
1.078308
1.096592
1.104103
1.111007
1.104103
1.098413
1.097199
1.083391
1.096592
1.091509
1.089082
1.102283
1.089688
1.076488
1.096592
1.083391
1.111007
1.090295
1.098413
1.082785
1.103496
1.102889
1.090902
1.089689
1.096592
1.117304
1.104103
1.109793
1.095986
1.104710
1.083998
1.095986
1.083998
1.090295
1.110400
1.116090
1.083391
1.103496
1.111007
1.117304
1.089082
1.082178
1.102889
1.102889
1.104103
1.090295
1.103496
1.109793
1.095986
1.097806
1.103496
1.104103
1.097199
1.096592
1.103496
1.110400
1.089689
1.095986
1.110400
1.090295
1.090902
1.082785
1.095379
1.110400
1.083391
1.091509
1.096592
1.096592
1.085212
1.104103
1.097806
1.090295
1.109186
1.090902
1.110400
1.095986
1.090902
1.091509
1.104103
1.097199
1.095986
1.110400
1.077094
1.102889
1.090902
1.098413
1.095986
1.097199
1.089689
1.116090
1.084605
1.090902
1.082785
1.103496
1.083998
1.091509
1.096592
1.105317
1.097199
1.077094
1.095986
1.097199
1.090902
1.097806
1.095379
1.083998
1.110400
1.089689
1.084605
1.109793
1.097199
1.097199
1.090295
1.098413
1.096592
1.090295
1.104710
1.089689
1.111007
1.104103
1.102889
1.084605
1.082785
1.097199
1.097199
1.111007
1.097806
1.102283
1.103496
1.103496
1.089689
1.075881
1.102889
1.089688
1.097806
1.097806
1.102283
1.082785
1.097806
1.102889
1.083391
1.095379
1.097806
1.102889
1.096592
1.090902
1.078106
