1.138659
1.119773
1.092756
1.108841
1.071004
1.136902
1.134696
1.137501
1.146141
1.061412
1.074541
1.211222
1.128400
1.210943
0.996801
1.173433
1.087971
1.174085
1.082706
1.103676
1.108265
1.136296
1.065007
1.073162
1.057045
1.472164
1.204178
1.209762
1.091228
1.138225
1.092059
1.050908
1.141094
1.068243
1.391093
1.341594
1.037341
1.073565
1.128404
1.127431
1.065107
1.144258
1.165169
1.072735
0.980017
0.921594
1.299747
1.479779
1.271579
0.958570
1.431724
1.067078
1.165240
1.166769
1.165369
1.224210
1.133993
1.139193
1.143546
1.061430
1.124435
1.037361
1.035676
1.148834
1.081239
1.382725
1.267567
1.350118
1.112006
1.202888
1.098128
1.001633
1.168198
1.208713
1.036806
1.153456
0.927806
1.112084
1.068844
1.181594
1.197111
1.168963
1.001395
1.134360
1.394902
1.172104
1.563814
1.137990
1.054147
1.139778
1.070254
1.116896
1.112628
1.075709
1.126086
1.077237
1.315936
1.115072
1.197677
1.077352
1.097086
1.109978
1.083027
1.101246
1.097425
1.062140
1.102082
1.102821
1.202210
1.224181
1.089615
1.107564
1.222947
1.265363
1.106014
1.169434
1.219069
1.024348
1.150647
1.146178
1.114280
1.062699
1.151368
1.023038
1.140907
0.966198
1.034327
1.188880
1.086913
1.030159
1.182705
1.341349
1.168344
1.125937
1.076203
1.035242
1.175529
1.266671
1.206615
1.113278
1.491904
1.101482
1.467405
1.032409
1.217002
1.219830
1.080070
1.103772
1.026995
1.102287
1.225189
1.226219
1.160235
1.071753
1.150706
0.919961
2.859578
1.310476
1.171170
1.047401
1.072159
1.069541
1.010643
1.220421
0.842455
1.915475
1.697554
1.242413
1.053829
1.125878
1.171850
1.047899
1.211848
1.151702
1.312436
1.291567
1.433356
1.162203
1.292578
1.146515
1.073180
1.122190
1.073984
1.342410
0.867625
1.374423
1.251265
1.188771
1.214154
1.049627
1.038201
1.032851
1.402128
1.348983
0.970788
1.119766
1.249406
0.975489
1.194097
1.034478
1.091514
1.093868
1.089621
1.116867
1.120840
1.094030
1.071113
1.131501
1.131033
1.164398
1.192375
1.097871
1.054040
1.064237
1.190584
1.473573
1.061720
1.077924
1.158000
1.107251
1.248351
1.157459
1.093816
1.090294
1.094177
1.082805
1.141552
1.169280
1.088624
1.076915
1.149126
1.130056
1.044593
1.096885
1.095283
1.150086
1.164529
1.133825
1.196137
1.085296
1.175077
1.094502
1.101890
1.084832
1.099818
1.311343
1.020048
1.182829
1.104236
1.135686
1.082757
1.093622
1.074425
1.198648
1.089906
1.084867
1.106884
1.077432
1.133202
1.185391
1.094784
1.168584
1.130500
1.099197
1.064923
1.017704
1.286412
1.301927
1.055729
1.172703
1.048187
1.117273
1.082168
1.030253
1.183259
1.026934
1.282506
1.191457
1.113265
1.124955
1.073361
1.199625
1.200419
1.055707
1.386637
1.273168
1.251502
1.101506
1.122648
1.057438
1.304901
1.157574
1.230171
1.706107
1.163149
3.584681
1.213949
1.268763
1.086302
1.093886
1.226320
1.309620
1.314118
1.095482
1.035244
1.097031
1.045516
1.141463
1.131274
1.016677
1.056297
1.226928
1.431360
1.194542
1.164397
1.190679
0.956343
1.075330
1.333185
0.949951
1.394851
1.211958
1.200838
1.101239
1.061569
1.046804
1.229878
1.031509
1.136067
1.102115
1.088826
1.259202
1.213839
1.116855
1.099628
1.089485
1.090448
1.109787
