1.133321
1.132819
1.187948
1.151541
1.095192
1.031136
1.205651
1.131925
1.312191
1.133991
1.093356
1.418092
0.881052
1.117966
1.143873
1.166034
1.084389
1.118051
1.099186
1.113187
1.154206
1.180374
1.219425
1.380181
0.920392
1.061803
1.190262
1.004363
0.966191
1.213593
1.249708
0.854886
0.922723
1.381943
1.242981
1.330078
0.952897
1.341099
1.340169
1.194746
1.084821
1.068452
1.141389
0.921312
1.294001
1.087504
1.752105
1.083835
1.472323
1.401777
1.233908
1.241599
1.304329
1.170379
1.092491
1.216984
1.041018
0.981382
1.073157
1.276493
1.340903
1.123533
1.129064
1.237306
1.143179
1.096825
1.091110
1.138910
1.170799
1.082493
1.203481
1.202880
1.148009
1.204249
1.118829
1.151483
1.329871
0.965819
1.231565
1.328059
1.017294
1.109272
1.444834
0.956516
1.193345
1.155468
1.152459
1.170584
1.102395
1.108459
1.153696
1.224992
1.188692
1.232152
1.208524
1.092964
1.200753
1.062757
1.082318
1.041991
1.040174
1.377763
1.324945
0.967418
0.975320
1.125666
1.251560
1.153874
1.077765
1.115873
1.109829
1.150720
1.018782
1.221233
1.100085
1.098188
1.224016
1.168022
1.096722
1.116295
1.034948
1.357330
1.046662
1.443629
1.288092
1.006945
1.077603
1.231305
1.198561
1.150869
0.981287
1.274042
1.275904
1.211750
1.078967
1.278475
1.147627
1.166211
1.187102
1.115627
1.069500
1.074439
1.375839
1.321124
1.261186
1.020849
1.135001
1.075785
1.171983
1.147110
1.157717
1.099236
1.086003
1.131491
1.117197
1.204333
1.142478
1.138011
1.123550
1.128032
1.004228
1.182878
1.058668
1.559637
1.143435
1.125427
1.055466
1.099773
1.182750
1.151536
1.134677
1.099384
1.232527
1.011545
1.065636
1.038709
1.000618
1.313528
1.144408
1.171027
1.157457
1.054680
1.142189
1.293267
1.052918
1.362456
1.178797
0.992811
1.123741
1.067777
1.067455
1.135688
1.159669
1.128675
1.088982
1.091507
1.127160
1.114539
1.161119
1.138403
1.092579
1.091674
1.134826
1.089687
1.116493
1.102123
1.100931
1.049270
1.181346
1.142459
1.086872
1.271267
1.311969
1.071110
0.932856
1.046288
0.881801
1.035032
1.483453
1.541579
1.376257
1.182338
1.108905
1.101931
1.267053
0.962587
1.294067
1.221567
1.365280
1.233303
1.126458
1.256907
1.122289
1.116109
1.124723
1.176484
1.063413
1.147294
1.076011
1.299539
1.024980
1.189997
1.036887
1.143354
1.090689
1.078306
1.123946
1.083409
1.135993
1.079304
1.091594
1.107318
1.199218
2.700406
1.159928
1.275151
1.074913
0.948394
1.443251
1.565595
1.160461
1.176956
1.128640
1.087092
1.043963
1.176982
1.078678
1.178299
1.064284
0.967834
1.518964
1.170583
1.468680
1.375264
1.206513
1.131158
1.126332
1.087858
1.153565
1.195661
1.304382
1.284155
1.081879
1.165028
1.006355
1.171934
1.275000
1.268141
1.095893
1.136418
1.063562
1.065385
1.274920
1.274035
1.306430
1.251674
1.080713
1.041663
1.190554
1.201974
1.197533
1.055780
1.132781
1.093864
1.069015
1.045162
1.193500
0.994592
1.177918
1.109683
1.230571
1.026782
2.967674
1.104422
1.092314
1.066755
1.157312
1.123664
1.091184
1.084927
1.059531
2.512433
0.950900
1.745404
10.036689
3.925415
1.050320
1.163847
1.261507
1.617679
1.644493
1.275894
1.163735
1.102840
1.044704
1.618258
1.091242
1.114335
