1.075881
1.110400
1.097199
1.116090
1.104103
1.095986
1.103496
1.097199
1.098413
1.083391
1.129291
1.090295
1.097199
1.109793
1.090295
1.116697
1.089689
1.103496
1.096592
1.097199
1.095379
1.082785
1.090902
1.109187
1.097199
1.096592
1.102889
1.096592
1.102283
1.104103
1.092116
1.090295
1.097806
1.111007
1.102283
1.102889
1.110400
1.110400
1.097806
1.116090
1.104710
1.102283
1.090295
1.103496
1.099020
1.109793
1.116697
1.095986
1.095986
1.092722
1.097199
1.098413
1.109186
1.097806
1.091509
1.104103
1.083391
1.090295
1.090295
1.104103
1.090295
1.095986
1.076488
1.110400
1.116090
1.097199
1.101676
1.096592
1.104710
1.104103
1.090902
1.103496
1.089689
1.083998
1.075274
1.109793
1.109793
1.109186
1.076488
1.095986
1.104103
1.103496
1.090902
1.096592
1.091509
1.095379
1.095986
1.090295
1.090295
1.089082
1.108580
1.097199
1.111007
1.092116
1.102889
1.116697
1.083998
1.095986
1.103496
1.089082
1.082178
1.096592
1.092116
1.117304
1.082178
1.090295
1.102889
1.085819
1.092116
1.089689
1.104103
1.097199
1.104103
1.110400
1.097199
1.104103
1.081571
1.095986
1.101676
1.083391
1.090902
1.109793
1.089689
1.097199
1.095986
1.116697
1.083391
1.104710
1.097199
1.104103
1.103496
1.099020
1.109793
1.089082
1.116697
1.090295
1.096592
1.109793
1.110400
1.105317
1.116697
1.102889
1.088475
1.085212
1.096592
1.102889
1.097806
1.095986
1.096592
1.096592
1.097199
1.104710
1.110400
1.090902
1.104103
1.083998
1.111007
1.077701
1.090295
1.090295
1.097199
1.090902
1.082178
1.117304
1.095986
1.108580
1.096592
1.103496
1.116090
1.097199
1.096592
1.090902
1.089689
1.097806
1.096592
1.102889
1.095379
1.096592
1.090902
1.116697
1.096592
1.097806
1.104103
1.090295
1.097199
1.103496
1.090295
1.090295
1.116697
1.091509
1.089688
1.103496
1.095986
1.078308
1.095986
1.110400
1.104103
1.095986
1.082178
1.117304
1.083998
1.109793
1.110400
1.103496
1.097806
1.117911
1.109793
1.097806
1.090295
1.090902
1.083391
1.097199
1.103496
1.103496
1.091509
1.090295
1.129898
1.096592
1.082785
1.111007
1.110400
1.110400
1.090295
1.104103
1.101676
1.085819
1.097806
1.090902
1.102889
1.082785
1.096592
1.104103
1.102889
1.083391
1.103496
1.109793
1.097199
1.083391
1.096592
1.096592
1.095986
1.110400
1.089689
1.090295
1.089689
1.082785
1.116697
1.108580
1.111007
1.096592
1.090295
1.089082
1.083998
1.097806
1.091509
1.104103
1.109793
1.095986
1.082785
1.102283
1.110400
1.089082
1.103496
1.077701
1.089689
1.129898
1.090295
1.085212
1.103496
1.096592
1.085212
1.103496
1.117304
1.104103
1.096592
1.122387
1.111614
1.083998
1.104103
1.105317
1.097199
1.097199
1.078308
1.096592
1.082785
1.095379
1.104103
1.090295
1.090295
1.085212
1.089688
1.083998
1.109793
1.102889
1.092116
1.103496
1.089689
1.089082
1.083998
1.083391
1.104103
1.096592
1.116697
1.116090
1.110400
1.116090
1.096592
1.103496
1.097199
1.097806
1.089082
1.096592
1.090902
1.102283
1.096592
1.089688
1.115484
1.096592
1.092723
1.109793
1.083998
1.097199
1.097199
1.104103
1.110400
1.089688
1.075881
1.096592
1.082785
1.089689
1.097806
1.089688
1.092116
1.103496
1.096592
1.108580
1.090295
1.074060
