1.111007
1.095986
1.089082
1.095986
1.096592
1.089082
1.104103
1.096592
1.104710
1.090295
1.096592
1.110400
1.102889
1.097806
1.090295
1.116697
1.109187
1.090902
1.095986
1.111007
1.089082
1.096592
1.090295
1.095986
1.108580
1.109793
1.096592
1.097199
1.109793
1.103496
1.096592
1.104710
1.095379
1.110400
1.090295
1.116697
1.090902
1.097806
1.083391
1.084605
1.095986
1.117304
1.083391
1.096592
1.097199
1.102889
1.116090
1.089689
1.116697
1.104103
1.090902
1.115484
1.090902
1.085212
1.103496
1.097199
1.096592
1.096592
1.083998
1.095986
1.095986
1.095986
1.110400
1.098413
1.095986
1.096592
1.109186
1.096592
1.097199
1.102889
1.090902
1.109793
1.089688
1.103496
1.091509
1.089688
1.095986
1.098413
1.089082
1.083998
1.096592
1.122994
1.089688
1.104103
1.090295
1.085212
1.103496
1.103496
1.104103
1.097806
1.103496
1.097806
1.110400
1.103496
1.095986
1.090902
1.090295
1.090902
1.111614
1.097806
1.083391
1.090902
1.116697
1.104103
1.104103
1.102889
1.102283
1.082178
1.090295
1.097199
1.095379
1.090902
1.102889
1.104103
1.083998
1.090295
1.097199
1.096592
1.104103
1.097199
1.091509
1.102889
1.090902
1.109793
1.115484
1.083998
1.103496
1.095986
1.104710
1.090295
1.090295
1.096592
1.102889
1.096592
1.102889
1.116697
1.103496
1.089082
1.102283
1.104103
1.103496
1.082785
1.095986
1.098413
1.102283
1.082785
1.090295
1.111007
1.090902
1.090902
1.116697
1.095986
1.097199
1.085212
1.103496
1.089689
1.082785
1.096592
1.102283
1.090295
1.096592
1.090902
1.097199
1.089688
1.104103
1.091509
1.090295
1.110400
1.095986
1.102283
1.117304
1.110400
1.097199
1.097806
1.097199
1.085212
1.104710
1.090295
1.097199
1.109186
1.094772
1.102889
1.096592
1.089688
1.111007
1.085819
1.103496
1.096592
1.104103
1.089689
1.103496
1.090902
1.091509
1.096592
1.089688
1.116697
1.102889
1.096592
1.083391
1.097199
1.090902
1.095986
1.082785
1.090295
1.089689
1.082785
1.090902
1.103496
1.096592
1.102889
1.096592
1.091509
1.090295
1.095986
1.090295
1.104710
1.116090
1.130505
1.083391
1.089688
1.089082
1.110400
1.090295
1.088475
1.097199
1.084605
1.090295
1.109793
1.089688
1.083391
1.084605
1.090295
1.096592
1.077701
1.124208
1.095986
1.083998
1.111614
1.103496
1.096592
1.116697
1.097806
1.097199
1.102283
1.083998
1.097806
1.095986
1.103496
1.089688
1.109793
1.102283
1.097199
1.095985
1.090295
1.097199
1.109186
1.104710
1.089689
1.104710
1.089689
1.099020
1.103496
1.110400
1.097806
1.102889
1.102889
1.092116
1.090902
1.103496
1.097199
1.082785
1.111614
1.083998
1.110400
1.111614
1.095986
1.083391
1.109186
1.095986
1.097199
1.110400
1.111007
1.095986
1.122994
1.083998
1.102283
1.096592
1.097806
1.089688
1.095986
1.111614
1.110400
1.089082
1.109793
1.085212
1.090902
1.096592
1.090295
1.089688
1.111007
1.102889
1.091509
1.090295
1.097806
1.116697
1.090295
1.102889
1.097199
1.091509
1.097199
1.097199
1.083391
1.110400
1.090295
1.103496
1.097806
1.108580
1.104710
1.102889
1.095379
1.103496
1.102889
1.098413
1.097199
1.090902
1.098413
1.097199
1.116697
1.095379
1.090295
1.116697
1.095986
1.115484
1.104103
1.104710
1.089688
1.082178
1.078106
