1.090902
1.096592
1.108580
1.110400
1.090902
1.110400
1.103496
1.101676
1.110400
1.082785
1.097199
1.097199
1.095986
1.110400
1.090295
1.095986
1.110400
1.089689
1.097199
1.097199
1.083391
1.095379
1.090295
1.102283
1.097806
1.083391
1.104710
1.090295
1.104710
1.095379
1.117304
1.095379
1.102889
1.097806
1.110400
1.083998
1.111007
1.083998
1.104103
1.097199
1.111007
1.090902
1.097806
1.096592
1.096592
1.097806
1.104103
1.103496
1.091509
1.090295
1.090902
1.089689
1.104103
1.097199
1.102283
1.096592
1.096592
1.089689
1.091509
1.095379
1.097199
1.109793
1.102283
1.115484
1.110400
1.096592
1.104103
1.097806
1.089689
1.096592
1.089689
1.103496
1.102283
1.083391
1.102889
1.097806
1.083998
1.102283
1.096592
1.098413
1.090295
1.103496
1.102283
1.097199
1.090902
1.096592
1.102889
1.103496
1.099020
1.097199
1.084605
1.103496
1.109793
1.089688
1.109186
1.090295
1.089082
1.089689
1.094772
1.099020
1.091509
1.102889
1.089689
1.116697
1.090295
1.111007
1.096592
1.090902
1.102283
1.102889
1.104103
1.117304
1.097806
1.083998
1.090295
1.110400
1.104103
1.089689
1.090902
1.083391
1.095986
1.096592
1.097806
1.090902
1.096592
1.095379
1.109793
1.085212
1.083998
1.104710
1.097806
1.083391
1.084605
1.097199
1.116697
1.096592
1.104103
1.096592
1.104103
1.083998
1.092116
1.102889
1.103496
1.090295
1.096592
1.097199
1.109186
1.103496
1.109186
1.083998
1.089689
1.089688
1.103496
1.103496
1.096592
1.103496
1.103496
1.090902
1.109186
1.090902
1.089688
1.090902
1.110400
1.097199
1.095986
1.096592
1.091509
1.097199
1.097199
1.103496
1.095986
1.097199
1.096592
1.083998
1.098413
1.090902
1.096592
1.083391
1.102889
1.089689
1.090902
1.102283
1.097199
1.109186
1.117304
1.089689
1.097199
1.103496
1.097199
1.104103
1.097199
1.089082
1.102889
1.102889
1.095986
1.102889
1.097199
1.096592
1.076488
1.082178
1.111007
1.089689
1.090902
1.096592
1.098413
1.095986
1.082785
1.102889
1.110400
1.097199
1.110400
1.097806
1.089688
1.104103
1.103496
1.090902
1.082785
1.090902
1.077701
1.102889
1.090295
1.104710
1.090295
1.109186
1.103496
1.096592
1.102889
1.110400
1.097199
1.102889
1.085819
1.110400
1.116697
1.083998
1.096592
1.097806
1.102889
1.090902
1.095986
1.091509
1.095379
1.095986
1.095379
1.096592
1.097199
1.089689
1.090902
1.082785
1.103496
1.109793
1.097806
1.104103
1.102283
1.089689
1.097199
1.102889
1.082785
1.102283
1.109186
1.090295
1.090902
1.096592
1.103496
1.090295
1.085819
1.099020
1.099020
1.089688
1.143099
1.116090
1.083998
1.090902
1.097199
1.089689
1.109186
1.097199
1.110400
1.096592
1.098413
1.085819
1.090295
1.104710
1.090295
1.102889
1.104103
1.095986
1.096592
1.116697
1.104103
1.103496
1.123601
1.117911
1.090295
1.102889
1.116697
1.104103
1.103496
1.095985
1.103496
1.109793
1.116697
1.110400
1.083998
1.129898
1.074667
1.102283
1.109793
1.097199
1.077701
1.102283
1.102889
1.117304
1.083391
1.117304
1.097199
1.102889
1.102283
1.109186
1.110400
1.083391
1.083998
1.102283
1.096592
1.077701
1.095379
1.083391
1.090902
1.096592
1.090295
1.109793
1.097199
1.097806
1.117911
1.096592
1.090902
1.090295
1.104710
1.097073
