1.089689
1.090902
1.097199
1.091509
1.098413
1.109186
1.104103
1.077094
1.102283
1.085212
1.077701
1.110400
1.077094
1.089688
1.082785
1.104710
1.083391
1.110400
1.096592
1.123601
1.089689
1.097199
1.095986
1.074667
1.090902
1.082785
1.083998
1.111007
1.089689
1.102889
1.097806
1.089688
1.097199
1.098413
1.104710
1.103496
1.090902
1.076488
1.102283
1.102889
1.095986
1.096592
1.098413
1.083998
1.090902
1.103496
1.095986
1.110400
1.077701
1.089082
1.110400
1.103496
1.102889
1.097806
1.089082
1.104103
1.117304
1.095985
1.103496
1.116090
1.083998
1.122994
1.104103
1.097199
1.090902
1.097199
1.091509
1.092116
1.096592
1.116697
1.089688
1.102283
1.104103
1.098413
1.110400
1.097199
1.097199
1.090295
1.097199
1.090902
1.097806
1.096592
1.097199
1.098413
1.104710
1.096592
1.084605
1.102889
1.095986
1.097806
1.096592
1.076487
1.090902
1.111614
1.104103
1.109793
1.090295
1.098413
1.117304
1.097199
1.102283
1.089082
1.090295
1.097199
1.090902
1.104103
1.097199
1.102889
1.122994
1.109793
1.097199
1.089689
1.109186
1.090902
1.103496
1.095986
1.091509
1.089688
1.102889
1.103496
1.103496
1.090902
1.116090
1.117911
1.110400
1.089688
1.089689
1.104710
1.097199
1.104103
1.096592
1.129898
1.095985
1.085212
1.082178
1.095379
1.104103
1.102889
1.110400
1.104103
1.095986
1.090902
1.090295
1.109793
1.116697
1.096592
1.082785
1.096592
1.083998
1.089689
1.089689
1.110400
1.104103
1.077701
1.102889
1.104103
1.089688
1.076488
1.116697
1.097199
1.115484
1.109793
1.102889
1.116697
1.095986
1.097199
1.096592
1.096592
1.110400
1.104103
1.088475
1.090295
1.091509
1.111007
1.104103
1.090295
1.123601
1.090902
1.095379
1.097199
1.117911
1.111007
1.089688
1.091509
1.103496
1.083998
1.085212
1.103496
1.097806
1.116697
1.097199
1.090295
1.102889
1.104710
1.083998
1.102283
1.111614
1.090295
1.096592
1.103496
1.077094
1.097199
1.097199
1.083391
1.089688
1.090902
1.097199
1.096592
1.101676
1.102889
1.077094
1.097199
1.089688
1.103496
1.102283
1.089689
1.089689
1.082178
1.089689
1.104103
1.097806
1.095379
1.109793
1.090902
1.089082
1.089082
1.102283
1.104103
1.082785
1.101676
1.095379
1.102283
1.109793
1.097806
1.090902
1.097199
1.097199
1.095986
1.096592
1.084605
1.096592
1.116090
1.090295
1.096592
1.104710
1.102889
1.097199
1.090902
1.083391
1.103496
1.110400
1.097199
1.083998
1.084605
1.089082
1.102283
1.089082
1.089689
1.097199
1.109793
1.084605
1.090295
1.111007
1.104710
1.102283
1.122387
1.110400
1.097199
1.090902
1.089688
1.095985
1.083391
1.095986
1.103496
1.095986
1.111007
1.090295
1.091509
1.089688
1.102889
1.097199
1.102889
1.103496
1.109793
1.095379
1.109793
1.103496
1.096592
1.109793
1.090902
1.089689
1.102889
1.096592
1.089689
1.090902
1.103496
1.103496
1.095379
1.116697
1.123601
1.091509
1.117304
1.116090
1.097199
1.102889
1.096592
1.090295
1.097806
1.090902
1.090295
1.108580
1.109793
1.095986
1.091509
1.097806
1.077094
1.089688
1.102283
1.097199
1.110400
1.117304
1.110400
1.083998
1.104103
1.095986
1.090902
1.103496
1.111614
1.097806
1.089689
1.076488
1.090295
1.116697
1.097806
1.096592
1.111007
1.109793
1.143099
