1.077701
1.104710
1.090295
1.081571
1.116090
1.095379
1.077094
1.116697
1.090295
1.097806
1.097199
1.097199
1.129898
1.091509
1.097199
1.097806
1.104710
1.104710
1.104103
1.095986
1.082178
1.097199
1.104710
1.104710
1.097199
1.097806
1.097806
1.097199
1.104103
1.109793
1.103496
1.104103
1.110400
1.122994
1.085819
1.091509
1.089688
1.090902
1.103496
1.089082
1.103496
1.103496
1.082784
1.089689
1.116090
1.115484
1.103496
1.090902
1.111007
1.082785
1.096592
1.089689
1.117304
1.096592
1.089082
1.104710
1.090295
1.098413
1.081571
1.090295
1.102889
1.096592
1.109793
1.083998
1.095986
1.090295
1.090295
1.083998
1.082785
1.103496
1.110400
1.095986
1.109793
1.102283
1.091509
1.104710
1.109793
1.082785
1.089689
1.095379
1.089689
1.117911
1.103496
1.083998
1.077094
1.090295
1.096592
1.110400
1.110400
1.109793
1.097199
1.097199
1.104103
1.104103
1.102283
1.083391
1.110400
1.110400
1.109793
1.097199
1.089688
1.088475
1.104103
1.095986
1.098413
1.110400
1.109793
1.097199
1.103496
1.103496
1.092116
1.103496
1.094772
1.102889
1.102889
1.097199
1.083998
1.102889
1.096592
1.104103
1.089689
1.101676
1.103496
1.104103
1.096592
1.090295
1.096592
1.102889
1.109793
1.097199
1.123601
1.089689
1.097806
1.077094
1.089689
1.090902
1.104103
1.090295
1.104103
1.089688
1.089082
1.090295
1.115484
1.105317
1.095986
1.103496
1.097199
1.115484
1.095985
1.095986
1.083998
1.109793
1.097199
1.085212
1.110400
1.097199
1.089082
1.109793
1.104103
1.097806
1.095986
1.111007
1.090902
1.083998
1.091509
1.095986
1.103496
1.103496
1.116090
1.090902
1.082785
1.110400
1.090295
1.089689
1.090902
1.110400
1.103496
1.092116
1.089689
1.103496
1.096592
1.116697
1.110400
1.096592
1.091509
1.110400
1.089689
1.090295
1.097199
1.089082
1.089082
1.102889
1.116697
1.097199
1.089689
1.103496
1.085212
1.096592
1.102283
1.110400
1.097199
1.102889
1.102283
1.097199
1.097806
1.102283
1.095986
1.103496
1.089688
1.083391
1.109186
1.083998
1.090295
1.103496
1.097806
1.104103
1.103496
1.083391
1.084605
1.102889
1.098413
1.096592
1.117304
1.123601
1.102889
1.090902
1.105317
1.096592
1.077094
1.104103
1.091509
1.097199
1.116697
1.082785
1.103496
1.089689
1.097806
1.109186
1.095986
1.097199
1.116090
1.077094
1.083391
1.090902
1.097199
1.097199
1.097199
1.096592
1.102889
1.090902
1.096592
1.098413
1.096592
1.104103
1.109793
1.097199
1.091509
1.088475
1.095986
1.081571
1.096592
1.110400
1.091509
1.103496
1.103496
1.110400
1.096592
1.104103
1.095986
1.092116
1.082178
1.104103
1.089689
1.102283
1.090902
1.104103
1.102283
1.096592
1.082785
1.116697
1.090295
1.102890
1.077094
1.104710
1.110400
1.110400
1.089689
1.089688
1.090295
1.091509
1.102889
1.110400
1.078308
1.089082
1.097806
1.094772
1.109186
1.096592
1.090295
1.089689
1.102283
1.104710
1.090295
1.102889
1.090295
1.091509
1.102889
1.090295
1.104103
1.103496
1.096592
1.109793
1.097199
1.091509
1.104710
1.090295
1.102283
1.096592
1.116090
1.096592
1.109793
1.095986
1.083998
1.083998
1.089688
1.096592
1.103496
1.090295
1.084605
1.104103
1.102889
1.097199
1.110400
1.097806
1.104103
1.104103
1.097199
1.080128
