1.090295
1.111007
1.096592
1.085212
1.090295
1.089689
1.096592
1.116090
1.110400
1.102889
1.089688
1.090295
1.110400
1.097199
1.109186
1.111007
1.090295
1.097199
1.104710
1.102889
1.109793
1.090295
1.091509
1.096592
1.097199
1.110400
1.090902
1.105317
1.095986
1.110400
1.103496
1.103496
1.109186
1.102889
1.095985
1.110400
1.096592
1.103496
1.096592
1.095986
1.089082
1.095379
1.091509
1.104103
1.090902
1.083391
1.091509
1.076488
1.116090
1.109793
1.110400
1.084605
1.108580
1.102889
1.102889
1.115484
1.104103
1.101676
1.110400
1.096592
1.115484
1.104710
1.109793
1.124208
1.097806
1.092116
1.096592
1.085819
1.089082
1.089689
1.082178
1.109186
1.090295
1.111007
1.089082
1.102889
1.108580
1.077701
1.108580
1.103496
1.090295
1.116090
1.082178
1.102889
1.097806
1.083998
1.091509
1.116697
1.084605
1.089689
1.097806
1.096592
1.090902
1.082785
1.091509
1.116697
1.090295
1.090295
1.102889
1.090902
1.083391
1.090295
1.111614
1.082785
1.111007
1.090295
1.098413
1.091509
1.102889
1.109793
1.088475
1.089688
1.089688
1.104103
1.097806
1.104103
1.104103
1.109793
1.103496
1.090295
1.076488
1.103496
1.098413
1.095986
1.096592
1.082785
1.104103
1.095986
1.090295
1.117304
1.116697
1.096592
1.104103
1.096592
1.097806
1.090295
1.083391
1.102889
1.096592
1.083391
1.096592
1.090295
1.095986
1.082785
1.103496
1.098413
1.095986
1.102889
1.104103
1.089688
1.090295
1.116697
1.082785
1.104710
1.110400
1.082178
1.097199
1.102283
1.097806
1.109793
1.095379
1.104103
1.089688
1.095986
1.109186
1.104103
1.116090
1.095379
1.104103
1.076488
1.103496
1.090295
1.102283
1.095986
1.110400
1.096592
1.089689
1.085212
1.096592
1.090295
1.090902
1.096592
1.090295
1.097806
1.083391
1.110400
1.095986
1.104103
1.110400
1.095986
1.104103
1.089689
1.083998
1.103496
1.089082
1.096592
1.090295
1.103496
1.090295
1.090295
1.096592
1.104103
1.098413
1.090902
1.089689
1.089688
1.116697
1.109793
1.097806
1.110400
1.109186
1.104710
1.103496
1.109793
1.123601
1.090902
1.104710
1.090902
1.091509
1.097199
1.098413
1.111007
1.109186
1.091509
1.097199
1.104103
1.109793
1.076488
1.117911
1.090902
1.110400
1.090295
1.095986
1.082785
1.095986
1.097806
1.103496
1.122994
1.104103
1.096592
1.089689
1.096592
1.090902
1.092722
1.117304
1.083391
1.083391
1.102889
1.098413
1.083391
1.095986
1.089689
1.097199
1.089689
1.091509
1.083391
1.097199
1.096592
1.104710
1.083998
1.103496
1.082785
1.109793
1.083998
1.097199
1.097199
1.096592
1.095986
1.082178
1.091509
1.090295
1.089689
1.077701
1.109793
1.102889
1.091509
1.097199
1.116697
1.090902
1.104710
1.110400
1.083391
1.095986
1.083998
1.077701
1.083391
1.097199
1.083391
1.090295
1.097199
1.096592
1.096592
1.102283
1.103496
1.116090
1.103496
1.096592
1.104103
1.097199
1.102889
1.083391
1.083391
1.097199
1.110400
1.097199
1.102889
1.116090
1.104103
1.103496
1.102889
1.116697
1.104710
1.097199
1.096592
1.097199
1.110400
1.089082
1.090295
1.089082
1.104710
1.110400
1.097199
1.143099
1.089082
1.104103
1.111007
1.110400
1.089688
1.110400
1.102283
1.104103
1.095986
1.084605
1.102283
1.090295
1.091509
1.090902
1.099096
