1.104103
1.082785
1.090295
1.085212
1.102889
1.091509
1.103496
1.091509
1.085212
1.095986
1.109793
1.102283
1.098413
1.082785
1.097199
1.117304
1.089082
1.109793
1.098413
1.083998
1.116697
1.083998
1.090295
1.103496
1.097199
1.082785
1.104103
1.096592
1.090295
1.090902
1.109793
1.087868
1.096592
1.090295
1.096592
1.104710
1.082785
1.089689
1.109793
1.091509
1.097199
1.123601
1.110400
1.103496
1.116697
1.097199
1.097806
1.097806
1.089082
1.097199
1.102889
1.091509
1.110400
1.105317
1.122387
1.082178
1.102889
1.083391
1.097806
1.082785
1.083391
1.097806
1.102889
1.095986
1.090295
1.090902
1.097199
1.110400
1.089688
1.096592
1.083391
1.102889
1.089688
1.103496
1.096592
1.117304
1.090295
1.116697
1.097199
1.111007
1.104103
1.108580
1.111007
1.102889
1.109793
1.110400
1.105317
1.102889
1.082785
1.116090
1.096592
1.095379
1.082785
1.116090
1.110400
1.089689
1.097199
1.096592
1.096592
1.090295
1.097199
1.095986
1.103496
1.097199
1.096592
1.104710
1.097199
1.104103
1.088475
1.089689
1.095986
1.097806
1.096592
1.104103
1.116697
1.102889
1.096592
1.102283
1.095985
1.090295
1.083998
1.084605
1.110400
1.110400
1.095986
1.096592
1.085819
1.109793
1.103496
1.109793
1.097199
1.117304
1.110400
1.102889
1.103496
1.117911
1.090902
1.104710
1.111614
1.096592
1.102283
1.083998
1.116697
1.091509
1.110400
1.102889
1.102889
1.090295
1.090902
1.097199
1.117304
1.097199
1.090902
1.076488
1.084605
1.102283
1.089688
1.097199
1.097806
1.097806
1.090295
1.097199
1.083998
1.091509
1.103496
1.096592
1.090902
1.110400
1.082785
1.090295
1.103496
1.094772
1.076488
1.110400
1.110400
1.083998
1.090295
1.097199
1.103496
1.102889
1.097806
1.117304
1.090902
1.097199
1.078308
1.117304
1.103496
1.095379
1.083391
1.090295
1.095379
1.102889
1.109186
1.089082
1.077701
1.097199
1.104103
1.090902
1.109793
1.097199
1.109186
1.104710
1.109793
1.089689
1.075881
1.096592
1.096592
1.091509
1.103496
1.091509
1.095379
1.090295
1.096592
1.095986
1.090295
1.090295
1.090295
1.110400
1.116090
1.110400
1.097806
1.089688
1.102889
1.090295
1.111007
1.083391
1.103496
1.090295
1.102283
1.091509
1.090295
1.097199
1.103496
1.102283
1.096592
1.105317
1.090902
1.089082
1.103496
1.089689
1.097199
1.084605
1.104103
1.089689
1.116090
1.110400
1.097199
1.088475
1.095986
1.104710
1.086426
1.096592
1.090295
1.089689
1.082785
1.089689
1.102889
1.104103
1.117304
1.109186
1.103496
1.097199
1.090902
1.109793
1.109793
1.097806
1.104103
1.090902
1.083998
1.109187
1.089082
1.096592
1.104103
1.105317
1.091509
1.096592
1.083391
1.096592
1.109793
1.097199
1.109793
1.089688
1.089688
1.089689
1.096592
1.122994
1.096592
1.110400
1.092116
1.097806
1.102889
1.096592
1.109793
1.090902
1.102889
1.096592
1.104710
1.089689
1.095379
1.097199
1.104103
1.089688
1.077701
1.122994
1.103496
1.083391
1.095985
1.090902
1.082785
1.095379
1.102283
1.082785
1.105317
1.095986
1.104710
1.090902
1.104710
1.103496
1.109793
1.103496
1.103496
1.097199
1.103496
1.096592
1.095379
1.102889
1.109793
1.090295
1.091509
1.102889
1.089689
1.102889
1.083391
1.089689
1.083998
1.097199
1.123601
1.099096
