1.077701
1.102889
1.084605
1.103496
1.095379
1.090902
1.109793
1.082785
1.103496
1.115484
1.083391
1.090295
1.103496
1.091509
1.097199
1.091509
1.085212
1.083998
1.096592
1.083998
1.096592
1.096592
1.103496
1.117304
1.110400
1.111614
1.083998
1.097806
1.096592
1.123601
1.095379
1.075881
1.090902
1.103496
1.090295
1.097199
1.110400
1.117304
1.097199
1.090295
1.090902
1.076488
1.097199
1.110400
1.097199
1.105317
1.097806
1.102889
1.102889
1.103496
1.104103
1.097199
1.104103
1.088475
1.095986
1.097199
1.102889
1.103496
1.096592
1.104103
1.089688
1.111007
1.103496
1.084605
1.110400
1.102889
1.110400
1.090902
1.091509
1.090902
1.110400
1.116697
1.096592
1.103496
1.104103
1.104103
1.110400
1.103496
1.102283
1.090902
1.097806
1.097199
1.089082
1.091509
1.110400
1.083998
1.097806
1.082785
1.082785
1.102889
1.095986
1.104710
1.115484
1.095379
1.104103
1.129898
1.095379
1.103496
1.097199
1.083998
1.096592
1.095986
1.089688
1.096592
1.116697
1.095986
1.096592
1.095986
1.096592
1.095986
1.089082
1.102283
1.116090
1.102283
1.090902
1.104710
1.103496
1.102889
1.096592
1.110400
1.077094
1.096592
1.096592
1.083391
1.083998
1.089688
1.095986
1.095986
1.102283
1.095986
1.083998
1.103496
1.082178
1.089082
1.110400
1.089689
1.097199
1.103496
1.090295
1.104103
1.090902
1.095379
1.109793
1.103496
1.090902
1.097199
1.097806
1.097199
1.109793
1.097199
1.109793
1.098413
1.095986
1.090902
1.116697
1.111614
1.092116
1.097806
1.103496
1.109793
1.124208
1.109793
1.097806
1.090902
1.102283
1.103496
1.090295
1.098413
1.103496
1.116697
1.097199
1.082785
1.095986
1.089689
1.097199
1.097806
1.103496
1.096592
1.089082
1.117304
1.102283
1.089082
1.083391
1.086425
1.103496
1.104103
1.096592
1.083391
1.103496
1.104103
1.090902
1.110400
1.097199
1.095986
1.102283
1.095985
1.091509
1.090295
1.110400
1.104103
1.096592
1.090295
1.110400
1.095379
1.094772
1.089689
1.078308
1.097199
1.117304
1.095986
1.090902
1.082785
1.090295
1.091509
1.090295
1.104103
1.097806
1.109793
1.090295
1.111007
1.110400
1.102889
1.090295
1.110400
1.098413
1.103496
1.095986
1.090902
1.090295
1.109186
1.102283
1.116697
1.102889
1.091509
1.095379
1.096592
1.097806
1.098413
1.089689
1.095986
1.091509
1.097806
1.117304
1.090902
1.097806
1.116090
1.097199
1.084605
1.096592
1.082785
1.096592
1.102283
1.083391
1.090295
1.122994
1.089082
1.102889
1.110400
1.096592
1.097199
1.096592
1.095986
1.090902
1.085212
1.083998
1.109186
1.089689
1.109793
1.095986
1.090295
1.075881
1.104103
1.089689
1.096592
1.090295
1.097806
1.102889
1.103496
1.109186
1.109186
1.103496
1.089689
1.104103
1.095986
1.090902
1.089082
1.090295
1.102283
1.102889
1.090295
1.110400
1.102283
1.098413
1.103496
1.103496
1.104103
1.104103
1.116697
1.089689
1.096592
1.097199
1.091509
1.098413
1.089689
1.097806
1.083998
1.103496
1.088475
1.097199
1.088475
1.123601
1.089689
1.097806
1.104103
1.091509
1.102889
1.110400
1.097199
1.102889
1.096592
1.083998
1.097199
1.089082
1.104103
1.098413
1.082785
1.089689
1.111614
1.097806
1.096592
1.098413
1.095986
1.091509
1.097199
1.090902
1.095986
1.109793
1.099096
