1.022320
1.125352
1.318425
1.058492
1.221794
0.945038
1.160689
1.172045
1.060131
1.125399
1.111583
0.994521
1.087581
1.186475
1.095187
1.099980
1.063282
1.094853
1.102806
1.107075
1.039029
1.131818
1.067146
1.160989
1.038880
1.183038
1.152240
1.047168
1.119225
1.121467
1.119098
1.157875
1.115074
1.104668
1.105959
1.101063
1.121382
1.105617
1.094647
1.093089
1.114900
1.106050
1.091552
1.092311
1.092068
1.131672
1.116889
1.117178
1.102867
1.104894
1.091714
1.097334
1.103131
1.096174
1.102963
1.095913
1.099326
1.103718
1.097991
1.100090
1.098702
1.099422
1.102790
1.097354
1.102999
1.108261
1.105048
1.090978
1.105268
1.102169
1.108306
1.098230
1.099674
1.101590
1.087315
1.114226
1.100829
1.099857
1.123491
1.085873
1.044460
1.081982
1.116046
1.109108
1.125641
1.090978
1.104644
1.077627
9.871923
1.054545
1.090132
1.062421
1.169076
1.096714
1.067169
1.056863
1.141257
1.089050
1.168157
1.094802
1.005003
1.167776
1.165524
1.146707
1.028434
1.212360
1.085022
1.113514
1.079529
1.097686
1.097015
1.067685
1.110263
1.079616
1.072528
1.098690
1.103452
1.105351
1.136083
1.065135
1.077218
1.076356
1.075265
1.108485
1.163068
1.110420
1.021736
1.108767
1.091603
1.162849
1.144918
1.124135
1.059571
1.089482
1.036591
1.108470
1.037530
1.165047
1.091797
1.097620
1.064304
1.129679
1.088298
1.119181
1.078087
1.083664
1.470590
1.054163
1.255648
1.307964
1.058929
1.097061
1.124025
1.019486
1.068922
1.101594
1.164969
1.169415
1.097994
1.065128
1.159217
1.100054
1.127621
1.065820
1.124333
1.150733
1.113553
1.093181
1.054178
1.113074
1.132851
1.129018
1.107594
1.092321
1.109694
1.112971
1.112879
1.110173
1.115918
1.106989
1.088966
1.093809
1.130106
1.093127
1.078517
1.119159
1.103427
1.101460
1.117659
1.089436
1.095002
1.081102
6.362954
1.088544
1.101535
1.099826
1.046342
1.095307
1.127195
1.120197
1.092999
1.128833
1.064958
1.116188
1.149220
1.123811
1.097932
1.180313
1.175798
1.150824
1.126171
1.105577
1.109480
1.090646
1.076174
1.085993
1.111110
1.100754
1.106067
1.088457
1.079534
1.077533
1.106894
1.087139
1.135742
1.077580
1.085235
1.140314
1.053549
1.121927
1.064903
1.128517
1.190350
1.046746
1.101240
1.150719
1.036357
1.102909
1.124267
1.090084
1.109810
1.064418
1.109263
1.165470
1.111313
1.137398
1.089616
1.102450
1.067171
1.094367
1.119219
1.112824
1.154434
1.058204
1.090492
1.073985
1.068267
1.156088
1.082449
1.098567
1.104686
1.140041
1.172785
1.191592
1.077164
1.114652
1.100936
1.093402
1.100134
1.115488
1.107952
1.093478
1.104064
1.076606
1.071900
1.122030
1.106540
1.128209
1.101294
1.100968
1.108923
1.087505
1.139571
1.102488
1.109056
1.099108
1.092681
1.100417
1.103947
1.110195
1.104173
1.099298
1.101861
1.097589
1.098193
1.100471
1.099790
1.100738
1.114583
1.101598
1.101260
1.092746
1.096657
1.081836
1.104656
1.088123
1.120384
1.082432
1.075749
1.093095
1.100783
1.125038
1.125839
14.507909
1.153412
1.116008
1.058436
1.098617
1.075256
1.105475
1.129599
1.155636
1.112798
1.081736
1.109178
1.117181
1.095037
1.107146
1.101900
1.095883
1.100858
1.095776
1.090326
1.112415
1.103420
1.146624
1.122926
1.053071
