1.097199
1.085212
1.109186
1.096592
1.104103
1.095986
1.116090
1.096592
1.091509
1.116090
1.111007
1.089689
1.096592
1.090295
1.110400
1.104103
1.091509
1.082785
1.090902
1.095986
1.089688
1.096592
1.090295
1.089689
1.089082
1.098413
1.096592
1.109793
1.090902
1.116697
1.088475
1.102889
1.097199
1.109793
1.110400
1.102889
1.104710
1.095986
1.090295
1.077094
1.103496
1.103496
1.078308
1.091509
1.122387
1.102889
1.090902
1.084605
1.096592
1.097199
1.089688
1.109793
1.096592
1.111007
1.090295
1.104103
1.117304
1.103496
1.090295
1.089688
1.090295
1.096592
1.083391
1.097806
1.089688
1.103496
1.103496
1.088475
1.110400
1.098413
1.095985
1.090902
1.110400
1.111614
1.104103
1.090295
1.090295
1.116697
1.089688
1.102889
1.096592
1.117911
1.095379
1.083391
1.097806
1.097199
1.083391
1.090902
1.097199
1.103496
1.088475
1.098413
1.109186
1.077094
1.103496
1.097199
1.116090
1.090295
1.089689
1.097199
1.110400
1.083998
1.103496
1.109793
1.102889
1.084605
1.095986
1.098413
1.104103
1.090902
1.090902
1.090295
1.117304
1.085212
1.116090
1.096592
1.123601
1.090902
1.109793
1.096592
1.103496
1.110400
1.109793
1.097199
1.108580
1.075881
1.095986
1.089689
1.089688
1.090295
1.103496
1.103496
1.102283
1.089689
1.089688
1.097806
1.102889
1.078308
1.103496
1.089688
1.096592
1.090902
1.083391
1.090295
1.116090
1.096592
1.116090
1.090902
1.103496
1.109186
1.102283
1.091509
1.111614
1.089689
1.097806
1.096592
1.082785
1.096592
1.109186
1.090902
1.116697
1.116697
1.096592
1.102889
1.089688
1.116090
1.116697
1.115484
1.104103
1.091509
1.108580
1.090902
1.083391
1.089688
1.090295
1.090295
1.083391
1.083391
1.075881
1.091509
1.109793
1.097199
1.095986
1.116697
1.097806
1.092116
1.103496
1.097806
1.103496
1.090295
1.102889
1.095986
1.109793
1.076488
1.103496
1.085212
1.104103
1.103496
1.104103
1.089689
1.097199
1.096592
1.116697
1.116697
1.091509
1.090295
1.082785
1.088475
1.117304
1.089689
1.103496
1.078308
1.097806
1.090295
1.082178
1.091509
1.095986
1.084605
1.084605
1.097806
1.095986
1.104103
1.096592
1.090295
1.102283
1.109187
1.090295
1.095986
1.089689
1.101676
1.110400
1.096592
1.117911
1.098413
1.110400
1.097806
1.096592
1.097806
1.097806
1.098413
1.097199
1.096592
1.089082
1.077701
1.096592
1.104710
1.095986
1.103496
1.090902
1.083998
1.090902
1.115484
1.095985
1.095986
1.097199
1.098413
1.109793
1.109186
1.090902
1.097806
1.103496
1.109793
1.090902
1.102889
1.098413
1.095379
1.090902
1.103496
1.083998
1.115484
1.089082
1.097806
1.096592
1.091509
1.111614
1.095379
1.111007
1.089688
1.090902
1.096592
1.091509
1.096592
1.102283
1.084605
1.117304
1.103496
1.083391
1.090295
1.117304
1.082785
1.123601
1.083391
1.103496
1.083998
1.110400
1.116697
1.089689
1.096592
1.104103
1.095986
1.090295
1.104103
1.097199
1.116090
1.103496
1.097806
1.103496
1.096592
1.089688
1.110400
1.089082
1.090902
1.083391
1.109793
1.104103
1.117304
1.097199
1.097199
1.096592
1.090295
1.097199
1.102283
1.096592
1.104710
1.096592
1.095379
1.094772
1.095986
1.090902
1.097199
1.097199
1.109793
1.111007
1.095986
1.097199
1.090295
1.111614
1.097073
