1.097806
1.104103
1.104103
1.090902
1.116697
1.103496
1.109186
1.109793
1.097199
1.089082
1.105317
1.097199
1.085819
1.091509
1.097199
1.088475
1.089689
1.105317
1.096592
1.109793
1.090902
1.089689
1.104103
1.082178
1.104103
1.104103
1.109793
1.077701
1.082178
1.109793
1.089082
1.116090
1.104710
1.077701
1.096592
1.097806
1.104710
1.092116
1.101676
1.116697
1.109186
1.097199
1.095986
1.091509
1.077094
1.095986
1.091509
1.095986
1.077701
1.090295
1.083391
1.077701
1.089689
1.097806
1.095986
1.097199
1.110400
1.111007
1.104710
1.089688
1.090295
1.082785
1.075881
1.104710
1.090295
1.090902
1.103496
1.103496
1.083998
1.083391
1.124208
1.102283
1.102889
1.117304
1.097806
1.095379
1.084605
1.089082
1.116090
1.081571
1.095986
1.083998
1.096592
1.095986
1.089689
1.089689
1.097199
1.095986
1.090295
1.097199
1.097199
1.090295
1.097199
1.089082
1.084605
1.089082
1.104103
1.089082
1.089082
1.096592
1.097199
1.097199
1.105317
1.083391
1.084605
1.097199
1.090902
1.101676
1.104103
1.111007
1.089689
1.077094
1.090295
1.096592
1.084605
1.097199
1.096592
1.103496
1.097806
1.102283
1.095986
1.103496
1.095986
1.097199
1.090902
1.103496
1.103496
1.090902
1.084605
1.110400
1.104103
1.111007
1.090295
1.103496
1.110400
1.082178
1.103496
1.102283
1.096592
1.123601
1.083391
1.104710
1.090295
1.104103
1.102889
1.109793
1.097199
1.102889
1.116697
1.103496
1.109186
1.102283
1.109793
1.096592
1.116697
1.097199
1.089689
1.102283
1.098413
1.103496
1.082785
1.110400
1.115484
1.102889
1.097806
1.101676
1.091509
1.082785
1.097199
1.090295
1.090902
1.091509
1.098413
1.103496
1.104103
1.082178
1.129291
1.116697
1.095986
1.095985
1.090295
1.090295
1.116090
1.096592
1.109186
1.089082
1.095379
1.092722
1.103496
1.109793
1.097806
1.095379
1.102283
1.097199
1.117304
1.103496
1.116697
1.109793
1.083391
1.103496
1.085212
1.104710
1.090902
1.110400
1.116697
1.104103
1.092116
1.091509
1.083391
1.109793
1.102889
1.097806
1.090295
1.095986
1.090295
1.109793
1.089082
1.083391
1.102889
1.110400
1.078308
1.104103
1.096592
1.110400
1.110400
1.090295
1.096592
1.104103
1.102283
1.097806
1.102283
1.104103
1.097199
1.096592
1.097199
1.089689
1.097806
1.103496
1.082785
1.098413
1.083391
1.104710
1.102889
1.092116
1.103496
1.089689
1.102889
1.111614
1.090295
1.096592
1.095986
1.095379
1.098413
1.103496
1.117911
1.096592
1.103496
1.090295
1.097199
1.082178
1.096592
1.103496
1.103496
1.097199
1.104103
1.104103
1.077701
1.110400
1.097199
1.116697
1.103496
1.090295
1.097806
1.115484
1.102889
1.104710
1.104103
1.103496
1.102889
1.103496
1.090295
1.096592
1.109186
1.117304
1.103496
1.097806
1.097806
1.095379
1.090295
1.097199
1.097199
1.096592
1.103496
1.082178
1.103496
1.109793
1.104103
1.102889
1.097199
1.083998
1.096592
1.095986
1.103496
1.089082
1.084605
1.109186
1.095986
1.104103
1.090902
1.098413
1.089689
1.103496
1.090295
1.110400
1.110400
1.109793
1.102283
1.083998
1.097199
1.097199
1.095986
1.102889
1.097199
1.102889
1.091509
1.083998
1.102283
1.096592
1.104710
1.102889
1.096592
1.090295
1.111007
1.102890
1.090295
1.084605
1.095379
1.076083
