1.096592
1.099020
1.084605
1.089689
1.102889
1.104710
1.089082
1.090295
1.090902
1.089688
1.089082
1.117911
1.104103
1.103496
1.075881
1.102889
1.097199
1.096592
1.082785
1.096592
1.123601
1.089688
1.090295
1.129898
1.103496
1.090902
1.104103
1.116090
1.097199
1.097199
1.116697
1.089688
1.104103
1.084605
1.116697
1.117911
1.122994
1.110400
1.090902
1.116697
1.103496
1.097199
1.096592
1.090295
1.109793
1.094772
1.116090
1.102889
1.097199
1.090902
1.089082
1.103496
1.111007
1.102889
1.090295
1.116697
1.095986
1.096592
1.077094
1.098413
1.097199
1.089689
1.089689
1.103496
1.096592
1.104103
1.085212
1.084605
1.092116
1.097806
1.083391
1.103496
1.090295
1.090295
1.102889
1.082785
1.090295
1.095986
1.083391
1.116697
1.097806
1.090902
1.089082
1.096592
1.090902
1.109186
1.110400
1.090295
1.090295
1.090902
1.109186
1.104103
1.109186
1.089082
1.104103
1.110400
1.092116
1.104103
1.102889
1.096592
1.110400
1.097199
1.098413
1.109186
1.109186
1.109186
1.089082
1.089689
1.097199
1.090295
1.090902
1.090295
1.097806
1.089689
1.090295
1.097199
1.102283
1.104103
1.095379
1.102889
1.102889
1.082785
1.090902
1.103496
1.089689
1.097199
1.082785
1.096592
1.104103
1.091509
1.109793
1.091509
1.104710
1.097199
1.092116
1.091509
1.089082
1.095986
1.085819
1.095986
1.083391
1.095986
1.090295
1.098413
1.095986
1.116090
1.084605
1.109186
1.095986
1.089688
1.082178
1.096592
1.083998
1.109793
1.104103
1.109793
1.111007
1.097806
1.096592
1.090902
1.103496
1.122994
1.097806
1.102889
1.097199
1.102283
1.096592
1.116697
1.096592
1.095379
1.089082
1.090902
1.096592
1.085212
1.116697
1.095986
1.116697
1.097806
1.111614
1.097199
1.104103
1.090295
1.089688
1.092116
1.091509
1.097806
1.089689
1.096592
1.082178
1.096592
1.095986
1.097806
1.104103
1.103496
1.090295
1.095986
1.096592
1.096592
1.102889
1.089689
1.110400
1.084605
1.102889
1.109793
1.109793
1.103496
1.095379
1.103496
1.097806
1.090902
1.097199
1.089688
1.103496
1.091509
1.117304
1.111007
1.104710
1.109793
1.090295
1.089689
1.090902
1.091509
1.089688
1.083391
1.090295
1.103496
1.109186
1.104103
1.102889
1.083998
1.089688
1.097806
1.089689
1.091509
1.102283
1.097199
1.109186
1.109186
1.075274
1.090295
1.096592
1.090902
1.096592
1.103496
1.096592
1.095985
1.102283
1.095986
1.098413
1.097199
1.102889
1.097806
1.096592
1.090902
1.104710
1.096592
1.089688
1.109793
1.096592
1.085212
1.122994
1.089082
1.097199
1.104103
1.104103
1.097199
1.103496
1.117304
1.102889
1.103496
1.076488
1.097199
1.102889
1.109793
1.083998
1.090295
1.089689
1.110400
1.102889
1.089082
1.090295
1.097199
1.096592
1.090902
1.103496
1.104103
1.083391
1.117304
1.101676
1.108580
1.102889
1.103496
1.089082
1.124208
1.095379
1.083998
1.097199
1.116090
1.097806
1.083998
1.098413
1.097199
1.097199
1.077094
1.082178
1.083391
1.097199
1.083998
1.083998
1.109793
1.102283
1.116697
1.104710
1.091509
1.103496
1.117304
1.097199
1.097199
1.090902
1.103496
1.102889
1.110400
1.104103
1.095379
1.110400
1.104103
1.116090
1.085212
1.091509
1.096592
1.104710
1.097199
1.082785
1.109186
1.096592
1.089688
1.096592
1.101119
