1.102283
1.076488
1.097199
1.095379
1.109187
1.097199
1.096592
1.103496
1.095986
1.104103
1.095986
1.096592
1.089688
1.116090
1.109793
1.117304
1.117911
1.083391
1.103496
1.096592
1.089082
1.104103
1.084605
1.104710
1.096592
1.102283
1.097806
1.082785
1.082785
1.097806
1.083391
1.095379
1.109793
1.104103
1.078308
1.096592
1.111007
1.116090
1.111007
1.090295
1.111007
1.090295
1.117304
1.102889
1.097199
1.089689
1.102889
1.097806
1.103496
1.096592
1.102889
1.104103
1.097806
1.104103
1.109793
1.084605
1.090295
1.095986
1.083391
1.097199
1.083391
1.110400
1.103496
1.096592
1.096592
1.097806
1.083391
1.103496
1.110400
1.096592
1.110400
1.097199
1.097806
1.097199
1.090295
1.090295
1.095986
1.096592
1.098413
1.096592
1.096592
1.097199
1.110400
1.097806
1.116090
1.117911
1.096592
1.108580
1.091509
1.090295
1.097199
1.109793
1.116090
1.097199
1.110400
1.104103
1.116090
1.102283
1.092116
1.077094
1.089688
1.082178
1.103496
1.095379
1.083391
1.103496
1.090295
1.095986
1.110400
1.090295
1.097806
1.090902
1.096592
1.090295
1.102889
1.103496
1.090902
1.090902
1.097806
1.109793
1.103496
1.097199
1.096592
1.102889
1.083391
1.102889
1.110400
1.092116
1.096592
1.078915
1.109186
1.096592
1.096592
1.104103
1.110400
1.103496
1.095986
1.076488
1.110400
1.096592
1.082178
1.083391
1.097199
1.102889
1.102889
1.109186
1.097199
1.117304
1.090295
1.077094
1.116697
1.116697
1.089689
1.091509
1.104103
1.095379
1.097806
1.110400
1.103496
1.089689
1.102283
1.097199
1.082785
1.110400
1.102283
1.089688
1.104103
1.096592
1.090295
1.083998
1.122387
1.102889
1.103496
1.109186
1.097199
1.104103
1.090295
1.097199
1.097199
1.109187
1.102283
1.084605
1.084605
1.090295
1.097199
1.097199
1.082785
1.110400
1.110400
1.095986
1.111007
1.102889
1.091509
1.097199
1.097199
1.097806
1.082785
1.092723
1.109793
1.104710
1.097806
1.103496
1.109186
1.096592
1.116697
1.096592
1.097806
1.089688
1.089689
1.110400
1.083998
1.108580
1.097199
1.096592
1.090902
1.090295
1.111007
1.076488
1.096592
1.103496
1.089082
1.090295
1.102889
1.103496
1.110400
1.097806
1.082178
1.097806
1.116090
1.102889
1.095379
1.091509
1.097806
1.117304
1.110400
1.103496
1.123601
1.104103
1.109793
1.083391
1.097199
1.102889
1.082178
1.083998
1.111007
1.089689
1.095379
1.090295
1.090295
1.077094
1.098413
1.097806
1.103496
1.102889
1.090902
1.083391
1.097806
1.104103
1.096592
1.104103
1.085819
1.095379
1.102889
1.103496
1.097199
1.102889
1.099020
1.095379
1.088475
1.098413
1.097199
1.103496
1.104710
1.104710
1.097199
1.083391
1.104710
1.103496
1.083998
1.110400
1.075881
1.083998
1.091509
1.089689
1.103496
1.109793
1.101676
1.098413
1.096592
1.091509
1.102889
1.095986
1.102889
1.097199
1.090902
1.097199
1.116697
1.089082
1.095379
1.090902
1.116090
1.083391
1.089689
1.097806
1.089689
1.096592
1.111007
1.095986
1.103496
1.083998
1.116697
1.082785
1.102889
1.109793
1.097199
1.110400
1.090295
1.090902
1.083998
1.090902
1.090902
1.097806
1.095986
1.102889
1.089688
1.097199
1.116697
1.082785
1.083391
1.089689
1.089688
1.104103
1.090295
1.104103
1.098413
1.083998
1.102889
1.122109
