1.102889
1.090295
1.116697
1.083391
1.111614
1.096592
1.103496
1.090295
1.092116
1.097199
1.095986
1.089688
1.109186
1.094772
1.109186
1.111007
1.104103
1.108580
1.082785
1.097806
1.097806
1.097199
1.095986
1.090295
1.111007
1.090295
1.109186
1.082178
1.097199
1.077701
1.109793
1.097806
1.109186
1.104103
1.089689
1.082785
1.090295
1.116697
1.089082
1.097806
1.098413
1.090295
1.117304
1.103496
1.097199
1.091509
1.090295
1.097199
1.102889
1.104710
1.103496
1.089689
1.095986
1.095379
1.097199
1.083391
1.103496
1.103496
1.082785
1.077094
1.090902
1.103496
1.089082
1.102889
1.103496
1.089689
1.090902
1.097199
1.111007
1.095986
1.097199
1.130505
1.104103
1.083391
1.084605
1.083998
1.084605
1.096592
1.091509
1.083391
1.109186
1.116697
1.089688
1.109793
1.097199
1.103496
1.103496
1.104103
1.104103
1.089082
1.089689
1.095986
1.089688
1.089689
1.083391
1.109187
1.077701
1.095379
1.117304
1.095986
1.102889
1.089082
1.090295
1.109793
1.083998
1.097199
1.102283
1.111007
1.109793
1.095986
1.117304
1.097199
1.089688
1.103496
1.102890
1.090902
1.097806
1.082178
1.105317
1.102889
1.102889
1.096592
1.095379
1.089689
1.089082
1.097806
1.104103
1.103496
1.089688
1.129898
1.096592
1.109793
1.097806
1.116090
1.090295
1.090295
1.103496
1.116090
1.097806
1.097199
1.129898
1.102283
1.097199
1.096592
1.095986
1.097806
1.097199
1.117304
1.095379
1.090902
1.095986
1.096592
1.109186
1.103496
1.089689
1.110400
1.097199
1.090902
1.076488
1.104103
1.102283
1.097199
1.110400
1.098413
1.083998
1.104710
1.076488
1.103496
1.104103
1.103496
1.104103
1.123601
1.090902
1.097199
1.098413
1.084605
1.083391
1.104710
1.090902
1.104710
1.104103
1.083391
1.103496
1.110400
1.085212
1.109793
1.085212
1.090902
1.097806
1.095986
1.089689
1.089082
1.097806
1.077701
1.084605
1.090295
1.109793
1.090295
1.110400
1.095379
1.096592
1.104710
1.097806
1.085212
1.104710
1.095379
1.097199
1.102889
1.089082
1.102283
1.076488
1.083998
1.095986
1.089082
1.104103
1.097199
1.103496
1.110400
1.109793
1.090295
1.111007
1.082785
1.090295
1.096592
1.104103
1.097806
1.083391
1.116697
1.097806
1.078308
1.083998
1.101676
1.097199
1.102889
1.102283
1.109186
1.082785
1.116090
1.076488
1.109793
1.109186
1.082785
1.109186
1.095986
1.096592
1.096592
1.090295
1.082785
1.109186
1.116090
1.097806
1.102889
1.096592
1.089689
1.104103
1.097199
1.089689
1.109793
1.096592
1.090295
1.078308
1.095986
1.109793
1.109186
1.090295
1.104103
1.097199
1.103496
1.098413
1.097806
1.102889
1.104710
1.105317
1.089689
1.082785
1.097199
1.096592
1.102889
1.097806
1.097806
1.090295
1.089689
1.092116
1.090295
1.096592
1.095379
1.082178
1.083998
1.089082
1.097199
1.102889
1.102283
1.109186
1.091509
1.085212
1.103496
1.095986
1.104103
1.117304
1.090295
1.096592
1.109186
1.083391
1.097199
1.096592
1.092116
1.104103
1.117911
1.097199
1.115484
1.097806
1.117304
1.090295
1.101676
1.110400
1.096592
1.103496
1.091509
1.096592
1.111007
1.090295
1.104103
1.117304
1.097199
1.090295
1.103496
1.102889
1.104710
1.098413
1.083998
1.097806
1.097806
1.090902
1.129898
1.116090
1.096592
1.111007
1.080128
