1.084605
1.091509
1.104103
1.082785
1.090295
1.096592
1.109793
1.104103
1.092116
1.104103
1.109793
1.085212
1.082785
1.083391
1.116697
1.095986
1.085212
1.097199
1.110400
1.090295
1.095986
1.090902
1.109793
1.095986
1.110400
1.117304
1.109793
1.098413
1.102889
1.110400
1.102283
1.109187
1.097199
1.089689
1.090295
1.089082
1.102283
1.090295
1.109793
1.090295
1.095379
1.090295
1.111007
1.110400
1.097199
1.090902
1.104103
1.104103
1.097806
1.109186
1.103496
1.104710
1.091509
1.104103
1.103496
1.110400
1.096592
1.085212
1.095986
1.109793
1.102889
1.097199
1.083391
1.102889
1.075274
1.098413
1.089689
1.117304
1.103496
1.097199
1.104103
1.102889
1.091509
1.088475
1.089688
1.095986
1.090295
1.102889
1.089689
1.083391
1.076488
1.102283
1.103496
1.089688
1.097199
1.110400
1.089082
1.082785
1.090902
1.103496
1.097199
1.084605
1.110400
1.097199
1.090902
1.096592
1.083998
1.090902
1.095986
1.090295
1.104103
1.095986
1.104710
1.104103
1.110400
1.102889
1.083998
1.096592
1.097199
1.103496
1.096592
1.097806
1.104103
1.103496
1.116090
1.110400
1.087868
1.089689
1.095379
1.097806
1.122994
1.099020
1.097806
1.097199
1.098413
1.084605
1.102889
1.082785
1.096592
1.095985
1.077701
1.090295
1.082785
1.097806
1.102889
1.116090
1.089688
1.097806
1.116697
1.083391
1.102283
1.111007
1.095379
1.090902
1.116697
1.103496
1.090295
1.095986
1.077094
1.096592
1.090902
1.096592
1.097199
1.077094
1.116090
1.104710
1.109793
1.097199
1.110400
1.109793
1.097199
1.097806
1.110400
1.097199
1.095379
1.083998
1.083998
1.092723
1.103496
1.097806
1.096592
1.078308
1.104710
1.109793
1.089689
1.117304
1.081571
1.109793
1.083998
1.083391
1.095379
1.076488
1.115484
1.109793
1.116090
1.089689
1.090902
1.090902
1.090295
1.082785
1.084605
1.102889
1.102283
1.090295
1.103496
1.091509
1.116090
1.108580
1.096592
1.095985
1.089082
1.089082
1.103496
1.111007
1.082785
1.097806
1.110400
1.117304
1.096592
1.097199
1.109793
1.098413
1.103496
1.083998
1.097806
1.097806
1.097199
1.095379
1.083391
1.089082
1.097199
1.115484
1.090902
1.102889
1.097199
1.089082
1.097806
1.102889
1.102889
1.103496
1.089082
1.097199
1.097199
1.102283
1.102283
1.122994
1.097199
1.084605
1.091509
1.102283
1.096592
1.096592
1.109186
1.083998
1.097199
1.089689
1.104103
1.117304
1.095986
1.097199
1.108580
1.083998
1.083391
1.090902
1.117304
1.111614
1.085212
1.111007
1.102889
1.097806
1.090295
1.109793
1.096592
1.097806
1.096592
1.102889
1.109793
1.095379
1.110400
1.083391
1.097806
1.089082
1.090295
1.098413
1.111007
1.097199
1.104103
1.103496
1.096592
1.082178
1.097199
1.090295
1.090295
1.096592
1.085212
1.096592
1.083998
1.090295
1.103496
1.097199
1.097199
1.096592
1.097806
1.116090
1.097199
1.109793
1.104103
1.111007
1.077094
1.097806
1.090902
1.095986
1.089082
1.090902
1.116697
1.090295
1.109186
1.090295
1.111614
1.095379
1.084605
1.102283
1.117304
1.097806
1.104710
1.096592
1.097806
1.089689
1.096592
1.097806
1.103496
1.089689
1.110400
1.117304
1.109186
1.090295
1.116697
1.104103
1.095379
1.082785
1.102283
1.109793
1.116697
1.109793
1.109186
1.092723
1.097806
1.076083
