1.097806
1.095986
1.103496
1.097806
1.117304
1.097199
1.103496
1.116697
1.103496
1.096592
1.097199
1.102889
1.097806
1.109793
1.098413
1.095379
1.103496
1.096592
1.083391
1.089689
1.104103
1.104103
1.089082
1.103496
1.095986
1.103496
1.090295
1.097806
1.111614
1.104103
1.089689
1.102889
1.095379
1.110400
1.097199
1.090902
1.104103
1.089082
1.115484
1.091509
1.096592
1.097199
1.090295
1.090295
1.103496
1.102889
1.102889
1.096592
1.095986
1.104710
1.099020
1.116697
1.116090
1.095986
1.083998
1.095986
1.090902
1.090295
1.097806
1.110400
1.117304
1.090902
1.117304
1.092116
1.082785
1.104103
1.095986
1.090902
1.098413
1.116090
1.096592
1.090902
1.092116
1.103496
1.111007
1.083998
1.097199
1.095986
1.103496
1.083391
1.089082
1.090902
1.084605
1.116697
1.097199
1.111007
1.109793
1.090295
1.102889
1.102889
1.088475
1.097199
1.101676
1.097199
1.098413
1.089082
1.090902
1.083391
1.116697
1.089688
1.084605
1.083998
1.109793
1.077094
1.111007
1.104710
1.111007
1.117304
1.102889
1.096592
1.110400
1.082785
1.096592
1.090295
1.089688
1.097806
1.102889
1.089082
1.130505
1.096592
1.116697
1.095986
1.078308
1.103496
1.095986
1.092116
1.096592
1.086425
1.110400
1.136195
1.097806
1.097199
1.096592
1.102889
1.095986
1.077701
1.090295
1.095379
1.097806
1.109793
1.083391
1.105317
1.090902
1.095986
1.095986
1.109793
1.097199
1.095379
1.097199
1.102283
1.102283
1.110400
1.089688
1.095986
1.109793
1.102889
1.104103
1.109793
1.084605
1.116090
1.082785
1.090902
1.109793
1.095986
1.097199
1.089082
1.084605
1.090902
1.090295
1.082785
1.097199
1.083998
1.089689
1.103496
1.104103
1.096592
1.077701
1.096592
1.095379
1.083998
1.104103
1.102889
1.089689
1.090902
1.082178
1.085212
1.115484
1.090902
1.097199
1.095986
1.090902
1.090295
1.104103
1.082785
1.109793
1.104710
1.097806
1.110400
1.095986
1.090295
1.090902
1.102283
1.097806
1.104103
1.110400
1.082785
1.110400
1.084605
1.109186
1.122387
1.096592
1.097199
1.116090
1.097199
1.104103
1.090295
1.091509
1.077094
1.110400
1.097199
1.091509
1.090902
1.097199
1.103496
1.090295
1.102283
1.109793
1.103496
1.089688
1.097199
1.103496
1.104103
1.104103
1.102889
1.095986
1.090295
1.104710
1.095986
1.104103
1.090902
1.103496
1.109793
1.097806
1.082785
1.102889
1.110400
1.088475
1.097199
1.102889
1.102283
1.089689
1.116090
1.089082
1.103496
1.102283
1.089082
1.102283
1.084605
1.095986
1.083391
1.110400
1.095986
1.083998
1.097199
1.109793
1.091509
1.083998
1.104710
1.083391
1.083391
1.083391
1.088475
1.102889
1.116697
1.102889
1.082785
1.078308
1.103496
1.089082
1.095986
1.117304
1.116697
1.097806
1.109186
1.097199
1.090295
1.090902
1.103496
1.103496
1.109793
1.109793
1.103496
1.104710
1.096592
1.090295
1.091509
1.095986
1.096592
1.089082
1.102283
1.110400
1.084605
1.083998
1.097199
1.095986
1.095986
1.097806
1.090902
1.090295
1.090902
1.090295
1.090295
1.102889
1.111007
1.097806
1.102889
1.090295
1.110400
1.111007
1.097199
1.089688
1.111007
1.111007
1.092722
1.097199
1.089082
1.104103
1.090295
1.102283
1.090902
1.076487
1.115484
1.102889
1.090902
1.090295
1.096592
1.117304
1.122109
