1.090295
1.096592
1.096592
1.097199
1.103496
1.103496
1.089082
1.109793
1.110400
1.104710
1.111614
1.102889
1.102889
1.117304
1.103496
1.116697
1.097806
1.109793
1.090902
1.097199
1.090295
1.089082
1.090902
1.089689
1.103496
1.096592
1.116697
1.109793
1.102889
1.096592
1.104103
1.111007
1.083391
1.097806
1.096592
1.099020
1.096592
1.110400
1.110400
1.096592
1.109793
1.090902
1.090295
1.095986
1.090295
1.103496
1.088475
1.090902
1.083391
1.096592
1.089082
1.102283
1.097199
1.111007
1.090902
1.102889
1.103496
1.075881
1.103496
1.096592
1.108580
1.083391
1.111007
1.083998
1.110400
1.109793
1.083391
1.090295
1.095986
1.091509
1.102889
1.096592
1.095379
1.082785
1.095986
1.098413
1.099020
1.109793
1.082178
1.104710
1.116090
1.081571
1.103496
1.090295
1.077701
1.095986
1.082785
1.103496
1.089082
1.091509
1.084605
1.095986
1.098413
1.109793
1.104103
1.103496
1.116697
1.097199
1.097806
1.104710
1.097199
1.111007
1.102889
1.083391
1.104710
1.109186
1.103496
1.111007
1.095986
1.101676
1.095986
1.111007
1.109793
1.102889
1.109793
1.096592
1.110400
1.109793
1.090902
1.110400
1.104710
1.077701
1.089082
1.096592
1.104103
1.103496
1.090295
1.104103
1.109793
1.083391
1.089689
1.104103
1.104103
1.111007
1.117304
1.095379
1.104103
1.109793
1.102283
1.096592
1.116090
1.090295
1.097199
1.089688
1.097806
1.102889
1.110400
1.102889
1.090295
1.103496
1.110400
1.091509
1.097199
1.084605
1.095379
1.111614
1.090295
1.097199
1.097806
1.097806
1.102283
1.090295
1.097199
1.104710
1.117911
1.102283
1.083391
1.103496
1.098413
1.097806
1.098413
1.082178
1.098413
1.089689
1.077701
1.085212
1.109186
1.083391
1.096592
1.083998
1.103496
1.097199
1.083391
1.084605
1.109793
1.095986
1.109793
1.104103
1.097806
1.097806
1.103496
1.104103
1.096592
1.077094
1.102889
1.102283
1.117304
1.083391
1.109793
1.090902
1.102889
1.077094
1.102889
1.096592
1.090902
1.089082
1.110400
1.085212
1.103496
1.110400
1.097199
1.089082
1.089688
1.102889
1.096592
1.083391
1.088475
1.075881
1.091509
1.097806
1.103496
1.102889
1.104710
1.105317
1.116697
1.088475
1.095986
1.083998
1.096592
1.096592
1.103496
1.111007
1.095379
1.096592
1.078308
1.095986
1.083998
1.095986
1.129898
1.090295
1.099020
1.077094
1.104710
1.090295
1.090295
1.109793
1.083998
1.095986
1.109186
1.089082
1.090295
1.096592
1.102889
1.090902
1.102283
1.078308
1.103496
1.104710
1.103496
1.096592
1.095379
1.104103
1.103496
1.109793
1.096592
1.089688
1.097199
1.082785
1.090295
1.089688
1.104710
1.102889
1.104103
1.090295
1.104103
1.095379
1.089082
1.103496
1.103496
1.089689
1.102283
1.109793
1.085212
1.110400
1.104103
1.083998
1.096592
1.111007
1.109793
1.095379
1.104103
1.117304
1.096592
1.091509
1.109793
1.104710
1.102889
1.091509
1.104103
1.091509
1.103496
1.103496
1.089082
1.104103
1.097199
1.109793
1.109186
1.084605
1.082178
1.097806
1.088475
1.103496
1.097806
1.089688
1.103496
1.097199
1.097199
1.102889
1.085212
1.089689
1.103496
1.090902
1.096592
1.103496
1.116697
1.109793
1.089689
1.103496
1.097806
1.090902
1.090295
1.081571
1.083391
1.090295
1.083391
1.096592
1.097199
1.099096
