1.109186
1.097199
1.111007
1.096592
1.089689
1.095986
1.104103
1.082785
1.102889
1.090295
1.123601
1.097199
1.090902
1.103496
1.102889
1.085212
1.082785
1.083998
1.095379
1.096592
1.097199
1.097199
1.116697
1.109793
1.109186
1.096592
1.111007
1.090902
1.103496
1.095986
1.097806
1.095986
1.096592
1.103496
1.090902
1.102889
1.116697
1.096592
1.110400
1.096592
1.116090
1.095986
1.116090
1.109793
1.090902
1.099020
1.101676
1.081571
1.117911
1.117304
1.097806
1.109186
1.095985
1.109793
1.109186
1.097806
1.110400
1.102283
1.097199
1.110400
1.090295
1.098413
1.105317
1.090295
1.095986
1.089688
1.091509
1.109186
1.097806
1.089688
1.103496
1.098413
1.116697
1.104103
1.089082
1.111007
1.097199
1.089688
1.096592
1.097199
1.104103
1.082178
1.077094
1.096592
1.091509
1.088475
1.089689
1.123601
1.104710
1.097199
1.103496
1.096592
1.103496
1.084605
1.090295
1.115484
1.096592
1.116090
1.103496
1.104103
1.083998
1.088475
1.095986
1.105317
1.102889
1.097806
1.097199
1.089689
1.089082
1.085819
1.097199
1.117304
1.108580
1.090902
1.089689
1.103496
1.116090
1.082785
1.083998
1.115484
1.097199
1.108580
1.110400
1.095379
1.094772
1.117304
1.104103
1.102889
1.103496
1.097806
1.102889
1.092116
1.089689
1.096592
1.102889
1.096592
1.103496
1.089082
1.104103
1.111007
1.104710
1.104103
1.096592
1.111007
1.103496
1.082785
1.083391
1.090295
1.082785
1.111007
1.109793
1.102889
1.090902
1.095986
1.104103
1.082178
1.109793
1.102283
1.090902
1.103496
1.102889
1.104710
1.103496
1.102889
1.089689
1.090902
1.117304
1.098413
1.102889
1.096592
1.096592
1.089082
1.096592
1.089689
1.103496
1.089689
1.090902
1.091509
1.109187
1.097199
1.097199
1.085212
1.090295
1.090295
1.098413
1.082178
1.103496
1.104103
1.091509
1.096592
1.109793
1.083391
1.089689
1.102889
1.091509
1.097199
1.089082
1.110400
1.097199
1.101676
1.095986
1.116697
1.097806
1.090902
1.096592
1.110400
1.116697
1.111007
1.088475
1.097199
1.104103
1.097806
1.097806
1.082785
1.090902
1.090295
1.095986
1.103496
1.103496
1.090295
1.077094
1.116090
1.090295
1.097806
1.078308
1.083391
1.096592
1.117304
1.110400
1.103496
1.085212
1.102889
1.089688
1.090295
1.090295
1.097806
1.103496
1.083998
1.109793
1.090295
1.082785
1.097199
1.102889
1.109793
1.095986
1.104103
1.098413
1.083391
1.084605
1.090902
1.095986
1.089688
1.090295
1.090902
1.090295
1.089689
1.096592
1.091509
1.109793
1.096592
1.097199
1.098413
1.092116
1.110400
1.095985
1.097806
1.098413
1.097806
1.109793
1.104103
1.104103
1.090902
1.090295
1.104710
1.095985
1.096592
1.102889
1.104710
1.103496
1.104710
1.096592
1.104103
1.095986
1.095985
1.097199
1.111614
1.097199
1.078308
1.090295
1.083391
1.111007
1.095986
1.095379
1.096592
1.088475
1.111007
1.103496
1.097199
1.084605
1.091509
1.097199
1.090295
1.075881
1.102889
1.096592
1.090295
1.082785
1.097199
1.096592
1.097806
1.098413
1.103496
1.109793
1.109793
1.103496
1.090295
1.090295
1.090295
1.089689
1.094772
1.089689
1.097806
1.104103
1.075881
1.102283
1.092116
1.111007
1.103496
1.111007
1.102283
1.103496
1.075881
1.096592
1.096592
1.089082
1.103496
1.083391
1.122109
