1.092425
1.108235
1.107311
1.124270
1.090753
1.135855
1.133434
1.106969
1.067343
1.093873
1.087232
1.114352
1.082793
1.083103
1.094603
1.108321
1.111579
1.073633
1.068837
1.079569
1.094731
1.132239
1.146103
1.062571
1.116683
1.109401
1.077661
1.082881
1.092294
1.117898
1.087308
1.076615
1.101984
1.127478
1.057480
1.099673
1.045282
1.166475
1.092618
1.146271
1.049516
1.029438
1.094580
1.180707
1.077936
1.142136
1.100497
1.117775
1.115579
1.111799
1.098694
1.150145
1.099409
1.130504
1.065947
1.120720
1.064029
1.105214
1.120452
1.132894
1.093281
1.080152
1.118904
1.124338
1.092106
1.150415
1.103726
1.045812
1.078521
1.075174
1.104866
1.098584
1.124244
1.131104
1.116113
1.055063
1.079593
1.105286
1.091354
1.119371
1.086556
1.111147
1.060459
1.121975
1.048831
1.101069
1.097092
1.125658
1.066035
1.099898
1.100846
1.030980
1.112387
1.115323
1.057501
1.167766
1.070453
1.092495
1.183210
1.091893
1.073296
1.091467
1.139382
1.060599
1.135343
1.131412
1.088065
1.139513
1.114238
1.110253
1.096050
1.084070
1.085530
1.121032
1.118649
1.085854
1.120622
1.089846
1.123418
1.102920
1.097675
1.101977
1.076313
1.085612
1.067896
1.103880
1.067017
1.135406
1.108831
1.104753
1.055183
1.031501
1.155401
1.041689
1.101565
1.176082
1.165273
1.092194
1.092223
1.135708
1.218063
1.111248
1.038745
1.108673
1.059773
1.031699
1.075947
1.089631
1.091745
1.092042
1.080450
1.135121
1.134255
1.160971
1.110658
1.100384
1.135741
1.107915
1.123549
1.085145
1.105063
1.119947
1.095417
1.088395
1.095140
1.113797
1.117810
1.166965
1.103062
1.115404
1.129465
1.093994
1.079815
1.141554
1.099619
1.140160
1.119605
1.080329
1.118064
1.115709
1.128893
1.080189
1.070874
1.076603
1.101051
1.132211
1.135849
1.114347
1.098797
1.083259
1.124030
1.108032
1.084097
1.088459
1.137683
1.085781
1.124243
1.106228
1.093022
1.094780
1.127000
1.097570
1.105310
1.092765
1.081771
1.117933
1.105528
1.084578
1.109692
1.078146
1.060252
1.135342
1.088517
1.083513
1.078379
1.090672
0.998275
1.116240
1.201887
1.111074
1.175240
1.122282
1.090107
1.207670
1.198572
1.116185
1.058352
1.062287
1.117535
1.069724
1.108327
1.074109
1.106486
1.075459
1.088431
1.113100
1.097175
1.102742
1.111864
1.099618
1.068031
1.079671
1.120300
1.088894
1.112916
1.080896
1.147982
1.112526
1.101714
1.106313
1.088117
1.096913
1.084620
1.085892
1.073262
1.112410
1.164952
1.133354
1.091237
1.085956
1.123484
1.086359
1.105304
1.107281
1.091589
1.077430
1.086790
1.103337
1.097362
1.077427
1.121337
1.087024
1.132061
1.074733
1.098899
1.093925
1.074204
1.125187
1.114395
1.078301
1.123072
1.124776
1.111601
1.110268
1.068876
1.095577
1.092550
1.101881
1.099718
1.065244
1.101285
1.095285
1.080248
1.072574
1.137931
1.148321
1.089185
1.091973
1.103852
1.105764
1.136871
1.130384
1.116385
1.102591
1.112800
1.118728
1.102660
1.092412
1.081675
1.093322
1.112357
1.076740
1.085834
1.105709
1.070829
1.107049
1.132700
1.091421
1.114640
1.059221
1.080788
1.095335
1.112880
1.114410
1.115342
1.198853
1.108344
1.124300
1.080806
1.072565
1.076797
1.084381
1.114855
1.088496
1.094164
1.103094
1.110651
1.046822
