1.110400
1.077094
1.096592
1.095986
1.095986
1.083391
1.102889
1.095986
1.089689
1.102889
1.111007
1.097199
1.103496
1.110400
1.096592
1.110400
1.097199
1.095986
1.097806
1.109793
1.097199
1.090295
1.095986
1.111007
1.097199
1.102889
1.097806
1.102283
1.084605
1.109186
1.109793
1.096592
1.090295
1.091509
1.103496
1.096592
1.102889
1.103496
1.111007
1.096592
1.083391
1.084605
1.103496
1.097199
1.090902
1.103496
1.103496
1.104103
1.097806
1.110400
1.083998
1.109793
1.090295
1.095986
1.097199
1.096592
1.090295
1.110400
1.089688
1.110400
1.109793
1.088475
1.103496
1.101676
1.095986
1.109186
1.102283
1.083391
1.090295
1.117911
1.085212
1.083998
1.102889
1.075881
1.084605
1.089689
1.090902
1.104103
1.077094
1.102889
1.110400
1.096592
1.102889
1.104103
1.109793
1.109793
1.097199
1.095379
1.097199
1.102889
1.090295
1.109186
1.102889
1.103496
1.090295
1.111007
1.116697
1.084605
1.102283
1.102889
1.084605
1.096592
1.104103
1.097199
1.116697
1.092116
1.085212
1.077094
1.104103
1.076487
1.090295
1.104103
1.102889
1.083998
1.102283
1.111614
1.110400
1.109793
1.111007
1.097199
1.102283
1.104103
1.103496
1.111614
1.089689
1.097199
1.095986
1.108580
1.096592
1.089082
1.089689
1.103496
1.083391
1.097806
1.096592
1.096592
1.102889
1.095379
1.081571
1.109186
1.096592
1.089689
1.116697
1.096592
1.109793
1.104710
1.095986
1.116697
1.102889
1.109793
1.111614
1.096592
1.077094
1.102889
1.109793
1.097199
1.111614
1.092116
1.117304
1.117911
1.090902
1.090902
1.097806
1.090902
1.104103
1.103496
1.095379
1.104710
1.096592
1.095986
1.098413
1.104103
1.105317
1.116090
1.110400
1.104710
1.076488
1.090295
1.082785
1.102283
1.077701
1.077094
1.097806
1.089688
1.110400
1.089689
1.098413
1.077701
1.097199
1.104103
1.124208
1.083391
1.102889
1.103496
1.095986
1.090295
1.117304
1.082785
1.097199
1.089082
1.109793
1.104103
1.098413
1.095986
1.103496
1.096592
1.109186
1.083391
1.111007
1.097199
1.123601
1.090295
1.111007
1.110400
1.103496
1.095379
1.097199
1.097199
1.083998
1.090295
1.102283
1.109793
1.104103
1.078308
1.090902
1.097806
1.097199
1.095986
1.104103
1.091509
1.103496
1.089082
1.103496
1.096592
1.098413
1.109186
1.099020
1.097199
1.096592
1.097199
1.117304
1.102889
1.103496
1.116697
1.083998
1.110400
1.088475
1.102283
1.103496
1.097199
1.097806
1.116697
1.105317
1.084605
1.104103
1.096592
1.089689
1.102889
1.095379
1.097199
1.103496
1.090902
1.102283
1.089689
1.110400
1.104103
1.095986
1.090295
1.095379
1.103496
1.090295
1.102889
1.097806
1.095379
1.089082
1.095379
1.099020
1.096592
1.082785
1.097806
1.096592
1.090295
1.097199
1.097806
1.104103
1.082178
1.097199
1.089689
1.096592
1.097806
1.090902
1.102283
1.075881
1.102889
1.091509
1.089689
1.090902
1.090902
1.090295
1.096592
1.102889
1.083998
1.103496
1.089689
1.097806
1.090295
1.097199
1.102283
1.091509
1.097806
1.103496
1.104103
1.109793
1.096592
1.116697
1.097806
1.117304
1.083391
1.082178
1.083998
1.076488
1.102889
1.104710
1.097199
1.082178
1.110400
1.102889
1.090295
1.084605
1.095986
1.103496
1.090295
1.097806
1.089082
1.083998
1.090295
1.096592
1.078106
