1.082784
1.102889
1.090902
1.083391
1.098413
1.104103
1.110400
1.097806
1.115484
1.090295
1.111007
1.097806
1.102889
1.097806
1.097199
1.097199
1.090295
1.090295
1.089082
1.111007
1.089688
1.104103
1.104103
1.088475
1.116697
1.097199
1.097199
1.089688
1.110400
1.103496
1.089688
1.095379
1.095986
1.104103
1.083391
1.090295
1.095986
1.090902
1.109186
1.111007
1.103496
1.103496
1.109186
1.097806
1.097806
1.090902
1.103496
1.075274
1.083391
1.102889
1.109793
1.109793
1.091509
1.096592
1.090902
1.089689
1.083998
1.109793
1.090295
1.089082
1.095986
1.110400
1.096592
1.085212
1.103496
1.090295
1.102283
1.103496
1.104103
1.076488
1.091509
1.116697
1.091509
1.090295
1.085212
1.095986
1.104103
1.095986
1.090902
1.096592
1.096592
1.090902
1.091509
1.097806
1.104710
1.090295
1.091509
1.095986
1.083391
1.089688
1.089689
1.095379
1.111007
1.090295
1.090295
1.097199
1.091509
1.104710
1.110400
1.090902
1.094772
1.091509
1.096592
1.090902
1.104710
1.083998
1.090295
1.109186
1.109793
1.083998
1.084605
1.083391
1.096592
1.090902
1.090295
1.083998
1.103496
1.077701
1.095986
1.096592
1.104710
1.110400
1.115484
1.084605
1.109186
1.122387
1.096592
1.104103
1.110400
1.102889
1.095986
1.102889
1.095986
1.096592
1.089688
1.089082
1.084605
1.090902
1.102889
1.089689
1.085212
1.110400
1.095986
1.102889
1.109793
1.097806
1.117304
1.109793
1.104710
1.097199
1.102889
1.097806
1.095379
1.083391
1.089082
1.090295
1.109793
1.110400
1.081571
1.096592
1.116090
1.085212
1.104103
1.089688
1.104103
1.103496
1.102889
1.083391
1.104103
1.095986
1.089082
1.109793
1.110400
1.090902
1.110400
1.095986
1.089688
1.111007
1.095985
1.083998
1.090295
1.097199
1.096592
1.102889
1.084605
1.090295
1.082785
1.097806
1.097199
1.083998
1.097199
1.103496
1.082785
1.083391
1.082785
1.109793
1.103496
1.109793
1.104103
1.095379
1.089688
1.097806
1.116090
1.082785
1.096592
1.096592
1.090295
1.097806
1.097199
1.097199
1.102889
1.076488
1.090295
1.102283
1.098413
1.104103
1.090295
1.098413
1.083391
1.102889
1.097199
1.090902
1.104710
1.096592
1.090295
1.102889
1.084605
1.092116
1.123601
1.090295
1.103496
1.089082
1.096592
1.090902
1.084605
1.103496
1.104710
1.104103
1.090295
1.097806
1.103496
1.102889
1.097199
1.103496
1.102889
1.095379
1.116697
1.095986
1.097199
1.104103
1.104103
1.109793
1.090295
1.116697
1.116697
1.111007
1.084605
1.102283
1.089082
1.095986
1.104710
1.116697
1.090902
1.102889
1.111007
1.103496
1.096592
1.090902
1.102889
1.090295
1.110400
1.097199
1.103496
1.090902
1.110400
1.117304
1.096592
1.104710
1.090902
1.096592
1.103496
1.097806
1.109793
1.102283
1.096592
1.089689
1.110400
1.102889
1.090902
1.083391
1.097199
1.109793
1.110400
1.103496
1.116697
1.097806
1.123601
1.111007
1.090295
1.109186
1.096592
1.110400
1.096592
1.097806
1.095379
1.089082
1.102889
1.108580
1.103496
1.103496
1.095986
1.091509
1.103496
1.102889
1.096592
1.096592
1.102889
1.097199
1.102889
1.102283
1.090902
1.111007
1.102283
1.109186
1.116697
1.116697
1.109793
1.077094
1.097806
1.097806
1.090902
1.082178
1.104103
1.089082
1.104103
1.091509
1.096592
1.076083
