1.089082
1.089688
1.102889
1.089082
1.102283
1.116697
1.097199
1.090295
1.111614
1.097806
1.103496
1.098413
1.104103
1.102889
1.096592
1.091509
1.097199
1.101676
1.109793
1.116697
1.096592
1.077094
1.097199
1.078915
1.103496
1.097806
1.096592
1.083998
1.116090
1.094772
1.097199
1.105317
1.090295
1.103496
1.102889
1.089082
1.103496
1.101676
1.090295
1.095985
1.104103
1.090295
1.097199
1.083391
1.085212
1.095986
1.097199
1.091509
1.090902
1.103496
1.102889
1.096592
1.104103
1.117304
1.097199
1.103496
1.089688
1.109793
1.097199
1.109186
1.104103
1.103496
1.104103
1.090902
1.111007
1.090295
1.090295
1.095986
1.122994
1.104103
1.096592
1.096592
1.096592
1.110400
1.095986
1.082785
1.091509
1.104103
1.096592
1.089689
1.090295
1.097806
1.109793
1.102889
1.083998
1.104103
1.097199
1.109186
1.096592
1.095986
1.102889
1.103496
1.083998
1.083391
1.083998
1.109793
1.103496
1.104103
1.097806
1.104103
1.103496
1.095986
1.096592
1.103496
1.104710
1.095986
1.097199
1.096592
1.116697
1.092116
1.081571
1.111007
1.089689
1.103496
1.102889
1.090295
1.097806
1.083998
1.089688
1.101676
1.089689
1.097199
1.097199
1.097199
1.122994
1.090902
1.095986
1.089689
1.090295
1.111614
1.116697
1.090295
1.099020
1.095986
1.089082
1.109793
1.116697
1.083391
1.096592
1.111007
1.082785
1.090295
1.104103
1.102889
1.098413
1.083998
1.095986
1.090902
1.083998
1.103496
1.095986
1.103496
1.095986
1.104103
1.117304
1.109793
1.110400
1.096592
1.116697
1.088475
1.095379
1.096592
1.090295
1.104103
1.095986
1.083998
1.104710
1.097199
1.111007
1.089689
1.090295
1.116697
1.102283
1.089689
1.109793
1.110400
1.092116
1.102889
1.091509
1.097806
1.090295
1.095986
1.110400
1.083391
1.122994
1.090295
1.103496
1.104103
1.089688
1.091509
1.075881
1.090295
1.090295
1.090902
1.122387
1.110400
1.102889
1.109793
1.095986
1.090295
1.089689
1.104103
1.109187
1.089688
1.103496
1.096592
1.129898
1.089688
1.077094
1.083998
1.102889
1.123601
1.104103
1.095379
1.091509
1.096592
1.109793
1.096592
1.089082
1.117304
1.103496
1.102889
1.111007
1.096592
1.083998
1.109793
1.096592
1.089689
1.097199
1.110400
1.109793
1.095379
1.097806
1.105317
1.090295
1.083998
1.098413
1.097199
1.090295
1.097199
1.095379
1.117304
1.109793
1.102889
1.103496
1.095986
1.084605
1.109793
1.109186
1.091509
1.104710
1.097199
1.082178
1.083391
1.097806
1.084605
1.097199
1.097199
1.090295
1.102889
1.109793
1.109793
1.097199
1.092116
1.095986
1.097806
1.083998
1.096592
1.097199
1.091509
1.104103
1.091509
1.103496
1.090295
1.090295
1.109186
1.089082
1.089688
1.078915
1.103496
1.089082
1.097199
1.090295
1.103496
1.103496
1.097199
1.095985
1.095986
1.096592
1.109793
1.082178
1.109186
1.096592
1.089082
1.083998
1.102889
1.101676
1.102889
1.097806
1.104710
1.097806
1.096592
1.090902
1.083391
1.090902
1.110400
1.102889
1.090295
1.104103
1.084605
1.104103
1.089689
1.083391
1.083391
1.083998
1.101676
1.092116
1.083391
1.109793
1.092116
1.116090
1.097806
1.102889
1.098413
1.083998
1.083391
1.099020
1.097199
1.102283
1.109793
1.091509
1.103496
1.090295
1.117304
1.097199
1.096592
1.095986
1.122109
