1.097806
1.097199
1.123601
1.109793
1.109793
1.109186
1.089688
1.094772
1.097199
1.102283
1.097806
1.097199
1.089082
1.096592
1.083998
1.095986
1.096592
1.089689
1.097806
1.122994
1.095986
1.089082
1.081571
1.109186
1.096592
1.102889
1.083391
1.084605
1.097199
1.102889
1.104103
1.082178
1.102889
1.101676
1.104103
1.101676
1.083391
1.084605
1.097199
1.123601
1.102889
1.096592
1.096592
1.096592
1.090295
1.095986
1.090902
1.109793
1.091509
1.089689
1.091509
1.097199
1.090902
1.096592
1.096592
1.090902
1.097806
1.090902
1.090295
1.090902
1.096592
1.097199
1.097806
1.097806
1.090295
1.110400
1.097806
1.090295
1.102283
1.096592
1.103496
1.090295
1.085212
1.111007
1.090902
1.104103
1.104103
1.109793
1.103496
1.122994
1.097199
1.102889
1.090295
1.088475
1.104103
1.109793
1.090295
1.077094
1.123601
1.083391
1.087868
1.090295
1.097199
1.090295
1.104103
1.110400
1.097199
1.110400
1.090902
1.110400
1.096592
1.096592
1.090295
1.090902
1.095379
1.095379
1.104103
1.096592
1.090902
1.110400
1.102889
1.104103
1.109793
1.090902
1.122994
1.104103
1.090902
1.097806
1.110400
1.102889
1.096592
1.103496
1.124208
1.103496
1.089689
1.083998
1.098413
1.088475
1.103496
1.090902
1.090295
1.095986
1.083998
1.103496
1.116697
1.097806
1.084605
1.110400
1.110400
1.091509
1.089688
1.083391
1.089082
1.109186
1.102889
1.095986
1.090295
1.102889
1.090902
1.102283
1.097199
1.090902
1.090902
1.098413
1.082178
1.111007
1.085212
1.084605
1.097806
1.102283
1.110400
1.104710
1.103496
1.084605
1.084605
1.095986
1.097199
1.109186
1.089688
1.116090
1.116697
1.109186
1.129898
1.095379
1.090902
1.108580
1.096592
1.104103
1.083391
1.104710
1.109793
1.097199
1.104103
1.103496
1.103496
1.082178
1.097199
1.097199
1.096592
1.102889
1.090902
1.090902
1.095986
1.116090
1.089689
1.083998
1.097806
1.116697
1.102889
1.109793
1.096592
1.089689
1.110400
1.102889
1.103496
1.097806
1.090295
1.090295
1.090295
1.104103
1.098413
1.104103
1.091509
1.083391
1.104103
1.102889
1.096592
1.102283
1.104103
1.104103
1.077701
1.104710
1.102889
1.102889
1.095985
1.116697
1.103496
1.111007
1.082785
1.097806
1.091509
1.097806
1.097199
1.104103
1.103496
1.090295
1.090902
1.083391
1.090295
1.104103
1.090295
1.096592
1.096592
1.095985
1.110400
1.104103
1.097199
1.098413
1.104103
1.095986
1.103496
1.102889
1.082785
1.096592
1.095986
1.096592
1.089688
1.115484
1.110400
1.102889
1.103496
1.098413
1.090902
1.090295
1.104710
1.103496
1.102283
1.097199
1.077094
1.089689
1.102889
1.082178
1.084605
1.102283
1.109793
1.110400
1.109793
1.085212
1.090295
1.096592
1.090902
1.095986
1.102889
1.117304
1.077094
1.084605
1.096592
1.097199
1.089082
1.110400
1.089082
1.089082
1.110400
1.082785
1.089689
1.095986
1.091509
1.095986
1.102889
1.110400
1.096592
1.097806
1.090902
1.090295
1.090902
1.090902
1.097199
1.097199
1.110400
1.097199
1.096592
1.083998
1.090295
1.090295
1.104710
1.117304
1.104103
1.116697
1.109793
1.104710
1.090902
1.096592
1.095986
1.117304
1.103496
1.083998
1.096592
1.083998
1.082178
1.110400
1.089082
1.104710
1.097199
1.116090
1.096592
1.090295
1.097806
1.099096
