1.104103
1.110400
1.091509
1.095986
1.102283
1.092116
1.122994
1.083391
1.097199
1.090295
1.091509
1.116697
1.090902
1.097806
1.096592
1.103496
1.098413
1.090295
1.097199
1.110400
1.096592
1.096592
1.104103
1.110400
1.102889
1.103496
1.090902
1.110400
1.096592
1.089689
1.104103
1.082178
1.095379
1.096592
1.103496
1.122994
1.109793
1.089689
1.089689
1.097806
1.090295
1.111007
1.104103
1.096592
1.104103
1.102283
1.089688
1.090295
1.082785
1.102889
1.097199
1.117304
1.111007
1.082178
1.110400
1.096592
1.111007
1.103496
1.109186
1.089688
1.096592
1.097806
1.097199
1.077094
1.090902
1.096592
1.096592
1.084605
1.102889
1.097199
1.111007
1.082785
1.090902
1.104103
1.096592
1.089082
1.109186
1.083998
1.122994
1.095379
1.096592
1.109793
1.091509
1.103496
1.085212
1.103496
1.090902
1.102283
1.110400
1.110400
1.091509
1.084605
1.095986
1.097199
1.103496
1.109793
1.110400
1.095986
1.097199
1.084605
1.095986
1.111007
1.088475
1.089689
1.089689
1.110400
1.084605
1.082785
1.095986
1.090295
1.102283
1.104710
1.090902
1.095986
1.097806
1.109186
1.097199
1.104103
1.116697
1.110400
1.095986
1.089689
1.102283
1.083998
1.103496
1.075274
1.103496
1.095986
1.091509
1.096592
1.103496
1.109186
1.082178
1.082785
1.111614
1.111614
1.097806
1.103496
1.083391
1.091509
1.084605
1.090902
1.090295
1.096592
1.109793
1.109793
1.095986
1.104710
1.090295
1.097199
1.092116
1.091509
1.110400
1.097199
1.090902
1.104103
1.103496
1.104103
1.097806
1.095986
1.104103
1.109793
1.085212
1.095986
1.083391
1.103496
1.095986
1.116697
1.090295
1.095986
1.103496
1.075881
1.110400
1.098413
1.095986
1.089082
1.089082
1.116697
1.103496
1.097806
1.104103
1.097199
1.103496
1.089082
1.083391
1.097199
1.097806
1.090295
1.122387
1.109793
1.102889
1.109793
1.104103
1.090295
1.085212
1.102889
1.103496
1.083998
1.082785
1.097806
1.102283
1.097199
1.108580
1.109793
1.103496
1.082785
1.089689
1.095985
1.095986
1.102889
1.092116
1.122994
1.097199
1.096592
1.083391
1.091509
1.096592
1.090902
1.097199
1.076488
1.095986
1.090902
1.122994
1.095986
1.102889
1.103496
1.097199
1.109186
1.092116
1.089688
1.104103
1.104710
1.089688
1.096592
1.083998
1.090902
1.097199
1.097199
1.104103
1.116090
1.089689
1.109793
1.095986
1.103496
1.109793
1.103496
1.098413
1.096592
1.109793
1.089082
1.090295
1.090295
1.102283
1.090902
1.090295
1.089082
1.095986
1.097199
1.083391
1.082785
1.091509
1.110400
1.116090
1.096592
1.103496
1.095986
1.097199
1.097199
1.089082
1.095985
1.090902
1.098413
1.090295
1.097199
1.097199
1.097806
1.095986
1.103496
1.090902
1.109186
1.088475
1.109793
1.090295
1.090295
1.089689
1.096592
1.103496
1.097199
1.090295
1.091509
1.090295
1.122994
1.096592
1.090902
1.097806
1.104710
1.090295
1.104710
1.097806
1.090295
1.096592
1.109793
1.096592
1.097199
1.104103
1.096592
1.109793
1.082178
1.109186
1.116697
1.103496
1.095986
1.090295
1.089689
1.097199
1.103496
1.092116
1.083998
1.097199
1.097199
1.104103
1.103496
1.097199
1.117304
1.108580
1.104103
1.097806
1.096592
1.089689
1.097806
1.097199
1.096592
1.095985
1.104710
1.083998
1.116697
1.097806
1.120086
