1.102283
1.102889
1.097199
1.103496
1.083998
1.085212
1.096592
1.096592
1.089082
1.097199
1.097199
1.082785
1.076488
1.110400
1.102889
1.095379
1.090295
1.090902
1.102889
1.102889
1.083998
1.090295
1.090295
1.116090
1.089082
1.091509
1.110400
1.090902
1.102889
1.097806
1.090295
1.110400
1.096592
1.104103
1.102889
1.108580
1.122994
1.089688
1.096592
1.102889
1.090295
1.097199
1.090295
1.103496
1.083391
1.097199
1.110400
1.095986
1.082785
1.097199
1.097806
1.096592
1.095985
1.097199
1.111007
1.123601
1.104103
1.083391
1.095379
1.090295
1.082178
1.083998
1.090295
1.104710
1.103496
1.098413
1.097806
1.090902
1.097199
1.083391
1.089082
1.089689
1.083391
1.089689
1.089082
1.090295
1.103496
1.090295
1.097199
1.095986
1.095986
1.090295
1.082178
1.090295
1.116697
1.104103
1.090295
1.095986
1.111007
1.083998
1.088475
1.116697
1.102889
1.109793
1.096592
1.077094
1.102283
1.109793
1.110400
1.117911
1.103496
1.094772
1.097199
1.109186
1.104103
1.090295
1.089688
1.090902
1.102283
1.083998
1.129898
1.096592
1.077701
1.077094
1.111007
1.097199
1.096592
1.095986
1.104103
1.083391
1.111007
1.089688
1.097199
1.102283
1.102889
1.104710
1.103496
1.096592
1.090902
1.117304
1.090295
1.097199
1.089082
1.095986
1.104710
1.103496
1.097199
1.109793
1.097199
1.085212
1.097806
1.095985
1.082785
1.102889
1.090295
1.104103
1.103496
1.110400
1.097806
1.096592
1.110400
1.083391
1.089689
1.109793
1.117304
1.082785
1.089689
1.084605
1.104103
1.111007
1.102889
1.097806
1.116697
1.096592
1.098413
1.097806
1.103496
1.090902
1.092116
1.085212
1.092116
1.095986
1.097806
1.136195
1.103496
1.084605
1.104103
1.109186
1.102889
1.083391
1.090295
1.104103
1.096592
1.090295
1.104103
1.089688
1.096592
1.097806
1.097806
1.096592
1.083998
1.111007
1.077094
1.116090
1.102889
1.104103
1.090295
1.104103
1.109793
1.097806
1.082178
1.097806
1.089688
1.097806
1.090902
1.083998
1.090902
1.117304
1.109793
1.089082
1.103496
1.095379
1.109793
1.104103
1.090295
1.103496
1.097806
1.083998
1.097199
1.089689
1.096592
1.115484
1.090902
1.104103
1.108580
1.088475
1.082178
1.103496
1.077094
1.103496
1.102283
1.082785
1.091509
1.090295
1.097199
1.083998
1.109186
1.111007
1.089689
1.097199
1.110400
1.136195
1.109793
1.109793
1.109793
1.102889
1.110400
1.095379
1.109793
1.095986
1.097806
1.089689
1.103496
1.083391
1.086426
1.102889
1.111614
1.095986
1.090902
1.085819
1.097199
1.083998
1.095986
1.103496
1.089689
1.110400
1.103496
1.116697
1.084605
1.097806
1.082178
1.102889
1.089688
1.109186
1.103496
1.117304
1.109187
1.104103
1.103496
1.098413
1.103496
1.075274
1.089082
1.116697
1.116090
1.097806
1.097806
1.104710
1.109793
1.090902
1.096592
1.090295
1.109186
1.104710
1.090902
1.104103
1.089689
1.110400
1.091509
1.098413
1.103496
1.096592
1.103496
1.082178
1.097199
1.109793
1.104103
1.090295
1.110400
1.097199
1.097806
1.089689
1.097199
1.085212
1.096592
1.123601
1.109793
1.116697
1.102889
1.090295
1.097199
1.089082
1.104103
1.089082
1.089689
1.097806
1.116697
1.090295
1.110400
1.084605
1.090902
1.084605
1.095986
1.098413
1.109186
1.095985
1.109793
1.101119
