1.092116
1.096592
1.097199
1.116090
1.091509
1.104710
1.102889
1.090902
1.109793
1.098413
1.103496
1.096592
1.077701
1.089688
1.089689
1.090295
1.090902
1.077094
1.096592
1.102889
1.110400
1.089689
1.117304
1.103496
1.091509
1.089689
1.095985
1.097199
1.097806
1.096592
1.109793
1.096592
1.116697
1.104710
1.102889
1.089689
1.082785
1.129898
1.095986
1.091509
1.077701
1.096592
1.097806
1.116090
1.097199
1.091509
1.097199
1.096592
1.089688
1.083998
1.109186
1.090902
1.096592
1.101676
1.110400
1.096592
1.089689
1.097806
1.109793
1.083391
1.111614
1.108580
1.097806
1.077094
1.111007
1.095985
1.097199
1.104103
1.083391
1.097199
1.095986
1.109186
1.097199
1.110400
1.097199
1.082785
1.082178
1.085212
1.095986
1.097806
1.117911
1.103496
1.102889
1.096592
1.096592
1.090902
1.110400
1.082785
1.096592
1.117304
1.117304
1.110400
1.095379
1.097806
1.103496
1.077094
1.091509
1.095986
1.102283
1.083391
1.109186
1.103496
1.103496
1.088475
1.103496
1.083998
1.102889
1.109186
1.090295
1.096592
1.124208
1.097806
1.097199
1.084605
1.090902
1.078308
1.083998
1.104710
1.091509
1.104103
1.109793
1.090902
1.102889
1.090902
1.104103
1.097199
1.111007
1.083391
1.074667
1.103496
1.089082
1.082785
1.084605
1.097806
1.089689
1.116697
1.109793
1.109793
1.090295
1.083391
1.090295
1.102889
1.090295
1.090295
1.095379
1.095986
1.097199
1.095986
1.110400
1.096592
1.116697
1.122994
1.117911
1.097199
1.083998
1.116090
1.103496
1.083391
1.097806
1.084605
1.097806
1.097199
1.089689
1.116697
1.096592
1.116090
1.090295
1.109793
1.089082
1.082785
1.089082
1.084605
1.097806
1.097199
1.089689
1.097199
1.111007
1.103496
1.089689
1.103496
1.116090
1.102283
1.090295
1.090902
1.091509
1.090295
1.095379
1.097199
1.110400
1.096592
1.096592
1.097806
1.090295
1.111007
1.103496
1.111007
1.082785
1.116090
1.110400
1.089082
1.084605
1.091509
1.109186
1.096592
1.088475
1.104103
1.123601
1.116090
1.095379
1.111007
1.089688
1.102889
1.096592
1.109793
1.104103
1.081571
1.090902
1.102283
1.083391
1.109793
1.095379
1.109793
1.102889
1.077094
1.109793
1.103496
1.109793
1.090295
1.111007
1.103496
1.110400
1.090902
1.103496
1.102283
1.097199
1.090902
1.110400
1.117304
1.091509
1.090902
1.096592
1.097806
1.090902
1.103496
1.097199
1.091509
1.096592
1.111007
1.097199
1.110400
1.109793
1.091509
1.089689
1.089689
1.103496
1.091509
1.104103
1.095986
1.095986
1.085212
1.083391
1.097199
1.096592
1.090295
1.103496
1.097806
1.090295
1.110400
1.083998
1.109186
1.103496
1.102889
1.095986
1.089689
1.097199
1.110400
1.110400
1.104103
1.090295
1.091509
1.089082
1.111007
1.102889
1.104103
1.090902
1.082785
1.090295
1.090295
1.110400
1.083998
1.089689
1.089082
1.083391
1.116090
1.096592
1.110400
1.097199
1.103496
1.096592
1.090295
1.097806
1.096592
1.111007
1.103496
1.090295
1.098413
1.089082
1.102283
1.090295
1.090902
1.103496
1.129898
1.075274
1.103496
1.083391
1.097199
1.102889
1.090295
1.083998
1.091509
1.102889
1.103496
1.103496
1.116697
1.097806
1.102889
1.085212
1.104103
1.103496
1.082785
1.089688
1.097199
1.116090
1.095986
1.095986
1.090295
1.116090
1.080128
