1.061972
1.114808
1.134266
1.104674
1.094084
1.099142
1.075201
1.114495
1.118722
1.094387
1.107916
1.099816
1.093041
1.100962
1.079272
1.048257
1.102415
1.115706
1.128371
1.162311
1.094186
1.102815
1.116857
1.128006
1.093279
1.093510
1.092661
1.102692
1.091765
1.100567
1.099514
1.117026
1.146675
1.133807
1.148154
1.092538
1.102773
1.114812
1.089504
1.115121
1.106311
1.099762
1.085999
1.113897
1.091852
1.055915
1.070606
1.104259
1.173113
1.098085
1.148334
1.125318
1.074304
1.066214
1.141923
1.117979
1.062357
1.085274
1.077575
1.096378
1.059058
1.077392
1.093528
1.158873
1.105389
1.103818
1.108008
1.083318
1.067519
1.041736
1.119247
1.130934
1.103168
1.092177
1.145998
1.133167
1.157928
1.080879
1.093437
1.070331
1.059193
1.091365
1.091306
1.125423
1.110094
1.121482
1.117752
1.130948
1.110069
1.106187
1.089550
1.096984
1.082256
1.099903
1.110916
1.079101
1.131816
1.105944
1.135167
1.169941
1.103090
1.008292
1.115880
1.129251
1.044132
1.127863
1.124789
1.073195
1.079055
1.096041
1.128410
1.096152
1.032785
1.166273
1.042718
1.122629
1.132277
1.048841
1.017163
1.128445
1.070610
1.007304
1.064089
1.130127
1.135887
1.240679
1.143360
1.131991
1.054402
1.075176
1.103529
1.082126
1.097616
1.063005
1.120880
1.143566
1.039868
1.133182
1.102164
1.082610
1.069985
1.102430
1.113210
1.134646
1.083015
1.083589
1.067233
1.119906
1.059070
1.057010
1.060665
1.111410
1.092313
1.112355
1.140656
1.101893
1.049406
1.093382
1.114004
1.146681
1.142679
1.109958
1.100437
1.085372
1.083452
1.108398
1.002033
1.055950
1.094432
1.047031
1.162013
0.994318
1.184822
1.045384
1.072737
1.122331
1.101161
1.098266
1.099343
1.122737
1.150050
1.053591
1.169922
1.139686
1.069038
1.099130
1.086320
1.124560
1.100816
1.076043
1.101722
1.131193
1.127427
1.078738
1.077733
1.079833
1.095905
1.129010
1.107591
1.126695
1.082856
1.098180
1.093656
1.099707
1.103548
1.116174
1.090548
1.092545
1.068833
1.150574
1.092175
1.137005
1.115639
1.106754
1.116070
1.102484
1.103696
1.093355
1.115966
1.110813
1.139896
1.112172
1.104865
1.107808
1.095719
1.107535
1.095060
1.095800
1.094582
1.102542
1.091104
1.104859
1.119651
1.073412
1.093628
1.095198
1.107018
1.089504
1.084273
1.096593
1.093248
1.112787
1.113595
1.125487
1.079091
1.056921
1.077750
1.092903
1.069686
1.099052
1.174455
1.147317
1.092739
1.137743
1.116320
1.152939
1.095567
1.094549
1.093758
1.107024
1.123501
1.084412
1.084005
1.077324
1.058342
1.157670
1.123342
1.090354
1.103868
1.097320
1.128316
1.077686
1.081294
1.115491
1.153765
1.113946
1.062508
1.107368
1.099248
1.086352
1.134694
1.138918
1.098044
1.111758
1.094522
1.100406
1.098425
1.103396
1.093505
1.096780
1.104337
1.090064
1.105348
1.091050
1.088444
1.099067
1.131427
1.098481
1.110798
1.114602
1.065975
0.997105
1.096854
1.095718
1.128258
1.111778
1.124848
1.098323
1.076146
2.154682
1.107251
1.117593
1.106339
1.108195
1.101583
1.088832
1.098370
10.757765
1.097112
1.109890
1.109949
1.107190
1.100389
1.097239
1.105647
1.090769
1.089844
1.105580
1.110856
1.096056
1.097586
1.078637
3.391685
1.091798
1.108757
1.101512
1.120183
1.183828
