1.084605
1.090295
1.097199
1.096592
1.103496
1.089082
1.110400
1.103496
1.082785
1.090295
1.085212
1.090295
1.095379
1.095986
1.116697
1.102283
1.108580
1.090902
1.096592
1.109186
1.095379
1.089688
1.104103
1.102889
1.109186
1.109793
1.102890
1.089689
1.109793
1.104103
1.102889
1.096592
1.083998
1.097806
1.089082
1.084605
1.096592
1.109186
1.084605
1.110400
1.104103
1.097199
1.083998
1.085212
1.116697
1.095379
1.084605
1.097806
1.097199
1.096592
1.110400
1.108580
1.103496
1.105317
1.103496
1.097806
1.083391
1.109793
1.089082
1.103496
1.089688
1.091509
1.089082
1.091509
1.110400
1.097199
1.083998
1.097199
1.096592
1.123601
1.122387
1.091509
1.116697
1.083998
1.110400
1.109186
1.103496
1.097199
1.083998
1.083998
1.102889
1.103496
1.097199
1.089688
1.091509
1.109793
1.108580
1.109793
1.096592
1.091509
1.104103
1.095986
1.111007
1.103496
1.084605
1.091509
1.096592
1.095379
1.090295
1.110400
1.110400
1.110400
1.078308
1.083391
1.083391
1.116090
1.103496
1.102283
1.109793
1.116697
1.090295
1.096592
1.104103
1.092116
1.103496
1.084605
1.104710
1.103496
1.115484
1.083998
1.109793
1.110400
1.096592
1.117911
1.110400
1.083391
1.104103
1.102889
1.130505
1.089689
1.097199
1.095985
1.103496
1.097199
1.088475
1.089689
1.089688
1.091509
1.090902
1.090295
1.090902
1.102283
1.097806
1.102889
1.097199
1.090295
1.097806
1.108580
1.091509
1.110400
1.102283
1.104710
1.089688
1.104103
1.090295
1.077094
1.104103
1.095986
1.090295
1.083998
1.097199
1.097199
1.109793
1.090902
1.077701
1.097199
1.078308
1.095986
1.103496
1.096592
1.102889
1.090902
1.090295
1.083998
1.103496
1.110400
1.090295
1.083391
1.115484
1.103496
1.096592
1.083998
1.090295
1.123601
1.090902
1.109793
1.091509
1.096592
1.089688
1.110400
1.097199
1.090902
1.097199
1.102283
1.090295
1.089082
1.104710
1.104103
1.082178
1.102889
1.090295
1.077094
1.110400
1.117304
1.103496
1.090295
1.102889
1.117304
1.109186
1.085212
1.103496
1.116697
1.096592
1.123601
1.095379
1.090295
1.097806
1.088475
1.097806
1.089689
1.083998
1.083391
1.090902
1.095986
1.090902
1.095379
1.102889
1.096592
1.104103
1.085212
1.104103
1.090295
1.102889
1.090902
1.116697
1.104103
1.090295
1.096592
1.089082
1.104103
1.097806
1.117304
1.103496
1.091509
1.103496
1.095985
1.091509
1.103496
1.109186
1.075274
1.097199
1.082785
1.091509
1.117304
1.096592
1.111007
1.123601
1.090902
1.089688
1.094772
1.109793
1.103496
1.116697
1.097199
1.111007
1.094772
1.103496
1.097199
1.103496
1.104103
1.111007
1.082785
1.090295
1.096592
1.102283
1.083998
1.076488
1.110400
1.097199
1.090902
1.083998
1.089688
1.116090
1.096592
1.097199
1.104103
1.103496
1.090295
1.102890
1.108580
1.111007
1.097199
1.102889
1.090295
1.099020
1.102889
1.095379
1.116090
1.089689
1.097199
1.090902
1.095986
1.097199
1.103496
1.090295
1.091509
1.090295
1.083391
1.083998
1.096592
1.117304
1.103496
1.089689
1.097806
1.090902
1.089689
1.085819
1.083998
1.090902
1.109186
1.096592
1.085212
1.097806
1.103496
1.096592
1.089689
1.109186
1.089689
1.090295
1.102283
1.089689
1.102889
1.122994
1.096592
1.104710
1.097199
1.089082
1.120086
