1.083998
1.090295
1.078308
1.104103
1.095379
1.104710
1.111007
1.090295
1.105317
1.103496
1.096592
1.089689
1.083998
1.096592
1.109793
1.105317
1.097806
1.110400
1.109186
1.090295
1.098413
1.109793
1.103496
1.096592
1.096592
1.109793
1.094772
1.091509
1.103496
1.089688
1.091509
1.102889
1.096592
1.082785
1.090295
1.104710
1.097199
1.104103
1.090902
1.082785
1.103496
1.096592
1.089082
1.083391
1.082785
1.102889
1.097199
1.096592
1.109793
1.104103
1.096592
1.097199
1.096592
1.089689
1.103496
1.095986
1.095986
1.097199
1.097806
1.102283
1.116697
1.102283
1.102889
1.092723
1.083998
1.102889
1.097806
1.095986
1.083391
1.104103
1.083998
1.103496
1.082785
1.103496
1.095986
1.103496
1.090902
1.109793
1.101676
1.082785
1.083391
1.089688
1.109793
1.096592
1.103496
1.090295
1.097199
1.096592
1.095986
1.090902
1.108580
1.104103
1.109793
1.090295
1.083998
1.097199
1.104103
1.095379
1.097199
1.097806
1.084605
1.103496
1.109793
1.089082
1.110400
1.089689
1.116697
1.102283
1.109793
1.116697
1.097199
1.083391
1.109186
1.083998
1.104710
1.111007
1.098413
1.111007
1.116090
1.095986
1.090902
1.090902
1.097806
1.109793
1.091509
1.096592
1.074667
1.102889
1.104103
1.103496
1.103496
1.077094
1.103496
1.077094
1.097199
1.097199
1.079522
1.110400
1.102889
1.097199
1.097806
1.109793
1.091509
1.089689
1.110400
1.082785
1.082785
1.097199
1.095986
1.104103
1.083391
1.092116
1.097199
1.090902
1.117304
1.082178
1.102283
1.090902
1.095985
1.096592
1.083998
1.096592
1.110400
1.091509
1.084605
1.104103
1.103496
1.097806
1.109186
1.102889
1.089082
1.116090
1.109793
1.097806
1.096592
1.096592
1.083998
1.123601
1.096592
1.116697
1.082178
1.097806
1.103496
1.103496
1.102283
1.097199
1.082785
1.097199
1.104103
1.111007
1.110400
1.103496
1.102283
1.096592
1.097199
1.110400
1.085212
1.117304
1.102889
1.102889
1.097806
1.095986
1.082178
1.090295
1.090295
1.109793
1.090295
1.117304
1.091509
1.102889
1.090902
1.110400
1.110400
1.089689
1.109793
1.088475
1.110400
1.110400
1.103496
1.102283
1.082178
1.096592
1.104103
1.102889
1.097199
1.082785
1.103496
1.104710
1.109793
1.095986
1.090902
1.089689
1.082785
1.103496
1.102889
1.084605
1.097199
1.077094
1.104103
1.110400
1.098413
1.082785
1.111007
1.109186
1.089689
1.104103
1.090295
1.097199
1.090902
1.117304
1.116090
1.110400
1.104103
1.097199
1.117304
1.076488
1.090295
1.083391
1.097199
1.095986
1.110400
1.084605
1.090902
1.103496
1.091509
1.096592
1.111007
1.095986
1.089688
1.089082
1.082785
1.089689
1.122994
1.102889
1.102889
1.096592
1.096592
1.104103
1.090295
1.097199
1.075881
1.097199
1.102889
1.108580
1.095986
1.098413
1.103496
1.110400
1.098413
1.089688
1.116090
1.109793
1.097199
1.109793
1.096592
1.111614
1.096592
1.104103
1.091509
1.089688
1.097806
1.095986
1.082785
1.096592
1.102889
1.091509
1.083998
1.102889
1.097806
1.097199
1.110400
1.097806
1.089689
1.097806
1.089689
1.090295
1.076488
1.097806
1.109793
1.091509
1.097199
1.116090
1.117304
1.089689
1.097199
1.096592
1.097806
1.110400
1.091509
1.097199
1.095986
1.122994
1.102889
1.083391
1.090902
1.090295
1.103496
1.122109
