1.089689
1.097199
1.090902
1.082785
1.103496
1.095379
1.095379
1.097199
1.109793
1.091509
1.097199
1.104710
1.090902
1.089688
1.122994
1.089689
1.090902
1.104103
1.096592
1.102889
1.102889
1.117911
1.098413
1.090295
1.097199
1.122387
1.109186
1.095986
1.103496
1.104103
1.108580
1.104103
1.083391
1.103496
1.085212
1.083998
1.104103
1.077094
1.117304
1.104103
1.096592
1.083391
1.111007
1.097199
1.089689
1.110400
1.102889
1.116090
1.090902
1.075274
1.097199
1.103496
1.090902
1.096592
1.090902
1.095986
1.095986
1.103496
1.102889
1.090295
1.103496
1.090902
1.097199
1.110400
1.083391
1.102889
1.083998
1.110400
1.077094
1.104103
1.090902
1.089082
1.077094
1.109793
1.103496
1.095986
1.110400
1.103496
1.097806
1.110400
1.082785
1.103496
1.103496
1.097199
1.083998
1.099020
1.095986
1.097806
1.075881
1.096592
1.089689
1.091509
1.096592
1.097199
1.111007
1.097199
1.103496
1.097199
1.095379
1.097199
1.089082
1.116697
1.110400
1.116090
1.097199
1.089689
1.102889
1.090902
1.098413
1.089082
1.103496
1.116697
1.090902
1.109793
1.097806
1.110400
1.092116
1.089082
1.095986
1.102283
1.102283
1.104103
1.097199
1.096592
1.104103
1.089082
1.087868
1.096592
1.104103
1.122994
1.082178
1.089689
1.083998
1.097199
1.095379
1.102889
1.111007
1.082785
1.089689
1.116090
1.090902
1.076488
1.083998
1.089689
1.085212
1.104103
1.082785
1.103496
1.110400
1.096592
1.103496
1.090295
1.117304
1.103496
1.082785
1.102889
1.096592
1.083391
1.090295
1.082785
1.095986
1.091509
1.103496
1.091509
1.102283
1.096592
1.084605
1.089082
1.109793
1.082785
1.095986
1.084605
1.104710
1.103496
1.097806
1.102889
1.095986
1.103496
1.104103
1.110400
1.097199
1.103496
1.084605
1.110400
1.090902
1.097806
1.097199
1.092116
1.092116
1.104710
1.095379
1.096592
1.092116
1.102889
1.097806
1.116697
1.095986
1.095986
1.097199
1.122994
1.097199
1.109186
1.097806
1.082785
1.097199
1.123601
1.104103
1.116090
1.103496
1.097199
1.109186
1.096592
1.097199
1.116090
1.089082
1.090295
1.097199
1.090902
1.082785
1.103496
1.104710
1.122994
1.109793
1.090902
1.089082
1.090902
1.096592
1.097806
1.102283
1.104710
1.096592
1.096592
1.076488
1.097199
1.090902
1.083391
1.109186
1.109793
1.084605
1.105317
1.089688
1.096592
1.095986
1.090295
1.091509
1.090902
1.089688
1.104103
1.109793
1.089688
1.104103
1.095986
1.097199
1.103496
1.110400
1.103496
1.097199
1.097199
1.097199
1.097199
1.090902
1.103496
1.096592
1.083391
1.096592
1.109793
1.096592
1.082785
1.090295
1.104103
1.110400
1.084605
1.111007
1.089689
1.098413
1.091509
1.103496
1.098413
1.102283
1.097199
1.109186
1.090295
1.104103
1.102283
1.117304
1.097199
1.096592
1.091509
1.079522
1.083391
1.095986
1.090902
1.123601
1.096592
1.095986
1.103496
1.097199
1.089082
1.104103
1.104103
1.095379
1.110400
1.111007
1.117304
1.104710
1.110400
1.096592
1.103496
1.096592
1.109793
1.110400
1.089688
1.090295
1.097806
1.089082
1.083998
1.095379
1.117304
1.090902
1.110400
1.103496
1.109186
1.089689
1.090902
1.090295
1.087868
1.097199
1.083998
1.102889
1.082785
1.116697
1.110400
1.095985
1.099020
1.104710
1.101676
1.089082
1.120086
