1.103496
1.090295
1.090295
1.109186
1.097806
1.097806
1.097806
1.096592
1.085212
1.082785
1.095986
1.103496
1.109793
1.088475
1.096592
1.090902
1.109186
1.092116
1.097199
1.104710
1.103496
1.095379
1.089689
1.110400
1.104103
1.090295
1.103496
1.110400
1.096592
1.090295
1.099020
1.089689
1.097806
1.117304
1.078308
1.116090
1.084605
1.116090
1.117304
1.117304
1.090902
1.102283
1.095986
1.095985
1.097199
1.102889
1.083391
1.109793
1.103496
1.090295
1.103496
1.096592
1.097806
1.103496
1.103496
1.102889
1.097199
1.103496
1.083391
1.090295
1.097806
1.090902
1.090902
1.085212
1.102889
1.096592
1.104103
1.090902
1.096592
1.084605
1.103496
1.090902
1.083391
1.096592
1.104103
1.091509
1.083998
1.116090
1.082785
1.095986
1.110400
1.091509
1.098413
1.090902
1.089082
1.102283
1.090295
1.095986
1.097199
1.082785
1.098413
1.095379
1.090295
1.089688
1.104103
1.110400
1.091509
1.104103
1.082785
1.096592
1.103496
1.090295
1.083998
1.096592
1.102889
1.083391
1.089082
1.097199
1.082785
1.097199
1.102889
1.102283
1.090902
1.097806
1.097199
1.090295
1.104103
1.090295
1.111007
1.095986
1.090902
1.090902
1.095986
1.097199
1.098413
1.097806
1.102889
1.103496
1.089689
1.104103
1.104103
1.089688
1.095986
1.110400
1.090902
1.095985
1.091509
1.083998
1.102889
1.109793
1.109186
1.116697
1.089689
1.092116
1.109186
1.103496
1.089689
1.092116
1.104710
1.095986
1.089082
1.124208
1.103496
1.102889
1.096592
1.104103
1.090902
1.090295
1.110400
1.109186
1.103496
1.092116
1.103496
1.111007
1.090902
1.110400
1.083391
1.102889
1.096592
1.102889
1.096592
1.095985
1.081571
1.090295
1.083391
1.096592
1.097199
1.103496
1.089689
1.103496
1.096592
1.096592
1.083998
1.097199
1.089082
1.104710
1.098413
1.089689
1.104103
1.090902
1.090902
1.090295
1.104103
1.104710
1.089688
1.083391
1.110400
1.103496
1.091509
1.102889
1.083391
1.097199
1.104103
1.122994
1.096592
1.090902
1.097806
1.109793
1.083391
1.089689
1.109793
1.116697
1.109793
1.116697
1.097806
1.108580
1.084605
1.097199
1.083998
1.097806
1.103496
1.085212
1.083998
1.097199
1.101676
1.082785
1.090295
1.077094
1.104103
1.090902
1.097199
1.097806
1.109186
1.091509
1.090295
1.096592
1.109186
1.116697
1.090902
1.083391
1.096592
1.103496
1.089689
1.090295
1.097199
1.097806
1.117304
1.095986
1.109793
1.102889
1.096592
1.095379
1.108580
1.116697
1.095985
1.102283
1.095986
1.090295
1.103496
1.090902
1.090295
1.111007
1.089688
1.108580
1.110400
1.097806
1.103496
1.102889
1.097806
1.110400
1.110400
1.095379
1.085212
1.103496
1.090295
1.102889
1.090295
1.097806
1.109793
1.097199
1.104710
1.090295
1.095986
1.109186
1.090902
1.090902
1.097199
1.090295
1.109793
1.122387
1.090295
1.110400
1.102889
1.095986
1.083391
1.103496
1.102889
1.089688
1.096592
1.109793
1.116090
1.104103
1.103496
1.102889
1.095986
1.091509
1.084605
1.089689
1.123601
1.102889
1.102283
1.096592
1.117304
1.090295
1.090295
1.095986
1.097199
1.116090
1.089688
1.097199
1.103496
1.083391
1.102889
1.088475
1.091509
1.110400
1.109793
1.097199
1.083998
1.104710
1.109186
1.102889
1.075881
1.117304
1.089082
1.116090
1.102889
1.143099
