1.083998
1.104710
1.090902
1.082178
1.095986
1.095986
1.097199
1.091509
1.089082
1.089082
1.090295
1.103496
1.096592
1.090902
1.104103
1.091509
1.110400
1.117304
1.109793
1.097806
1.102283
1.089689
1.102889
1.097806
1.103496
1.089082
1.109793
1.097806
1.095986
1.103496
1.076488
1.096592
1.124208
1.090902
1.097199
1.088475
1.089689
1.097806
1.083998
1.104103
1.104710
1.103496
1.097199
1.089689
1.084605
1.109793
1.102283
1.082178
1.097199
1.095379
1.098413
1.109793
1.089082
1.096592
1.097199
1.088475
1.096592
1.090295
1.091509
1.090902
1.096592
1.102283
1.109793
1.090295
1.092116
1.111007
1.095986
1.111007
1.089689
1.098413
1.096592
1.097806
1.089689
1.096592
1.102889
1.102889
1.097806
1.084605
1.096592
1.117304
1.091509
1.083998
1.080964
1.089689
1.111007
1.111007
1.098413
1.111007
1.108580
1.096592
1.095379
1.110400
1.097199
1.111007
1.103496
1.104710
1.090295
1.104103
1.104103
1.098413
1.104103
1.090902
1.082785
1.090295
1.091509
1.102889
1.091509
1.088475
1.109186
1.083998
1.104710
1.090295
1.102889
1.109186
1.096592
1.102889
1.098413
1.085212
1.096592
1.109793
1.103496
1.095379
1.084605
1.117911
1.082785
1.102889
1.104103
1.089082
1.090295
1.116697
1.097199
1.116090
1.089082
1.089688
1.097806
1.110400
1.103496
1.095986
1.109793
1.091509
1.090295
1.091509
1.104103
1.075274
1.083391
1.104103
1.076488
1.102889
1.089082
1.097806
1.103496
1.089689
1.102283
1.089688
1.102889
1.090902
1.101676
1.109793
1.117304
1.082178
1.097806
1.083998
1.111007
1.109793
1.101676
1.103496
1.097806
1.102889
1.095986
1.090902
1.083998
1.103496
1.088475
1.083998
1.111007
1.111007
1.082785
1.097806
1.097806
1.104103
1.102889
1.090295
1.116697
1.089082
1.077701
1.111007
1.090295
1.096592
1.102889
1.109793
1.097199
1.097806
1.109793
1.122994
1.097199
1.109186
1.097199
1.090295
1.090902
1.089689
1.096592
1.090295
1.090295
1.090295
1.110400
1.095986
1.090295
1.111007
1.104103
1.104710
1.088475
1.122994
1.090295
1.103496
1.109793
1.096592
1.097806
1.110400
1.109793
1.092116
1.104710
1.103496
1.104103
1.089688
1.109793
1.091509
1.096592
1.103496
1.102889
1.083998
1.110400
1.097199
1.102283
1.110400
1.110400
1.104103
1.097806
1.095986
1.109793
1.096592
1.103496
1.109793
1.109793
1.108580
1.095986
1.104103
1.082785
1.103496
1.095986
1.097806
1.091509
1.102889
1.097199
1.083998
1.104103
1.110400
1.090295
1.111007
1.103496
1.096592
1.096592
1.089688
1.096592
1.097806
1.104103
1.090295
1.104103
1.103496
1.097806
1.104103
1.089082
1.096592
1.090902
1.089688
1.096592
1.110400
1.109793
1.082785
1.095379
1.109187
1.097199
1.096592
1.122994
1.083391
1.104710
1.109186
1.089082
1.090902
1.096592
1.090902
1.090295
1.110400
1.104103
1.097199
1.096592
1.083391
1.117304
1.109793
1.089689
1.083391
1.097806
1.077094
1.090295
1.083391
1.116697
1.089689
1.089688
1.110400
1.089688
1.097199
1.103496
1.102283
1.101676
1.078915
1.102889
1.110400
1.097199
1.104103
1.104103
1.084605
1.090295
1.096592
1.102889
1.117304
1.083391
1.109793
1.083998
1.090295
1.091509
1.103496
1.089082
1.090902
1.090295
1.104103
1.083998
1.104103
1.090295
1.120086
