1.117304
1.109186
1.089082
1.123601
1.104710
1.095986
1.089688
1.101676
1.097806
1.110400
1.097199
1.084605
1.104103
1.102283
1.096592
1.095379
1.104103
1.096592
1.092116
1.103496
1.097199
1.104710
1.089082
1.090295
1.103496
1.109793
1.083391
1.083391
1.090295
1.116697
1.104103
1.110400
1.090295
1.110400
1.097199
1.091509
1.109793
1.104103
1.104103
1.111007
1.096592
1.090295
1.084605
1.090295
1.102889
1.088475
1.117304
1.084605
1.104710
1.111007
1.084605
1.091509
1.102283
1.096592
1.117304
1.104710
1.109186
1.110400
1.095986
1.089689
1.110400
1.089082
1.083998
1.083391
1.110400
1.097199
1.104103
1.096592
1.083391
1.097806
1.103496
1.090295
1.097199
1.097806
1.097806
1.096592
1.111007
1.103496
1.091509
1.110400
1.096592
1.109793
1.089688
1.098413
1.096592
1.109186
1.089082
1.109793
1.083998
1.078308
1.116697
1.102889
1.102283
1.111007
1.097199
1.097199
1.089082
1.104103
1.109793
1.111007
1.095986
1.095379
1.103496
1.089689
1.116697
1.084605
1.102283
1.108580
1.109793
1.090902
1.103496
1.102283
1.089689
1.109793
1.083391
1.104710
1.111007
1.102889
1.085212
1.088475
1.103496
1.097806
1.097806
1.090295
1.104710
1.111007
1.084605
1.097199
1.095379
1.091509
1.089688
1.103496
1.109793
1.104103
1.103496
1.109793
1.097199
1.089688
1.083391
1.096592
1.108580
1.109186
1.097199
1.095379
1.083391
1.124208
1.096592
1.097199
1.123601
1.096592
1.104710
1.090902
1.103496
1.090902
1.097199
1.090295
1.097199
1.083998
1.109793
1.076488
1.109186
1.095379
1.095986
1.102283
1.088475
1.103496
1.082178
1.097199
1.109793
1.096592
1.102283
1.103496
1.095986
1.110400
1.116697
1.096592
1.085819
1.109793
1.102889
1.104103
1.102283
1.090295
1.077701
1.088475
1.089688
1.096592
1.102889
1.097806
1.097199
1.090295
1.103496
1.077094
1.096592
1.091509
1.097806
1.091509
1.097199
1.102283
1.097199
1.096592
1.095986
1.109793
1.103496
1.095986
1.104710
1.097199
1.083998
1.104103
1.083998
1.089689
1.097199
1.089082
1.092116
1.097806
1.090295
1.089082
1.082785
1.110400
1.088475
1.096592
1.103496
1.090902
1.089082
1.090295
1.090295
1.084605
1.103496
1.110400
1.096592
1.089689
1.102889
1.082785
1.096592
1.090295
1.103496
1.089082
1.090902
1.102889
1.098413
1.117304
1.097199
1.089082
1.083998
1.103496
1.103496
1.090295
1.096592
1.089082
1.109793
1.103496
1.090295
1.096592
1.095379
1.103496
1.104103
1.103496
1.097806
1.085212
1.103496
1.097806
1.102889
1.116090
1.090902
1.090902
1.082785
1.098413
1.090295
1.090902
1.097199
1.090902
1.097199
1.097806
1.104103
1.084605
1.110400
1.097199
1.097199
1.096592
1.103496
1.090295
1.102889
1.096592
1.096592
1.096592
1.090295
1.096592
1.096592
1.096592
1.090295
1.110400
1.089689
1.090902
1.089689
1.091509
1.095379
1.117304
1.110400
1.122994
1.104103
1.109793
1.096592
1.096592
1.104710
1.103496
1.097199
1.096592
1.104103
1.104103
1.096592
1.084605
1.088475
1.102283
1.109793
1.090295
1.091509
1.104103
1.097199
1.103496
1.109793
1.110400
1.089082
1.096592
1.090902
1.084605
1.090295
1.090295
1.097806
1.089688
1.089688
1.103496
1.090902
1.097199
1.103496
1.102889
1.103496
1.097199
1.102889
1.076083
