1.090902
1.104710
1.097199
1.089689
1.097806
1.084605
1.109186
1.103496
1.095986
1.078308
1.095986
1.109186
1.082178
1.089689
1.096592
1.102889
1.096592
1.089688
1.102889
1.103496
1.097199
1.095986
1.104710
1.088475
1.102889
1.097199
1.097806
1.084605
1.083998
1.104103
1.078308
1.090902
1.096592
1.103496
1.091509
1.104710
1.116090
1.102283
1.089688
1.089689
1.090902
1.091509
1.102889
1.122994
1.097806
1.103496
1.116090
1.090295
1.116697
1.111007
1.116697
1.104103
1.102889
1.097199
1.097806
1.090902
1.098413
1.116697
1.090902
1.103496
1.090295
1.103496
1.085819
1.110400
1.081571
1.097199
1.097199
1.108580
1.091509
1.082785
1.089082
1.102889
1.117304
1.085212
1.103496
1.083998
1.104103
1.103496
1.104103
1.083998
1.103496
1.092116
1.084605
1.104103
1.095986
1.103496
1.090295
1.116697
1.097199
1.089082
1.122994
1.089689
1.109793
1.097806
1.103496
1.097806
1.102889
1.103496
1.104710
1.090902
1.109793
1.109793
1.102283
1.095986
1.077094
1.097806
1.110400
1.109793
1.076488
1.110400
1.102283
1.095986
1.097199
1.109793
1.129291
1.097199
1.103496
1.075881
1.102283
1.090902
1.096592
1.098413
1.089689
1.109793
1.103496
1.097199
1.099020
1.102889
1.095986
1.109793
1.082178
1.090902
1.097199
1.082785
1.097806
1.090295
1.097199
1.109186
1.090295
1.098413
1.110400
1.103496
1.077094
1.111007
1.089688
1.103496
1.109793
1.097199
1.096592
1.122994
1.082785
1.095986
1.083998
1.097806
1.090295
1.089688
1.110400
1.095986
1.095986
1.096592
1.096592
1.111007
1.109186
1.076488
1.109186
1.096592
1.096592
1.102889
1.084605
1.109186
1.085212
1.097806
1.096592
1.110400
1.089082
1.102283
1.097199
1.096592
1.090295
1.090902
1.097199
1.097806
1.102889
1.110400
1.096592
1.090295
1.083391
1.097199
1.099020
1.083998
1.104710
1.117304
1.083998
1.095986
1.122994
1.083391
1.090902
1.110400
1.089082
1.090902
1.102889
1.077701
1.123601
1.116090
1.103496
1.096592
1.109793
1.103496
1.089688
1.083998
1.083391
1.097199
1.104103
1.103496
1.102889
1.110400
1.095379
1.103496
1.077701
1.095379
1.102889
1.097199
1.089082
1.097199
1.097199
1.097806
1.084605
1.102283
1.075881
1.090295
1.089082
1.090902
1.091509
1.097806
1.102889
1.109186
1.089082
1.090902
1.104103
1.096592
1.089082
1.102283
1.104103
1.096592
1.103496
1.076487
1.085212
1.111007
1.097199
1.095986
1.092116
1.101676
1.097199
1.102283
1.090902
1.109793
1.109793
1.104103
1.091509
1.096592
1.108580
1.104103
1.102283
1.110400
1.116697
1.096592
1.102283
1.089082
1.104103
1.102283
1.090295
1.082178
1.090295
1.096592
1.116090
1.103496
1.083998
1.109186
1.109793
1.083391
1.090902
1.096592
1.117304
1.090295
1.102889
1.103496
1.111007
1.083391
1.095986
1.104710
1.104710
1.090295
1.110400
1.090295
1.083998
1.085212
1.097199
1.102283
1.109793
1.083998
1.097199
1.090295
1.097806
1.102889
1.102889
1.103496
1.097199
1.097806
1.097806
1.104103
1.097199
1.083998
1.097806
1.101676
1.083391
1.089689
1.096592
1.097199
1.102889
1.109186
1.090902
1.096592
1.110400
1.082785
1.090295
1.098413
1.102889
1.096592
1.102889
1.097806
1.102283
1.084605
1.117304
1.111614
1.097199
1.090902
1.097806
1.143099
