1.130103
1.120540
1.102227
1.100825
1.104266
1.104158
1.059357
1.353060
1.045770
1.111391
1.127529
1.130816
1.098341
1.130768
1.128283
1.097006
1.090105
1.047989
1.083740
1.121702
1.090563
1.198189
1.174750
1.109844
1.042401
1.114393
1.149511
1.078099
1.083773
1.131299
1.104073
1.127276
1.132666
1.083941
1.114849
1.109225
1.096738
1.097529
1.101571
1.100386
1.086308
1.096294
1.069647
1.115812
1.053791
1.048355
1.098110
1.131443
1.064520
1.132681
1.180604
1.135736
1.051771
1.178839
1.127409
1.103289
1.117703
1.178301
1.077213
1.005298
1.084678
1.090565
1.132127
1.131071
1.129300
1.083679
1.080908
1.015732
1.152655
1.035008
1.120361
1.018421
1.073844
1.187142
1.185569
1.118232
1.193570
1.090761
1.090316
1.017814
1.069208
1.038621
1.141879
1.089069
1.085507
1.091692
1.141525
1.089056
1.144387
1.037409
1.085516
1.084109
1.152753
1.115839
1.115428
1.103361
1.118869
1.093526
1.079916
1.113966
1.112346
1.090877
1.134629
1.066283
1.094641
1.101774
1.057405
1.059342
1.113304
1.118940
1.156263
1.125856
1.096102
1.101413
1.086502
1.077524
1.106110
1.106933
1.089752
1.121773
1.091143
1.074914
1.091627
1.101719
1.085208
1.080114
1.120194
1.026302
1.137604
1.139779
1.074170
1.153431
1.100069
1.151635
1.042757
1.026443
1.100124
1.118072
1.077881
1.085161
1.085765
1.046767
1.113836
1.082055
1.125559
1.087769
1.101597
1.095475
1.101081
1.068635
1.132469
1.094498
1.127827
1.067237
1.155525
1.068388
1.065787
1.145716
1.162495
1.109664
1.111933
1.059012
1.062837
1.104731
1.099456
1.055438
1.084369
1.133129
1.104817
1.067995
1.088255
1.144134
1.161898
1.158981
1.122007
1.140980
1.118400
1.068078
1.105724
1.103084
1.090689
1.097865
1.105241
1.096160
1.094330
1.097258
1.098185
1.102041
1.096332
1.101930
1.101570
1.104794
1.086834
1.102305
1.101759
1.104411
1.084010
1.093232
1.062118
1.133169
1.092212
1.077444
1.110069
1.126364
1.124340
1.057678
1.073526
1.106320
1.133642
1.074150
1.139602
1.060809
1.156028
1.072580
1.088093
1.076564
1.105942
1.087383
1.040693
1.070554
1.077889
1.145357
1.041841
1.030505
1.112389
1.184525
1.054947
1.147918
1.081809
1.117110
1.041587
1.065883
1.177916
1.203735
1.124606
1.041342
1.072001
1.039992
1.090085
1.153002
1.059353
1.126710
1.089242
1.133103
1.160399
1.091898
1.145568
1.137419
1.117350
1.100341
1.089515
1.094514
1.092803
1.075845
1.090893
1.087951
1.155252
1.111331
1.088468
1.089836
0.997737
1.077381
1.143206
1.075270
1.153643
1.047289
2.493556
1.138023
1.118977
1.109303
1.005634
1.079711
1.161769
1.119309
1.107637
1.155224
1.115017
1.145611
1.139477
1.135478
1.133409
1.081411
1.084665
1.113376
1.093522
1.094646
1.094772
1.095511
1.084141
1.112658
1.077991
1.084265
1.115888
1.091303
1.091451
1.143358
1.042759
1.071339
1.186636
1.087061
1.068562
1.076020
1.095768
1.023748
1.195374
1.142382
1.141323
1.016498
1.103702
1.059503
1.154353
1.059024
1.105456
1.031683
1.088814
1.073390
1.163664
1.126719
1.109731
1.090593
1.085430
1.128565
1.079889
1.127126
1.151591
1.165125
1.094812
1.132269
1.104194
1.087090
1.104780
1.105354
1.105725
1.078213
1.106676
1.090595
1.090156
1.103383
