1.096592
1.111007
1.095379
1.083998
1.090902
1.090295
1.092116
1.082178
1.103496
1.089082
1.110400
1.109793
1.105317
1.083998
1.123601
1.083998
1.101676
1.104103
1.084605
1.097199
1.095986
1.097199
1.103496
1.096592
1.089689
1.109793
1.076487
1.104103
1.104103
1.110400
1.090902
1.083391
1.102889
1.117304
1.095379
1.084605
1.083998
1.083391
1.089689
1.095986
1.109793
1.097199
1.097199
1.090902
1.103496
1.090902
1.111007
1.085819
1.103496
1.098413
1.088475
1.115484
1.089689
1.109793
1.130505
1.083391
1.116090
1.097199
1.095986
1.094772
1.116697
1.102283
1.109793
1.109793
1.097199
1.096592
1.097199
1.116090
1.083998
1.109793
1.090902
1.116697
1.090902
1.123601
1.083998
1.103496
1.096592
1.122387
1.089689
1.111007
1.082178
1.110400
1.083391
1.111007
1.086425
1.090295
1.116697
1.101676
1.090902
1.097806
1.096592
1.090902
1.090902
1.091509
1.082785
1.090295
1.097199
1.096592
1.083998
1.122387
1.090295
1.111007
1.096592
1.096592
1.083391
1.090295
1.078308
1.085212
1.089688
1.103496
1.082785
1.103496
1.104103
1.103496
1.085212
1.097806
1.103496
1.089082
1.097806
1.095986
1.090902
1.109186
1.089082
1.082178
1.103496
1.109186
1.090295
1.097806
1.082178
1.096592
1.084605
1.097199
1.078308
1.103496
1.077701
1.104103
1.103496
1.095379
1.104103
1.089689
1.110400
1.097199
1.089689
1.097199
1.082785
1.103496
1.101676
1.111614
1.116090
1.103496
1.077701
1.089689
1.096592
1.117304
1.096592
1.098413
1.095986
1.103496
1.104103
1.090295
1.110400
1.111007
1.090295
1.089689
1.078915
1.095986
1.109793
1.104103
1.089082
1.109793
1.090295
1.097199
1.102889
1.097806
1.090902
1.110400
1.089689
1.102889
1.101676
1.084605
1.109793
1.129898
1.082178
1.099020
1.089688
1.082785
1.102889
1.096592
1.089082
1.109793
1.097199
1.097806
1.095986
1.117304
1.089082
1.083391
1.097806
1.097806
1.116697
1.096592
1.091509
1.090295
1.103496
1.090295
1.089688
1.090295
1.083391
1.091509
1.096592
1.116697
1.123601
1.102889
1.083998
1.089082
1.109793
1.104103
1.097806
1.083998
1.103496
1.101676
1.095986
1.095986
1.097199
1.110400
1.097199
1.097199
1.103496
1.090902
1.103496
1.090295
1.104103
1.116090
1.104710
1.109793
1.110400
1.101676
1.103496
1.096592
1.111007
1.090902
1.104103
1.097806
1.090902
1.115484
1.110400
1.103496
1.102889
1.090902
1.095985
1.077094
1.098413
1.096592
1.097806
1.097806
1.110400
1.104103
1.095986
1.090295
1.095986
1.104103
1.090902
1.089082
1.090902
1.117304
1.084605
1.110400
1.084605
1.122994
1.097199
1.097806
1.089082
1.109793
1.110400
1.096592
1.116697
1.116697
1.095379
1.089082
1.097199
1.095986
1.089689
1.102283
1.110400
1.091509
1.104103
1.097199
1.110400
1.096592
1.104103
1.110400
1.116090
1.089688
1.102889
1.092722
1.091509
1.102889
1.090295
1.095379
1.090295
1.089688
1.103496
1.104103
1.088475
1.095379
1.083998
1.105317
1.103496
1.102889
1.082785
1.097806
1.117304
1.109793
1.095986
1.097199
1.090902
1.090295
1.103496
1.096592
1.083998
1.082785
1.097199
1.116697
1.095986
1.097806
1.103496
1.077701
1.104710
1.097199
1.095986
1.096592
1.083998
1.095986
1.090295
1.089689
1.103496
1.103496
1.089688
1.099096
