1.096592
1.117304
1.090295
1.109793
1.097806
1.084605
1.090295
1.090902
1.089688
1.098413
1.097806
1.109186
1.097806
1.103496
1.084605
1.111007
1.089689
1.077094
1.091509
1.110400
1.095985
1.095986
1.083391
1.097199
1.116697
1.091509
1.109186
1.097806
1.084605
1.102889
1.089689
1.076488
1.090902
1.116697
1.104103
1.096592
1.109793
1.102283
1.097806
1.098413
1.103496
1.082785
1.102889
1.097199
1.097806
1.102283
1.123601
1.095986
1.091509
1.104103
1.101676
1.083391
1.109793
1.103496
1.111007
1.109186
1.104103
1.103496
1.102889
1.102283
1.089082
1.110400
1.097806
1.110400
1.103496
1.089082
1.116090
1.097806
1.102889
1.090295
1.111007
1.103496
1.096592
1.096592
1.089689
1.089688
1.109793
1.098413
1.117304
1.095379
1.095379
1.096592
1.084605
1.089082
1.117304
1.123601
1.089689
1.089082
1.089688
1.090902
1.083391
1.096592
1.103496
1.090295
1.102283
1.089689
1.097199
1.097806
1.082785
1.104103
1.104103
1.081571
1.110400
1.090295
1.095379
1.104103
1.109186
1.097199
1.090295
1.117304
1.102889
1.110400
1.090295
1.103496
1.102889
1.091509
1.095379
1.083998
1.096592
1.111007
1.110400
1.098413
1.091509
1.116697
1.095986
1.098413
1.096592
1.097806
1.077094
1.102889
1.090902
1.090295
1.083998
1.103496
1.077701
1.090902
1.083998
1.102283
1.109793
1.111007
1.084605
1.089082
1.090295
1.109186
1.104103
1.102889
1.091509
1.089688
1.123601
1.082785
1.082785
1.088475
1.097806
1.110400
1.082785
1.102889
1.095985
1.110400
1.104103
1.109793
1.109793
1.090902
1.097199
1.103496
1.097199
1.091509
1.083998
1.097806
1.095986
1.091509
1.095379
1.089082
1.097806
1.083998
1.104103
1.109793
1.089688
1.104103
1.097199
1.089689
1.097806
1.104103
1.109186
1.109186
1.097806
1.103496
1.097199
1.111614
1.091509
1.103496
1.104710
1.090902
1.104710
1.097806
1.083998
1.090295
1.096592
1.097199
1.102889
1.085212
1.104103
1.090295
1.098413
1.102889
1.103496
1.102889
1.077094
1.109793
1.084605
1.101676
1.102889
1.109186
1.102283
1.110400
1.088475
1.085212
1.095985
1.103496
1.090902
1.102890
1.084605
1.102889
1.095986
1.116090
1.095986
1.096592
1.109793
1.097199
1.096592
1.122387
1.081571
1.098413
1.096592
1.104103
1.090295
1.089688
1.109793
1.105317
1.102283
1.115484
1.105317
1.103496
1.082178
1.123601
1.091509
1.090295
1.109186
1.102889
1.117304
1.090902
1.096592
1.090295
1.084605
1.103496
1.095986
1.096592
1.090295
1.103496
1.096592
1.082784
1.103496
1.104103
1.102889
1.095986
1.103496
1.091509
1.104103
1.104103
1.082785
1.096592
1.090295
1.089082
1.103496
1.116090
1.090902
1.102889
1.095986
1.098413
1.082785
1.083998
1.103496
1.089689
1.089082
1.102889
1.109186
1.089082
1.104710
1.102283
1.090902
1.096592
1.097199
1.116697
1.110400
1.110400
1.082178
1.104103
1.096592
1.092116
1.097806
1.092116
1.097806
1.111614
1.098413
1.096592
1.082178
1.083391
1.104710
1.089689
1.104710
1.097199
1.097806
1.089689
1.103496
1.096592
1.084605
1.089689
1.105317
1.089688
1.102889
1.090902
1.090295
1.095986
1.117304
1.101676
1.103496
1.096592
1.087868
1.102283
1.097199
1.090902
1.090295
1.084605
1.083391
1.098413
1.103496
1.102889
1.109793
1.099096
