1.097806
1.103496
1.102889
1.084605
1.111007
1.110400
1.096592
1.110400
1.090902
1.084605
1.109186
1.089082
1.089082
1.081571
1.103496
1.095986
1.089688
1.085212
1.090295
1.097199
1.103496
1.102889
1.110400
1.098413
1.110400
1.097806
1.097199
1.089082
1.097806
1.095985
1.097199
1.116090
1.094772
1.081571
1.090295
1.085819
1.097199
1.090902
1.078308
1.102889
1.104103
1.082178
1.095379
1.102889
1.102889
1.095986
1.090902
1.089082
1.095986
1.091509
1.083998
1.109793
1.078308
1.130505
1.082785
1.077094
1.090295
1.096592
1.084605
1.097199
1.085819
1.109793
1.098413
1.104710
1.110400
1.097199
1.090295
1.083391
1.097806
1.090902
1.097199
1.097806
1.116090
1.089688
1.102889
1.097199
1.097199
1.095986
1.095986
1.084605
1.096592
1.090295
1.102283
1.102889
1.095986
1.102889
1.098413
1.097806
1.095986
1.103496
1.102889
1.096592
1.096592
1.104710
1.090295
1.103496
1.089082
1.109186
1.089082
1.090295
1.096592
1.089688
1.097199
1.102283
1.097806
1.104103
1.090295
1.102889
1.116090
1.090902
1.089082
1.083391
1.096592
1.096592
1.104710
1.090295
1.111007
1.103496
1.103496
1.089082
1.111007
1.090295
1.103496
1.096592
1.098413
1.090295
1.082785
1.109186
1.117911
1.083391
1.083998
1.083391
1.097199
1.097199
1.109793
1.097199
1.116090
1.089689
1.095379
1.097199
1.104710
1.104710
1.097199
1.085212
1.104710
1.109793
1.103496
1.102283
1.116697
1.096592
1.083998
1.097199
1.096592
1.089689
1.092116
1.102889
1.103496
1.117911
1.090902
1.102889
1.122387
1.096592
1.102283
1.076488
1.109793
1.116697
1.122994
1.104710
1.097199
1.092116
1.096592
1.097806
1.102889
1.102889
1.110400
1.104103
1.090902
1.095986
1.104710
1.122994
1.102889
1.102283
1.116090
1.084605
1.105317
1.110400
1.117304
1.089689
1.098413
1.104710
1.090902
1.090295
1.096592
1.097806
1.111007
1.096592
1.082178
1.095986
1.102889
1.090902
1.103496
1.104103
1.097199
1.090295
1.096592
1.110400
1.084605
1.103496
1.083998
1.103496
1.097806
1.082784
1.090902
1.110400
1.090295
1.096592
1.089688
1.097199
1.105317
1.095986
1.103496
1.096592
1.102889
1.097199
1.116697
1.096592
1.097199
1.089689
1.082785
1.104103
1.102283
1.083998
1.102283
1.097199
1.116090
1.104710
1.092116
1.083998
1.090902
1.095379
1.098413
1.097806
1.097199
1.089082
1.095986
1.104103
1.085212
1.102283
1.091509
1.117911
1.096592
1.096592
1.109186
1.103496
1.089082
1.089688
1.096592
1.104103
1.089689
1.103496
1.096592
1.103496
1.089688
1.104103
1.104103
1.084605
1.110400
1.096592
1.089082
1.097806
1.103496
1.117304
1.104103
1.110400
1.089689
1.110400
1.095985
1.097199
1.082178
1.104103
1.090902
1.122994
1.090902
1.103496
1.115484
1.084605
1.102889
1.083998
1.104710
1.104103
1.103496
1.092116
1.104710
1.083391
1.116090
1.109793
1.089082
1.082785
1.090295
1.103496
1.104103
1.095986
1.082785
1.091509
1.110400
1.109793
1.105317
1.089689
1.089082
1.102889
1.110400
1.082785
1.109187
1.109793
1.097199
1.109793
1.095986
1.102283
1.103496
1.089689
1.103496
1.090295
1.090295
1.077094
1.095379
1.108580
1.090295
1.087868
1.109186
1.083998
1.117304
1.095379
1.083391
1.097806
1.109793
1.099020
1.095986
1.099096
