1.097806
1.083391
1.095986
1.104103
1.083998
1.104710
1.089082
1.122994
1.097199
1.109186
1.097199
1.095986
1.096592
1.104103
1.096592
1.104103
1.096592
1.103496
1.111007
1.109186
1.104103
1.115484
1.091509
1.083391
1.096592
1.095986
1.095986
1.101676
1.097199
1.077094
1.104710
1.109793
1.091509
1.109186
1.103496
1.077094
1.096592
1.103496
1.090902
1.104103
1.090902
1.096592
1.082178
1.090295
1.097199
1.097199
1.090902
1.109793
1.089688
1.091509
1.116697
1.083391
1.082785
1.095986
1.104103
1.103496
1.097806
1.090902
1.090295
1.104103
1.085212
1.116697
1.096592
1.096592
1.097199
1.111007
1.102889
1.090902
1.096592
1.089688
1.090902
1.109793
1.089082
1.090902
1.090295
1.096592
1.096592
1.096592
1.083998
1.110400
1.103496
1.110400
1.096592
1.089082
1.089688
1.097199
1.090902
1.098413
1.103496
1.104710
1.077701
1.103496
1.090902
1.116697
1.082785
1.095379
1.090295
1.102283
1.096592
1.102283
1.097199
1.102889
1.089689
1.109186
1.116090
1.104103
1.111007
1.117304
1.109793
1.110400
1.103496
1.097806
1.077701
1.088475
1.103496
1.103496
1.109186
1.103496
1.089689
1.097806
1.104710
1.096592
1.104103
1.089688
1.087868
1.116090
1.103496
1.091509
1.102889
1.077094
1.077094
1.089082
1.111007
1.083391
1.090295
1.089689
1.116090
1.102889
1.098413
1.104103
1.098413
1.116090
1.109793
1.083998
1.081571
1.104103
1.097199
1.088475
1.097806
1.103496
1.102283
1.097806
1.110400
1.090295
1.102889
1.110400
1.097806
1.077701
1.103496
1.097806
1.095379
1.090902
1.104103
1.104103
1.089689
1.091509
1.101676
1.097806
1.103496
1.097199
1.096592
1.102889
1.110400
1.117911
1.096592
1.097199
1.104103
1.090902
1.096592
1.097199
1.082785
1.084605
1.089689
1.097199
1.090295
1.095986
1.102283
1.096592
1.098413
1.103496
1.102283
1.090295
1.082785
1.083998
1.090902
1.102889
1.116697
1.104103
1.102889
1.090902
1.082785
1.089688
1.104103
1.090902
1.116697
1.096592
1.116697
1.096592
1.091509
1.091509
1.097199
1.083998
1.104103
1.116697
1.089689
1.110400
1.082785
1.122994
1.096592
1.096592
1.089689
1.083391
1.089689
1.077094
1.083391
1.096592
1.104103
1.095986
1.102889
1.077701
1.096592
1.109793
1.096592
1.109793
1.089689
1.109186
1.090295
1.104710
1.104710
1.103496
1.116697
1.116697
1.083391
1.092116
1.117304
1.083998
1.104103
1.089082
1.097199
1.089689
1.104103
1.097806
1.116090
1.104103
1.084605
1.084605
1.116090
1.097199
1.095985
1.090902
1.096592
1.103496
1.109793
1.082785
1.096592
1.104103
1.111614
1.115484
1.097199
1.111007
1.103496
1.103496
1.091509
1.109186
1.089689
1.089689
1.090295
1.097199
1.102283
1.117304
1.104103
1.103496
1.117304
1.102889
1.092116
1.104103
1.104103
1.102889
1.089688
1.090902
1.085212
1.090902
1.095986
1.090902
1.098413
1.103496
1.104103
1.097199
1.109186
1.082178
1.104103
1.111007
1.102889
1.110400
1.085212
1.089082
1.079522
1.104103
1.083998
1.089689
1.095379
1.075881
1.102889
1.110400
1.095986
1.097806
1.082785
1.083998
1.097199
1.103496
1.096592
1.103496
1.083391
1.088475
1.103496
1.095986
1.089082
1.102283
1.104103
1.117304
1.110400
1.102889
1.097806
1.082785
1.090902
1.109793
1.122387
1.099096
