1.089688
1.095986
1.097806
1.104710
1.083391
1.096592
1.110400
1.097199
1.090295
1.095986
1.097806
1.109793
1.089689
1.102283
1.097199
1.083391
1.097199
1.089689
1.109186
1.117304
1.095986
1.103496
1.109793
1.096592
1.111007
1.082178
1.104103
1.085212
1.096592
1.090902
1.117304
1.097199
1.103496
1.096592
1.122994
1.090902
1.084605
1.083391
1.103496
1.123601
1.082178
1.101676
1.103496
1.097199
1.089689
1.110400
1.102889
1.110400
1.097199
1.109793
1.083391
1.090902
1.090295
1.104103
1.089082
1.090295
1.096592
1.082178
1.095985
1.098413
1.102889
1.083998
1.095379
1.103496
1.097199
1.090295
1.091509
1.104103
1.096592
1.129291
1.104710
1.102283
1.104103
1.116697
1.089688
1.097199
1.097806
1.104103
1.089082
1.077094
1.096592
1.102889
1.116697
1.095986
1.084605
1.095986
1.097199
1.104710
1.103496
1.104710
1.096592
1.097199
1.098413
1.090902
1.110400
1.123601
1.116697
1.090295
1.098413
1.089689
1.116090
1.095986
1.103496
1.090295
1.091509
1.117304
1.097199
1.102283
1.116697
1.096592
1.097199
1.075881
1.111007
1.097199
1.111007
1.089688
1.090295
1.103496
1.097806
1.102889
1.091509
1.082785
1.096592
1.090295
1.109793
1.090295
1.090902
1.103496
1.104103
1.097199
1.090902
1.095986
1.097199
1.123601
1.102283
1.089689
1.082785
1.096592
1.111007
1.104103
1.097199
1.103496
1.083998
1.102283
1.092116
1.103496
1.104103
1.096592
1.096592
1.097806
1.095379
1.089688
1.097806
1.089082
1.097806
1.097806
1.102283
1.095379
1.110400
1.102889
1.102283
1.117304
1.090295
1.088475
1.102283
1.095379
1.096592
1.110400
1.109793
1.091509
1.111007
1.090295
1.109186
1.097199
1.085212
1.094772
1.089689
1.102889
1.101676
1.098413
1.095985
1.095986
1.097199
1.095986
1.096592
1.090295
1.090902
1.096592
1.097199
1.096592
1.083998
1.089689
1.116090
1.095379
1.090295
1.083998
1.103496
1.102283
1.103496
1.075881
1.111007
1.097199
1.104710
1.097806
1.104103
1.091509
1.090902
1.090295
1.094772
1.117304
1.102283
1.103496
1.096592
1.091509
1.090295
1.102889
1.109793
1.083391
1.090295
1.096592
1.092116
1.089689
1.096592
1.109186
1.109793
1.103496
1.083998
1.104103
1.110400
1.097806
1.084605
1.089689
1.102889
1.102889
1.090295
1.090902
1.089082
1.097199
1.109793
1.085212
1.111007
1.096592
1.109186
1.097199
1.103496
1.096592
1.092116
1.089689
1.090295
1.102283
1.083391
1.090295
1.104710
1.090902
1.102889
1.083391
1.122994
1.082178
1.083998
1.109793
1.102283
1.117304
1.103496
1.104103
1.096592
1.104103
1.103496
1.092116
1.097199
1.097806
1.090902
1.103496
1.102889
1.089688
1.096592
1.104103
1.092116
1.089688
1.083998
1.089689
1.096592
1.083391
1.090295
1.083998
1.097199
1.116697
1.096592
1.083391
1.110400
1.096592
1.090295
1.083998
1.095985
1.104103
1.090295
1.097806
1.110400
1.097806
1.103496
1.090902
1.090295
1.083391
1.097806
1.096592
1.104103
1.090295
1.109186
1.104103
1.103496
1.097199
1.089082
1.090902
1.102283
1.116697
1.117304
1.090902
1.089689
1.102889
1.085819
1.091509
1.090902
1.104103
1.104103
1.096592
1.108580
1.116697
1.097199
1.088475
1.110400
1.096592
1.090295
1.117304
1.097199
1.103496
1.096592
1.083391
1.104710
1.101119
