1.102889
1.098413
1.109793
1.083998
1.097806
1.090295
1.089082
1.104103
1.098413
1.122387
1.090902
1.083391
1.103496
1.097806
1.096592
1.096592
1.097199
1.115484
1.083391
1.109793
1.103496
1.097199
1.083391
1.116697
1.096592
1.111007
1.095986
1.083998
1.083391
1.102283
1.123601
1.096592
1.090902
1.097806
1.109793
1.096592
1.094772
1.102889
1.096592
1.116697
1.096592
1.096592
1.116697
1.110400
1.084605
1.109186
1.084605
1.102889
1.095986
1.089082
1.097199
1.111614
1.111007
1.102889
1.103496
1.104103
1.104710
1.089082
1.109793
1.096592
1.090295
1.084605
1.097199
1.089688
1.082785
1.096592
1.104710
1.117304
1.090902
1.115484
1.103496
1.102889
1.109793
1.110400
1.104103
1.095986
1.082178
1.109793
1.089082
1.104103
1.083998
1.109793
1.090902
1.091509
1.090295
1.103496
1.083391
1.097199
1.095986
1.095379
1.082785
1.082785
1.083998
1.109187
1.103496
1.097199
1.091509
1.123601
1.097199
1.091509
1.102889
1.096592
1.097199
1.097806
1.089688
1.096592
1.090295
1.089689
1.097199
1.104103
1.085212
1.097806
1.097806
1.091509
1.096592
1.109793
1.089688
1.103496
1.090295
1.104710
1.109793
1.103496
1.096592
1.096592
1.104103
1.090295
1.077094
1.089689
1.104103
1.090295
1.102889
1.082785
1.102889
1.104103
1.109793
1.089689
1.108580
1.109793
1.096592
1.104103
1.083391
1.097806
1.090902
1.097199
1.097199
1.095986
1.117911
1.097199
1.090902
1.104103
1.104710
1.095986
1.089688
1.076488
1.090295
1.082785
1.095986
1.116697
1.091509
1.104103
1.096592
1.089688
1.104710
1.111007
1.109186
1.116697
1.110400
1.083391
1.097806
1.110400
1.089689
1.083998
1.096592
1.109793
1.104103
1.102283
1.090295
1.092116
1.091509
1.097199
1.103496
1.097199
1.090902
1.102889
1.097806
1.096592
1.088475
1.110400
1.077094
1.083998
1.096592
1.096592
1.102889
1.090295
1.082785
1.097806
1.076487
1.095986
1.099020
1.090295
1.109793
1.089688
1.082785
1.090295
1.102889
1.088475
1.096592
1.084605
1.091509
1.109187
1.104710
1.104710
1.097199
1.090902
1.104103
1.090295
1.092116
1.109793
1.095986
1.097199
1.096592
1.083998
1.092116
1.097199
1.082785
1.077701
1.110400
1.102889
1.104103
1.116697
1.116697
1.084605
1.103496
1.090295
1.090902
1.111007
1.083998
1.097199
1.109793
1.097806
1.095379
1.109793
1.095985
1.103496
1.109793
1.082784
1.096592
1.097199
1.117304
1.090902
1.102889
1.097199
1.097806
1.097199
1.090295
1.082785
1.097806
1.089082
1.095986
1.097806
1.109793
1.090902
1.082785
1.104103
1.095986
1.090902
1.110400
1.104103
1.095985
1.104103
1.091509
1.082785
1.116090
1.117304
1.097806
1.102889
1.096592
1.096592
1.101676
1.091509
1.097199
1.097806
1.103496
1.102889
1.090902
1.097199
1.075881
1.104103
1.102283
1.103496
1.090902
1.097199
1.103496
1.090902
1.096592
1.096592
1.083391
1.083391
1.082785
1.109186
1.102283
1.089688
1.117304
1.096592
1.102283
1.109793
1.102889
1.102283
1.103496
1.111614
1.090295
1.102283
1.104103
1.097806
1.109186
1.109186
1.116697
1.111007
1.110400
1.103496
1.095379
1.122994
1.097806
1.111614
1.090902
1.096592
1.085212
1.116697
1.083391
1.090902
1.095986
1.102889
1.102889
1.095986
1.104103
1.089082
1.095986
1.099096
