1.102889
1.092116
1.090902
1.103496
1.076488
1.097199
1.111614
1.095986
1.104710
1.095986
1.097806
1.083998
1.097806
1.098413
1.095986
1.097199
1.110400
1.097199
1.076488
1.102889
1.098413
1.091509
1.110400
1.090295
1.090295
1.095986
1.095986
1.090295
1.089689
1.102889
1.083391
1.104103
1.103496
1.109186
1.103496
1.077094
1.096592
1.124208
1.097806
1.090902
1.089689
1.096592
1.096592
1.096592
1.077701
1.097199
1.103496
1.083391
1.110400
1.097199
1.117304
1.104103
1.095986
1.116697
1.123601
1.103496
1.102889
1.097199
1.116090
1.097199
1.097199
1.090295
1.082785
1.090902
1.109793
1.090295
1.095379
1.097806
1.095986
1.089689
1.097199
1.095986
1.084605
1.109793
1.097806
1.103496
1.097199
1.088475
1.111007
1.103496
1.102889
1.084605
1.095379
1.097199
1.103496
1.090295
1.090902
1.129898
1.083391
1.116697
1.090902
1.103496
1.104710
1.090295
1.095379
1.098413
1.109793
1.102283
1.097806
1.090902
1.103496
1.109793
1.090902
1.104103
1.109793
1.097199
1.103496
1.097199
1.083998
1.083998
1.089689
1.083391
1.102283
1.110400
1.110400
1.090295
1.109793
1.090295
1.103496
1.110400
1.090902
1.104710
1.096592
1.116697
1.090295
1.102283
1.096592
1.089689
1.096592
1.089082
1.109186
1.102889
1.091509
1.095985
1.097199
1.090902
1.090295
1.103496
1.102889
1.104103
1.109186
1.090295
1.116697
1.103496
1.097199
1.102889
1.084605
1.103496
1.089688
1.096592
1.111007
1.090902
1.103496
1.096592
1.096592
1.091509
1.105317
1.095986
1.089082
1.098413
1.102283
1.104103
1.109186
1.104103
1.104103
1.102889
1.111007
1.096592
1.110400
1.110400
1.090902
1.117304
1.096592
1.095986
1.095379
1.101676
1.083998
1.097806
1.104103
1.096592
1.104103
1.102889
1.102283
1.103496
1.090295
1.104103
1.090902
1.089688
1.109186
1.097199
1.109186
1.102283
1.090295
1.096592
1.095986
1.099020
1.104103
1.095986
1.102889
1.088475
1.103496
1.090902
1.103496
1.083998
1.104710
1.096592
1.095379
1.090902
1.090902
1.085212
1.089688
1.123601
1.082785
1.092116
1.095379
1.102889
1.082785
1.083998
1.090295
1.104103
1.117304
1.109793
1.091509
1.083998
1.085212
1.096592
1.097806
1.109793
1.099020
1.096592
1.096592
1.089082
1.090295
1.089082
1.089082
1.104710
1.111007
1.117911
1.103496
1.097199
1.084605
1.111614
1.116697
1.110400
1.090295
1.109793
1.083391
1.103496
1.089688
1.090902
1.090902
1.095986
1.122994
1.089688
1.097199
1.095986
1.109793
1.091509
1.090902
1.089689
1.090295
1.102283
1.085212
1.109793
1.097806
1.091509
1.109793
1.111614
1.089689
1.095986
1.102283
1.109793
1.089689
1.095986
1.096592
1.082178
1.096592
1.076488
1.097199
1.095986
1.123601
1.096592
1.103496
1.110400
1.096592
1.083391
1.096592
1.090295
1.109186
1.089688
1.090295
1.109793
1.090902
1.111007
1.098413
1.096592
1.089082
1.097199
1.110400
1.103496
1.083998
1.096592
1.089082
1.102283
1.103496
1.111007
1.075274
1.097199
1.077701
1.097199
1.089689
1.103496
1.109187
1.096592
1.103496
1.097199
1.082785
1.090902
1.077094
1.082785
1.097199
1.116697
1.109793
1.095986
1.098413
1.078308
1.096592
1.109793
1.089689
1.095986
1.090902
1.097806
1.110400
1.089082
1.116090
1.097199
1.097199
1.120086
