1.090295
1.109793
1.116697
1.109186
1.090902
1.078308
1.116697
1.105317
1.089689
1.084605
1.096592
1.116697
1.111007
1.091509
1.102889
1.096592
1.104103
1.104103
1.096592
1.096592
1.102889
1.089689
1.116697
1.083998
1.104103
1.103496
1.097806
1.083391
1.090902
1.082785
1.097806
1.103496
1.097806
1.103496
1.102889
1.091509
1.095986
1.081571
1.104103
1.092116
1.084605
1.097199
1.110400
1.109186
1.096592
1.099020
1.117304
1.090295
1.095986
1.097199
1.096592
1.083998
1.096592
1.102283
1.110400
1.097199
1.084605
1.095986
1.097199
1.098413
1.096592
1.090902
1.089688
1.110400
1.096592
1.111007
1.116697
1.109187
1.090295
1.097806
1.110400
1.082785
1.090295
1.091509
1.090902
1.097199
1.116697
1.103496
1.097806
1.091509
1.116090
1.088475
1.098413
1.109793
1.097806
1.095986
1.083998
1.102283
1.098413
1.097199
1.110400
1.104710
1.083998
1.089082
1.102283
1.089689
1.091509
1.109793
1.117304
1.104103
1.090295
1.109186
1.104710
1.104103
1.096592
1.089689
1.089688
1.095986
1.102889
1.095986
1.096592
1.089688
1.090295
1.097806
1.078308
1.097806
1.103496
1.090295
1.109793
1.109793
1.096592
1.104103
1.084605
1.116697
1.110400
1.103496
1.082785
1.085819
1.089082
1.089082
1.097806
1.117304
1.109793
1.082785
1.096592
1.090295
1.102889
1.089689
1.110400
1.102889
1.103496
1.097806
1.089689
1.097199
1.110400
1.095379
1.104103
1.089689
1.076488
1.096592
1.103496
1.111007
1.097199
1.095986
1.090902
1.104103
1.097199
1.083391
1.103496
1.104103
1.096592
1.102889
1.084605
1.095379
1.089082
1.111007
1.109793
1.090295
1.090902
1.110400
1.115484
1.083391
1.109793
1.094772
1.102283
1.108580
1.102889
1.116090
1.089689
1.096592
1.116090
1.117304
1.096592
1.077094
1.083391
1.102889
1.110400
1.091509
1.096592
1.089689
1.104103
1.102889
1.089082
1.090295
1.102283
1.096592
1.078308
1.109186
1.095986
1.109186
1.095986
1.102889
1.103496
1.103496
1.083391
1.090902
1.097806
1.091509
1.090295
1.096592
1.110400
1.103496
1.075881
1.083998
1.104103
1.117911
1.095986
1.098413
1.098413
1.109793
1.097199
1.096592
1.117911
1.095986
1.089688
1.097806
1.104710
1.096592
1.095986
1.082785
1.102283
1.110400
1.096592
1.097199
1.104103
1.109793
1.091509
1.092116
1.109793
1.075881
1.078308
1.089688
1.090295
1.117304
1.097806
1.102889
1.082785
1.097806
1.083391
1.090902
1.090295
1.096592
1.095986
1.088475
1.090295
1.097199
1.089082
1.103496
1.097199
1.104710
1.090295
1.097806
1.102889
1.089082
1.089689
1.081571
1.088475
1.090902
1.109186
1.116697
1.091509
1.104103
1.116090
1.117304
1.108580
1.097806
1.097806
1.116697
1.075881
1.103496
1.101676
1.082785
1.096592
1.090902
1.091509
1.102283
1.091509
1.097199
1.090295
1.097199
1.116090
1.097806
1.083998
1.110400
1.083998
1.110400
1.095379
1.077094
1.096592
1.096592
1.097199
1.102889
1.097806
1.103496
1.109793
1.095986
1.095986
1.084605
1.103496
1.097806
1.102283
1.109793
1.097806
1.103496
1.096592
1.110400
1.096592
1.102889
1.102283
1.108580
1.097806
1.103496
1.103496
1.097806
1.083998
1.083998
1.083998
1.097806
1.104103
1.103496
1.096592
1.090295
1.092116
1.090295
1.090902
1.116090
1.103496
1.143099
