1.076874
1.070281
1.166518
1.080526
1.060686
1.090038
1.150550
1.038869
1.056108
1.071671
1.163944
1.068798
1.146468
1.105457
1.134469
1.034329
1.167519
1.099373
1.231703
1.099525
1.064235
1.062367
1.088025
1.139725
1.099078
1.104729
1.124436
1.084903
1.105343
1.070340
1.111195
1.138228
1.086053
1.090178
1.052900
1.073881
1.160874
1.141161
1.131698
1.089703
1.109024
1.091420
1.092653
1.092295
1.137009
1.092510
1.111859
1.108444
1.089737
1.092924
1.113922
1.103038
1.123631
1.098584
1.106550
1.112964
1.097954
1.122930
1.113715
1.094050
1.093271
1.101587
1.113181
1.110803
1.066835
1.065926
1.121902
1.106107
1.094496
1.099992
1.122510
1.133403
1.092421
1.091855
1.131273
1.077231
1.077758
1.074608
1.104183
1.082618
1.090850
1.131116
1.124358
1.107173
1.040631
1.207961
1.127944
1.125143
1.121253
1.050383
1.120916
1.077001
1.087729
1.108168
1.084180
1.069863
1.080860
1.136747
1.115263
1.123921
1.121942
1.092401
1.084751
1.100090
1.110647
1.112201
1.102580
1.102711
1.096378
1.103723
1.106039
1.100957
1.091322
1.091932
1.106240
1.088384
1.097228
1.077716
1.089236
1.039931
1.122981
1.119277
1.151869
1.027122
0.991913
1.131486
1.090038
1.132734
1.177434
1.004889
1.210717
1.201457
1.116941
1.108258
1.154209
1.167532
1.119256
1.090017
1.061269
1.091054
1.107009
1.114990
1.102810
1.102277
1.107055
1.098598
1.096411
1.103128
1.124962
1.084124
1.092037
1.108879
1.079032
1.117870
1.092307
1.122234
1.111428
1.101781
1.092047
1.083494
1.089646
1.141926
1.097537
1.149401
1.077661
1.114249
1.099184
1.081104
1.102726
1.097977
1.116241
1.092109
1.098998
1.103567
1.095312
1.097150
1.091153
1.094810
1.089253
1.147757
1.100420
1.085473
1.081483
1.100462
2.093320
1.057456
1.054847
1.049773
1.150974
1.151692
1.185249
1.182577
1.128331
1.141358
1.117700
1.112569
1.134608
1.072177
1.090682
1.106120
1.099102
1.092137
1.087466
1.098017
1.093949
1.105678
1.064816
1.059754
1.092544
1.079342
1.103798
1.070743
1.158141
1.045382
1.087876
1.048378
0.970315
1.147694
1.150511
1.044688
1.027847
1.193186
1.062539
1.006275
1.084204
1.079187
1.181580
1.085174
1.079249
1.115662
1.211190
1.183692
1.016065
1.068020
1.090950
1.045655
1.112900
1.177681
1.045652
1.144344
1.118451
1.118022
1.136953
1.120122
1.116812
1.079030
1.107936
1.083714
1.113611
1.110851
1.093274
1.102126
1.096156
1.111374
1.134180
1.095437
1.079124
1.109926
1.106098
1.116173
1.099593
1.091931
1.155591
1.078941
1.093250
1.150512
1.079587
1.053531
1.090342
1.113291
1.128540
1.098158
1.101196
1.083034
1.140632
1.124598
1.098272
1.114265
1.103384
1.101820
1.098471
1.098989
1.098970
1.104199
1.104620
1.103189
1.091624
1.088833
1.096912
1.104417
1.113556
1.126442
1.082591
1.102241
1.107942
1.118082
1.110821
1.111256
1.056897
1.119007
1.124879
1.098359
1.129091
1.140842
1.083604
1.112484
1.085076
1.075784
1.097915
1.105406
1.087664
1.096016
1.097457
1.127612
1.112834
1.093172
1.090034
1.111830
1.114379
1.093365
1.121649
1.109132
1.097398
1.098078
1.100387
1.095640
1.084894
1.106198
1.092634
1.116336
1.115560
1.125047
1.129354
1.129228
1.106722
1.137997
1.085097
1.070106
