1.116697
1.117304
1.103496
1.095379
1.089082
1.091509
1.101676
1.109793
1.102889
1.116090
1.103496
1.102889
1.110400
1.085212
1.083391
1.103496
1.102889
1.110400
1.130505
1.090902
1.097199
1.109186
1.085212
1.096592
1.096592
1.111007
1.095986
1.090295
1.129898
1.103496
1.104103
1.090295
1.097199
1.099020
1.111007
1.097199
1.089082
1.116697
1.103496
1.083998
1.097806
1.090902
1.104103
1.077094
1.111007
1.111007
1.115484
1.104103
1.104103
1.102889
1.097806
1.096592
1.084605
1.110400
1.109793
1.102889
1.096592
1.094772
1.090295
1.116090
1.103496
1.111007
1.096592
1.098413
1.097806
1.095985
1.097806
1.102889
1.077701
1.089688
1.116697
1.098413
1.102889
1.103496
1.110400
1.104103
1.083998
1.090295
1.090295
1.109793
1.117304
1.102283
1.090295
1.091509
1.090902
1.102889
1.115484
1.109793
1.083998
1.109793
1.104103
1.102889
1.090902
1.097199
1.095986
1.096592
1.097199
1.103496
1.104103
1.103496
1.075274
1.102889
1.095986
1.090295
1.090902
1.095986
1.085212
1.095985
1.090902
1.090902
1.097199
1.095986
1.090902
1.097199
1.104103
1.081571
1.084605
1.104710
1.085819
1.116697
1.097199
1.104710
1.104103
1.103496
1.074667
1.092723
1.109186
1.089688
1.089082
1.109793
1.096592
1.110400
1.090902
1.103496
1.109793
1.108580
1.089689
1.095379
1.075274
1.109793
1.078915
1.109186
1.095986
1.082785
1.090295
1.082785
1.102889
1.090295
1.102889
1.090295
1.077094
1.090902
1.097806
1.097199
1.102889
1.103496
1.110400
1.089688
1.090295
1.102889
1.102283
1.109186
1.095379
1.109793
1.096592
1.090295
1.111007
1.090902
1.096592
1.089082
1.089688
1.109793
1.083391
1.104103
1.097199
1.099020
1.085819
1.110400
1.109793
1.090295
1.091509
1.110400
1.109186
1.090902
1.110400
1.111007
1.096592
1.089689
1.098413
1.089082
1.111007
1.092116
1.096592
1.110400
1.097199
1.082785
1.109793
1.090902
1.101676
1.111007
1.097199
1.102889
1.095379
1.102889
1.092116
1.096592
1.102283
1.095986
1.104103
1.089689
1.097806
1.096592
1.109186
1.088475
1.090902
1.090902
1.090902
1.103496
1.092116
1.090295
1.096592
1.103496
1.095986
1.104710
1.083391
1.104710
1.102889
1.092116
1.104103
1.110400
1.102889
1.090295
1.090902
1.095986
1.083391
1.096592
1.116697
1.090295
1.096592
1.104710
1.129898
1.097199
1.097199
1.094772
1.096592
1.102283
1.095986
1.097199
1.103496
1.090295
1.089082
1.091509
1.091509
1.089688
1.083391
1.096592
1.089082
1.090295
1.090295
1.089688
1.099020
1.089082
1.090295
1.078308
1.104710
1.103496
1.103496
1.091509
1.111007
1.103496
1.110400
1.104103
1.077701
1.110400
1.102889
1.077701
1.096592
1.103496
1.102283
1.097199
1.096592
1.095986
1.102283
1.083998
1.089689
1.083391
1.104103
1.090295
1.097199
1.097199
1.083998
1.097806
1.090295
1.089082
1.096592
1.088475
1.116090
1.097199
1.103496
1.109793
1.110400
1.097199
1.096592
1.096592
1.102889
1.102889
1.098413
1.090902
1.089689
1.097199
1.102889
1.085212
1.095986
1.109793
1.110400
1.109186
1.110400
1.096592
1.083391
1.097199
1.089688
1.096592
1.103496
1.083998
1.090295
1.102889
1.103496
1.104103
1.090902
1.103496
1.102889
1.089688
1.083998
1.097806
1.090902
1.089688
1.102283
1.076083
