1.096592
1.090295
1.089689
1.097199
1.104103
1.090902
1.109793
1.082785
1.089689
1.101676
1.109793
1.103496
1.096592
1.097199
1.089689
1.129898
1.097199
1.102283
1.097806
1.097199
1.097199
1.102889
1.104103
1.103496
1.117304
1.122994
1.083391
1.095986
1.092116
1.098413
1.096592
1.089082
1.095986
1.102889
1.091509
1.109793
1.103496
1.129291
1.104710
1.104710
1.096592
1.122994
1.082785
1.090295
1.095379
1.096592
1.090295
1.084605
1.117911
1.084605
1.097199
1.094772
1.090295
1.097806
1.096592
1.111007
1.095986
1.103496
1.089688
1.102889
1.104103
1.108580
1.097199
1.089688
1.077701
1.116697
1.095986
1.102889
1.096592
1.096592
1.095986
1.103496
1.095986
1.102889
1.095986
1.089689
1.103496
1.103496
1.097199
1.096592
1.109793
1.082785
1.090902
1.095986
1.097199
1.083391
1.095986
1.111007
1.103496
1.096592
1.090295
1.097199
1.102283
1.096592
1.095986
1.076488
1.096592
1.084605
1.096592
1.117304
1.090295
1.090295
1.091509
1.088475
1.096592
1.096592
1.096592
1.103496
1.077094
1.090295
1.102283
1.090295
1.083391
1.077701
1.083998
1.096592
1.090902
1.097806
1.102889
1.089689
1.096592
1.102889
1.109793
1.089689
1.103496
1.090295
1.123601
1.111007
1.089689
1.089688
1.116697
1.097806
1.095986
1.094772
1.097199
1.097199
1.091509
1.102889
1.084605
1.084605
1.097199
1.089082
1.097199
1.095986
1.095986
1.109186
1.102889
1.098413
1.110400
1.117911
1.103496
1.104103
1.104103
1.082785
1.091509
1.097199
1.111614
1.092116
1.103496
1.097806
1.098413
1.123601
1.085819
1.089688
1.089689
1.090902
1.103496
1.096592
1.103496
1.085212
1.104103
1.090902
1.115484
1.090295
1.089688
1.083391
1.097199
1.090295
1.110400
1.097199
1.090295
1.103496
1.083998
1.110400
1.082785
1.084605
1.097199
1.096592
1.103496
1.095985
1.090295
1.082785
1.095986
1.090902
1.084605
1.116697
1.090902
1.097199
1.082784
1.102283
1.096592
1.089082
1.109186
1.104710
1.111007
1.097806
1.077094
1.097199
1.083391
1.096592
1.109793
1.083998
1.102283
1.110400
1.096592
1.092116
1.117911
1.097199
1.096592
1.095379
1.116090
1.084605
1.102889
1.096592
1.116090
1.104103
1.109793
1.097806
1.103496
1.096592
1.103496
1.116090
1.097806
1.111007
1.110400
1.110400
1.102889
1.090295
1.082785
1.102283
1.090295
1.084605
1.095986
1.097199
1.124208
1.097806
1.105317
1.089689
1.096592
1.096592
1.097806
1.103496
1.109793
1.089082
1.097806
1.109793
1.097806
1.090902
1.109793
1.096592
1.097806
1.089082
1.096592
1.098413
1.103496
1.090295
1.096592
1.103496
1.104103
1.092116
1.097806
1.110400
1.089689
1.084605
1.095379
1.110400
1.103496
1.089689
1.092116
1.096592
1.097199
1.090902
1.097199
1.097806
1.075881
1.095379
1.085212
1.096592
1.109793
1.090295
1.109793
1.090295
1.089689
1.095985
1.096592
1.083391
1.116697
1.095379
1.103496
1.089688
1.103496
1.097806
1.095986
1.096592
1.116697
1.103496
1.090295
1.110400
1.089688
1.090295
1.090902
1.110400
1.109793
1.090295
1.104103
1.117304
1.095986
1.109793
1.090295
1.104103
1.104710
1.097806
1.089689
1.095986
1.102889
1.092116
1.095986
1.095986
1.097806
1.090902
1.097806
1.116697
1.097806
1.104710
1.101676
1.110400
1.122994
1.076083
