1.090902
1.117911
1.116697
1.083391
1.102283
1.103496
1.089688
1.095379
1.095985
1.082785
1.103496
1.088475
1.089688
1.104710
1.103496
1.096592
1.116697
1.104103
1.104103
1.090295
1.096592
1.109186
1.090295
1.083391
1.089082
1.097806
1.090902
1.083998
1.103496
1.117304
1.096592
1.102889
1.109793
1.103496
1.091509
1.097199
1.109186
1.090295
1.090295
1.096592
1.089688
1.090295
1.085212
1.104103
1.090295
1.117911
1.090902
1.091509
1.089082
1.097199
1.097199
1.101676
1.116697
1.102283
1.104103
1.104710
1.082785
1.090295
1.111007
1.117911
1.090902
1.090902
1.097199
1.109793
1.095986
1.097806
1.109793
1.097199
1.089688
1.103496
1.083391
1.081571
1.104710
1.090902
1.109793
1.095986
1.110400
1.097806
1.097199
1.096592
1.095986
1.089689
1.117304
1.089689
1.102889
1.104710
1.097199
1.116090
1.117304
1.103496
1.103496
1.090902
1.109186
1.104103
1.110400
1.116697
1.092116
1.096592
1.102889
1.104103
1.090902
1.096592
1.096592
1.104103
1.097199
1.109793
1.083391
1.090902
1.083391
1.116697
1.103496
1.095986
1.104103
1.089082
1.089689
1.089082
1.104103
1.116697
1.097199
1.109186
1.097199
1.089688
1.117304
1.083391
1.104103
1.088475
1.083998
1.103496
1.103496
1.097806
1.097199
1.095986
1.109793
1.110400
1.097199
1.109793
1.097199
1.097199
1.109186
1.110400
1.110400
1.094772
1.109186
1.085212
1.089689
1.083391
1.095986
1.110400
1.102889
1.110400
1.091509
1.102889
1.083998
1.089082
1.098413
1.095379
1.104103
1.109793
1.103496
1.096592
1.109793
1.103496
1.102889
1.102283
1.077701
1.105317
1.097806
1.111007
1.089689
1.104103
1.097199
1.097806
1.091509
1.116090
1.109793
1.097806
1.097199
1.097806
1.097199
1.089689
1.083391
1.097806
1.101676
1.076488
1.097806
1.102889
1.096592
1.080964
1.091509
1.109793
1.096592
1.109793
1.102889
1.096592
1.097199
1.095379
1.104103
1.082785
1.096592
1.083391
1.082785
1.116090
1.097199
1.095986
1.111007
1.097199
1.096592
1.096592
1.116090
1.097199
1.088475
1.104103
1.097199
1.102283
1.096592
1.083391
1.097806
1.111614
1.077094
1.083998
1.084605
1.082785
1.116090
1.097199
1.089688
1.089082
1.104710
1.096592
1.090295
1.110400
1.103496
1.102283
1.104710
1.104103
1.095379
1.090295
1.089688
1.097806
1.116697
1.110400
1.083998
1.104103
1.097806
1.089082
1.090295
1.097199
1.116090
1.097199
1.109793
1.096592
1.095986
1.102889
1.092116
1.090902
1.104103
1.089082
1.096592
1.083998
1.077701
1.103496
1.082178
1.103496
1.117911
1.098413
1.102889
1.097806
1.102889
1.092723
1.089689
1.097199
1.096592
1.102889
1.098413
1.109793
1.095986
1.082785
1.104710
1.116090
1.097199
1.103496
1.090902
1.090902
1.090295
1.094772
1.096592
1.109793
1.097199
1.090902
1.089082
1.089689
1.109793
1.097806
1.096592
1.097806
1.124208
1.095379
1.085212
1.096592
1.095986
1.103496
1.110400
1.085212
1.083391
1.096592
1.097806
1.091509
1.095986
1.110400
1.082785
1.103496
1.085819
1.095986
1.089688
1.102889
1.089082
1.103496
1.077094
1.096592
1.090295
1.098413
1.096592
1.095379
1.111007
1.096592
1.103496
1.090295
1.090902
1.116697
1.077094
1.092116
1.096592
1.091509
1.084605
1.078308
1.109793
1.091509
1.109186
1.099096
