1.097199
1.097199
1.117304
1.089082
1.083998
1.083998
1.077701
1.117304
1.084605
1.097199
1.089689
1.104710
1.110400
1.109793
1.090295
1.091509
1.103496
1.109793
1.111007
1.090295
1.096592
1.104103
1.090295
1.110400
1.103496
1.096592
1.122994
1.096592
1.091509
1.116697
1.102283
1.096592
1.089689
1.089082
1.103496
1.095986
1.095986
1.095986
1.091509
1.084605
1.096592
1.082785
1.110400
1.111007
1.096592
1.096592
1.104103
1.097199
1.095986
1.090295
1.089689
1.095379
1.104103
1.109793
1.089082
1.110400
1.091509
1.097806
1.096592
1.090295
1.104710
1.091509
1.110400
1.104103
1.097199
1.103496
1.097199
1.096592
1.116090
1.087868
1.097806
1.109793
1.129898
1.116090
1.091509
1.089688
1.095986
1.097806
1.116090
1.092116
1.089082
1.124208
1.084605
1.090902
1.102283
1.104103
1.117304
1.089689
1.104103
1.089689
1.077094
1.098413
1.090295
1.090295
1.095986
1.097199
1.089688
1.084605
1.097806
1.096592
1.089082
1.102889
1.090295
1.116697
1.098413
1.117304
1.110400
1.083998
1.097806
1.103496
1.084605
1.089082
1.123601
1.103496
1.097806
1.104103
1.085212
1.089688
1.097199
1.110400
1.109793
1.103496
1.090295
1.090902
1.103496
1.083391
1.109186
1.095986
1.116090
1.109793
1.096592
1.116090
1.085212
1.089082
1.090902
1.097199
1.104710
1.109186
1.081571
1.097199
1.089082
1.090902
1.109793
1.097199
1.084605
1.097199
1.096592
1.090902
1.111007
1.095986
1.090295
1.089082
1.110400
1.089689
1.088475
1.089082
1.090902
1.089688
1.095379
1.109186
1.103496
1.105317
1.095986
1.103496
1.097199
1.095986
1.097199
1.090902
1.116697
1.096592
1.089082
1.117911
1.095986
1.081571
1.103496
1.097199
1.102889
1.085212
1.090902
1.092116
1.090295
1.091509
1.096592
1.097806
1.103496
1.097806
1.089688
1.104103
1.090295
1.090295
1.102889
1.090295
1.089689
1.103496
1.104103
1.122994
1.102889
1.097806
1.102889
1.109793
1.097199
1.089689
1.110400
1.109793
1.109793
1.096592
1.083998
1.097199
1.104710
1.083391
1.083391
1.089689
1.110400
1.109793
1.111007
1.076488
1.083998
1.085212
1.075274
1.117304
1.096592
1.102889
1.090902
1.109793
1.083998
1.102889
1.089689
1.090295
1.083391
1.078308
1.109793
1.091509
1.096592
1.090295
1.103496
1.102283
1.096592
1.103496
1.102889
1.105317
1.103496
1.103496
1.097806
1.104103
1.110400
1.090902
1.102889
1.104103
1.104103
1.085212
1.095986
1.083391
1.090295
1.103496
1.095986
1.084605
1.095986
1.103496
1.103496
1.097806
1.096592
1.116697
1.116697
1.090295
1.095986
1.109793
1.115484
1.103496
1.097199
1.104710
1.096592
1.109186
1.102889
1.090295
1.083391
1.102889
1.095986
1.103496
1.095986
1.092116
1.096592
1.102283
1.109186
1.122994
1.097199
1.095379
1.110400
1.105317
1.084605
1.104103
1.108580
1.089689
1.097199
1.096592
1.104103
1.102889
1.102283
1.092723
1.096592
1.082785
1.103496
1.090295
1.103496
1.097199
1.097806
1.102889
1.090902
1.116697
1.083998
1.097199
1.102889
1.084605
1.090295
1.089689
1.089689
1.108580
1.082178
1.109793
1.102889
1.095986
1.104710
1.102283
1.102889
1.109186
1.090295
1.085212
1.097806
1.096592
1.096592
1.090295
1.083391
1.076488
1.089688
1.103496
1.104103
1.097199
1.083998
1.099096
