1.090902
1.104103
1.083391
1.090902
1.117304
1.092116
1.090295
1.084605
1.097199
1.089689
1.084605
1.116697
1.109793
1.109793
1.089689
1.081571
1.102283
1.090902
1.122994
1.103496
1.091509
1.109186
1.102889
1.109793
1.084605
1.095986
1.104710
1.103496
1.111007
1.097806
1.096592
1.103496
1.089689
1.083391
1.103496
1.110400
1.089082
1.089689
1.104103
1.090295
1.109793
1.083391
1.110400
1.092116
1.095986
1.109793
1.109793
1.111007
1.096592
1.097806
1.090902
1.097199
1.109793
1.083391
1.097806
1.096592
1.109793
1.090295
1.098413
1.096592
1.104103
1.109793
1.090295
1.102889
1.091509
1.095986
1.098413
1.104103
1.110400
1.090295
1.104710
1.104710
1.102889
1.090295
1.109793
1.089688
1.096592
1.082785
1.090295
1.098413
1.111007
1.097199
1.097199
1.096592
1.104103
1.090295
1.082785
1.103496
1.090295
1.095379
1.097199
1.104103
1.082785
1.097199
1.083391
1.090902
1.082178
1.116090
1.090295
1.103496
1.089082
1.090295
1.089082
1.082785
1.110400
1.109186
1.095986
1.098413
1.091509
1.087868
1.090295
1.090902
1.103496
1.096592
1.104103
1.097199
1.081571
1.096592
1.092116
1.102889
1.083391
1.104710
1.089689
1.097806
1.077701
1.097199
1.081571
1.124208
1.117304
1.089082
1.090902
1.109793
1.090295
1.102889
1.097806
1.096592
1.095986
1.097806
1.095986
1.090295
1.102889
1.096592
1.102889
1.104710
1.083998
1.089689
1.090295
1.104103
1.109186
1.103496
1.098413
1.102889
1.110400
1.108580
1.092116
1.089688
1.090295
1.090902
1.090295
1.102283
1.096592
1.084605
1.102889
1.110400
1.110400
1.102283
1.097199
1.102889
1.124208
1.096592
1.089689
1.102889
1.077094
1.096592
1.096592
1.117304
1.090295
1.103496
1.090295
1.097199
1.097199
1.109793
1.110400
1.083998
1.097199
1.104103
1.097199
1.095986
1.101676
1.097199
1.089082
1.083391
1.095379
1.097199
1.090902
1.090902
1.096592
1.111614
1.109793
1.097806
1.096592
1.075274
1.076488
1.105317
1.090295
1.102889
1.084605
1.109186
1.103496
1.084605
1.111614
1.097806
1.104103
1.090902
1.096592
1.103496
1.095379
1.091509
1.097199
1.122994
1.090295
1.129898
1.091509
1.104710
1.096592
1.082785
1.103496
1.102283
1.104103
1.096592
1.096592
1.095986
1.129291
1.104710
1.083391
1.090902
1.109186
1.089082
1.103496
1.096592
1.097806
1.110400
1.103496
1.097199
1.083998
1.088475
1.116697
1.096592
1.089689
1.109793
1.082785
1.097806
1.116090
1.103496
1.097199
1.103496
1.103496
1.097199
1.116090
1.111614
1.095986
1.116697
1.110400
1.082785
1.109793
1.091509
1.092116
1.096592
1.104710
1.110400
1.089082
1.104103
1.097199
1.097199
1.082785
1.089689
1.109793
1.096592
1.083391
1.109186
1.104710
1.082785
1.103496
1.084605
1.091509
1.104103
1.116697
1.089082
1.097199
1.083998
1.097806
1.090295
1.110400
1.096592
1.103496
1.103496
1.103496
1.096592
1.095986
1.084605
1.096592
1.103496
1.109793
1.097199
1.083391
1.097199
1.090295
1.104103
1.097199
1.083391
1.108580
1.095986
1.096592
1.090902
1.109793
1.090902
1.104103
1.082178
1.097199
1.095379
1.109186
1.082785
1.101676
1.095986
1.091509
1.102889
1.111007
1.097806
1.090295
1.104103
1.097806
1.097199
1.090295
1.091509
1.116697
1.115484
1.109186
1.122109
