1.104103
1.092116
1.083998
1.108580
1.111007
1.103496
1.104103
1.083998
1.092116
1.090902
1.089689
1.095379
1.103496
1.096592
1.085212
1.116697
1.086425
1.116090
1.095986
1.108580
1.102283
1.097199
1.097806
1.116697
1.117304
1.096592
1.109793
1.103496
1.092116
1.090295
1.097199
1.097199
1.090902
1.082178
1.117304
1.104103
1.102889
1.102889
1.082785
1.090902
1.095986
1.081571
1.090295
1.097806
1.109793
1.102889
1.089689
1.090295
1.090902
1.102283
1.089082
1.102283
1.090295
1.103496
1.104710
1.091509
1.104710
1.123601
1.089688
1.104710
1.096592
1.089688
1.090902
1.089688
1.097199
1.097199
1.095986
1.104103
1.116090
1.095379
1.089689
1.088475
1.096592
1.097199
1.084605
1.096592
1.097806
1.090902
1.117304
1.102889
1.117304
1.082785
1.096592
1.103496
1.110400
1.111007
1.095986
1.089688
1.103496
1.104103
1.097199
1.109793
1.089689
1.104103
1.089082
1.090902
1.096592
1.090902
1.089689
1.102889
1.104103
1.109793
1.103496
1.098413
1.096592
1.096592
1.117304
1.084605
1.088475
1.089689
1.088475
1.083998
1.123601
1.089689
1.116090
1.095379
1.116697
1.103496
1.090902
1.085212
1.083998
1.103496
1.090295
1.083391
1.111007
1.090902
1.089082
1.095379
1.102283
1.096592
1.090902
1.117911
1.110400
1.083391
1.084605
1.090295
1.097199
1.097199
1.109793
1.109186
1.097199
1.109793
1.108580
1.104103
1.083391
1.083391
1.103496
1.109186
1.111007
1.096592
1.101676
1.090902
1.090902
1.111007
1.122994
1.104103
1.090902
1.097199
1.090295
1.097199
1.083391
1.095986
1.084605
1.084605
1.116697
1.097199
1.097199
1.102889
1.103496
1.102283
1.099020
1.096592
1.098413
1.096592
1.089082
1.116090
1.089688
1.104103
1.098413
1.104103
1.083391
1.082785
1.111614
1.108580
1.096592
1.090902
1.103496
1.090295
1.103496
1.083391
1.104103
1.096592
1.110400
1.090902
1.098413
1.090295
1.083391
1.122994
1.104103
1.089082
1.097199
1.103496
1.095986
1.102889
1.089082
1.084605
1.088475
1.097199
1.090295
1.090902
1.116697
1.095986
1.090902
1.095379
1.116697
1.104103
1.089688
1.095379
1.090902
1.110400
1.111007
1.102889
1.109793
1.084605
1.104103
1.091509
1.097806
1.090295
1.092116
1.090902
1.109793
1.083391
1.116090
1.110400
1.109186
1.097199
1.083391
1.103496
1.091509
1.103496
1.083391
1.090902
1.104103
1.097199
1.097199
1.089082
1.116090
1.090295
1.116090
1.083391
1.090902
1.095379
1.089689
1.091509
1.111007
1.095379
1.102283
1.088475
1.104103
1.095986
1.096592
1.097806
1.082785
1.083391
1.104710
1.096592
1.110400
1.090295
1.075881
1.090902
1.124208
1.101676
1.104103
1.097199
1.108580
1.097199
1.088475
1.109793
1.104103
1.103496
1.097199
1.097806
1.095379
1.097806
1.097199
1.109793
1.110400
1.098413
1.104710
1.089689
1.097199
1.109793
1.083391
1.102889
1.090295
1.090295
1.096592
1.090295
1.103496
1.111614
1.090902
1.095985
1.090902
1.097199
1.084605
1.095986
1.096592
1.089082
1.103496
1.104103
1.089689
1.090902
1.103496
1.089688
1.117911
1.096592
1.109793
1.109793
1.104103
1.090295
1.105317
1.076487
1.104103
1.110400
1.090295
1.076487
1.090902
1.095986
1.097199
1.103496
1.103496
1.122994
1.085212
1.090902
1.089689
1.096592
1.109186
1.099096
