1.103496
1.091509
1.105317
1.104103
1.110400
1.096592
1.083391
1.109793
1.097199
1.116090
1.090295
1.108580
1.098413
1.083391
1.097199
1.090295
1.111007
1.095986
1.103496
1.095986
1.091509
1.097806
1.088475
1.123601
1.104103
1.103496
1.097199
1.090295
1.096592
1.089688
1.078308
1.089688
1.097806
1.083998
1.104103
1.083391
1.104710
1.095986
1.084605
1.109186
1.099020
1.090902
1.096592
1.104710
1.104103
1.096592
1.097199
1.109793
1.116090
1.116090
1.111614
1.104710
1.083998
1.095986
1.110400
1.109793
1.083998
1.097199
1.097199
1.090902
1.104103
1.111007
1.097199
1.090295
1.083998
1.090295
1.090295
1.090295
1.083391
1.095986
1.097199
1.102889
1.097199
1.095986
1.095986
1.097199
1.091509
1.083998
1.097806
1.098413
1.102889
1.116697
1.091509
1.095986
1.097199
1.102283
1.104710
1.083998
1.097806
1.089082
1.097199
1.109793
1.102283
1.103496
1.104103
1.104710
1.090902
1.103496
1.103496
1.097199
1.089689
1.109793
1.103496
1.103496
1.087868
1.090295
1.097199
1.110400
1.105317
1.090902
1.109793
1.097199
1.075881
1.095985
1.083391
1.089082
1.102283
1.099020
1.116697
1.084605
1.089082
1.089082
1.082785
1.090902
1.083391
1.104103
1.102283
1.097199
1.110400
1.123601
1.097806
1.098413
1.097806
1.097199
1.083391
1.089689
1.097199
1.109793
1.103496
1.103496
1.097806
1.097199
1.102889
1.102889
1.090295
1.096592
1.104103
1.089689
1.103496
1.097199
1.083998
1.083391
1.096592
1.097199
1.102889
1.082785
1.097199
1.076488
1.095986
1.095986
1.104103
1.082785
1.083998
1.089082
1.085212
1.097806
1.129898
1.089082
1.102889
1.097199
1.116090
1.102889
1.103496
1.102889
1.103496
1.090295
1.110400
1.085819
1.099020
1.102889
1.117911
1.110400
1.109793
1.090295
1.097199
1.089689
1.095986
1.090295
1.104103
1.098413
1.082785
1.097199
1.102889
1.104103
1.104103
1.089082
1.090902
1.110400
1.097199
1.102283
1.096592
1.109186
1.094772
1.102889
1.110400
1.116090
1.097806
1.097199
1.103496
1.111007
1.111007
1.110400
1.109186
1.084605
1.103496
1.116090
1.095986
1.110400
1.088475
1.089689
1.096592
1.096592
1.105317
1.097199
1.090295
1.078308
1.089082
1.089689
1.101676
1.088475
1.097806
1.104710
1.097806
1.097806
1.089082
1.096592
1.089689
1.088475
1.104103
1.090295
1.096592
1.083998
1.095986
1.109793
1.091509
1.102889
1.097806
1.104103
1.110400
1.097199
1.089082
1.117911
1.094772
1.090902
1.103496
1.082785
1.084605
1.104710
1.104710
1.090295
1.103496
1.090902
1.083998
1.108580
1.110400
1.104103
1.083391
1.103496
1.102889
1.102889
1.097806
1.095379
1.097806
1.102283
1.095986
1.116090
1.103496
1.102889
1.102889
1.097199
1.090295
1.109187
1.110400
1.097806
1.110400
1.096592
1.090902
1.091509
1.095985
1.103496
1.102889
1.089688
1.104710
1.108580
1.083391
1.083998
1.085212
1.109793
1.110400
1.090902
1.089689
1.089689
1.116697
1.102889
1.097806
1.095986
1.097806
1.103496
1.104103
1.083391
1.090295
1.122994
1.108580
1.096592
1.097199
1.109186
1.090295
1.102889
1.103496
1.103496
1.096592
1.095985
1.090295
1.095986
1.103496
1.109793
1.081571
1.077094
1.110400
1.097199
1.084605
1.082785
1.110400
1.075274
1.089689
1.104103
1.097199
1.120086
