1.089689
1.089688
1.082178
1.083998
1.104103
1.097199
1.109793
1.111007
1.102889
1.109793
1.097806
1.102889
1.110400
1.096592
1.096592
1.090902
1.098413
1.103496
1.096592
1.102889
1.103496
1.102283
1.111007
1.110400
1.088475
1.110400
1.097199
1.105317
1.090295
1.130505
1.122387
1.095985
1.084605
1.109793
1.105317
1.080964
1.097806
1.109186
1.090295
1.110400
1.096592
1.078308
1.103496
1.104103
1.089688
1.097199
1.097199
1.095379
1.102283
1.090295
1.096592
1.111007
1.097199
1.109186
1.116090
1.104103
1.097806
1.083998
1.096592
1.096592
1.090295
1.089082
1.097199
1.095986
1.103496
1.083391
1.103496
1.103496
1.090902
1.082785
1.111007
1.083391
1.104103
1.116697
1.096592
1.109793
1.095379
1.095986
1.097199
1.103496
1.096592
1.109793
1.102889
1.104103
1.090295
1.122994
1.091509
1.083998
1.104103
1.077701
1.096592
1.109793
1.109793
1.110400
1.098413
1.090295
1.090295
1.103496
1.104103
1.109186
1.082785
1.103496
1.103496
1.090902
1.104103
1.090295
1.090902
1.090295
1.097806
1.082178
1.103496
1.090902
1.097199
1.077094
1.090902
1.110400
1.096592
1.116697
1.097806
1.090902
1.104103
1.103496
1.083391
1.090902
1.082785
1.097199
1.082178
1.077701
1.103496
1.095986
1.104103
1.110400
1.098413
1.090902
1.091509
1.095986
1.102283
1.090902
1.090295
1.098413
1.109793
1.110400
1.084605
1.084605
1.109793
1.082785
1.109793
1.083391
1.090295
1.102889
1.090902
1.103496
1.116090
1.109793
1.117911
1.091509
1.109793
1.103496
1.109186
1.102889
1.097199
1.102889
1.102283
1.095986
1.103496
1.098413
1.122994
1.104710
1.096592
1.103496
1.103496
1.095985
1.110400
1.091509
1.102889
1.077094
1.095986
1.095986
1.109793
1.111614
1.090902
1.109793
1.089689
1.097199
1.096592
1.116697
1.102889
1.083998
1.090295
1.091509
1.097199
1.102283
1.089689
1.089082
1.097199
1.111007
1.083998
1.092116
1.102889
1.102889
1.095986
1.101676
1.104103
1.096592
1.109793
1.102283
1.097199
1.097199
1.077094
1.090902
1.089082
1.089688
1.089689
1.109186
1.084605
1.095379
1.104710
1.095986
1.089689
1.090295
1.090902
1.096592
1.096592
1.097199
1.104710
1.089689
1.095986
1.096592
1.103496
1.090902
1.095986
1.091509
1.095379
1.082785
1.097199
1.103496
1.083998
1.091509
1.097199
1.096592
1.097199
1.109186
1.097199
1.090902
1.090902
1.104103
1.089082
1.102889
1.104103
1.103496
1.077094
1.090902
1.096592
1.083391
1.097806
1.089689
1.109793
1.096592
1.097199
1.089688
1.095379
1.109186
1.091509
1.102889
1.098413
1.083998
1.097199
1.082785
1.088475
1.095986
1.090295
1.095986
1.082784
1.104103
1.092116
1.097199
1.084605
1.095986
1.095986
1.090295
1.104103
1.090902
1.090902
1.082785
1.090902
1.096592
1.102889
1.102889
1.102889
1.110400
1.110400
1.104710
1.083998
1.084605
1.090902
1.109793
1.109187
1.096592
1.109793
1.123601
1.095986
1.117304
1.089082
1.104710
1.097806
1.097199
1.096592
1.103496
1.103496
1.095986
1.129291
1.122994
1.111007
1.115484
1.097806
1.089689
1.102889
1.102889
1.102890
1.117304
1.091509
1.090295
1.110400
1.095986
1.089689
1.091509
1.109793
1.090295
1.104710
1.102889
1.097806
1.090902
1.110400
1.103496
1.084605
1.078308
1.085212
1.076083
