1.051722
1.116331
1.144778
1.137112
1.093234
1.092840
1.064748
1.050196
1.093223
1.118551
1.054779
1.093995
1.193665
1.176833
1.029166
1.005764
1.158648
1.056760
1.130318
1.104315
1.096473
1.165621
1.099562
1.037121
0.997686
1.252145
1.128619
1.056215
1.126114
1.147696
1.104922
1.089277
1.083820
1.114485
1.085397
1.124350
1.065139
1.113514
1.136676
1.091562
1.131107
1.095767
1.104745
1.138381
1.092324
1.111884
1.103300
1.097552
1.101704
1.127198
1.081189
1.119354
1.091153
1.076245
1.090418
1.107239
1.095980
1.102402
1.096987
1.062825
1.089620
1.110730
1.119725
1.059417
1.058758
1.070408
1.089909
1.054819
1.166682
0.976232
1.092257
1.158858
1.113132
1.161400
1.241253
1.114695
0.998972
1.126907
1.055862
1.059722
1.078167
1.077720
1.106430
1.091200
1.091745
1.091070
1.028613
1.123480
1.075036
1.108036
1.057676
1.177865
1.124452
1.155212
1.077549
1.132615
1.079510
1.148263
1.108073
1.092141
1.090325
1.103150
1.092236
1.113076
1.106748
1.092027
1.096758
1.094955
1.098205
1.095340
1.108378
1.105433
1.085301
1.095792
1.086076
1.096775
1.084837
1.083834
1.128764
1.114805
1.040575
1.073912
1.140622
1.150073
1.076038
1.132839
1.110755
1.115940
1.057934
1.094847
1.115239
1.059594
1.073807
1.093222
1.082702
1.118799
1.090709
1.071651
1.089721
1.105580
1.055001
1.081723
1.051873
1.032727
1.058398
1.045517
1.127823
1.159611
1.145617
1.145404
1.129459
1.156124
1.079054
1.165989
1.093143
1.099148
1.072315
1.195356
1.085057
1.099831
1.187995
1.080369
1.180610
1.125971
1.183947
1.023477
1.125159
1.089684
1.160150
1.116690
1.117307
1.131042
1.090829
1.171820
1.145006
1.057473
1.085418
1.093632
1.116947
1.144085
1.030404
1.066977
1.170743
1.118092
1.117300
1.062671
1.090224
1.059794
1.139955
1.136360
1.134474
1.154924
1.152121
1.104267
1.110293
1.090640
1.103964
1.096694
1.097937
1.099951
1.094764
1.093928
1.118268
1.099257
1.100929
1.098818
1.112258
1.105456
1.109512
1.104389
1.098681
1.100178
1.101353
1.111842
1.088773
1.097882
1.101435
1.129827
1.088277
1.089669
1.111679
1.110572
1.127193
1.083524
1.110600
1.091674
1.101326
1.103204
1.099869
1.079934
1.073725
1.137907
1.150707
1.099248
1.113877
1.079391
1.061110
1.068253
1.138793
1.074523
1.094967
1.117956
1.147175
1.117455
1.101756
1.098712
1.131252
1.145741
1.161530
1.135395
1.083841
1.095151
1.103221
1.098532
1.102455
1.110523
1.096803
1.098337
1.106859
1.096868
1.100884
1.095423
1.095509
1.106564
1.098571
1.099376
1.099880
1.098871
1.098119
1.103994
1.090091
1.101056
1.097456
1.096624
1.078625
1.127639
1.097694
1.112668
1.094020
1.084145
1.141068
1.090418
1.122255
1.103048
1.070122
1.092717
1.082858
1.112293
1.074694
1.086593
1.096648
1.089554
1.133288
1.119436
1.153474
1.150109
1.111734
1.109253
1.106778
1.095701
1.093247
1.103334
1.086774
1.108285
1.130628
1.103436
1.101452
1.080679
1.075290
1.082434
1.117526
1.139371
1.097550
1.083022
1.146249
1.078161
1.100984
1.068306
1.114684
1.065871
1.064718
1.107500
1.089490
1.136114
1.089180
1.153921
1.139223
1.064429
1.177833
1.065016
1.114660
1.077089
1.050507
1.050787
1.062058
1.125877
1.091542
1.049032
