1.089689
1.095379
1.095379
1.104710
1.092722
1.097806
1.095986
1.104103
1.097806
1.091509
1.097199
1.111007
1.111007
1.109793
1.082178
1.096592
1.111007
1.097199
1.090902
1.096592
1.103496
1.097806
1.104103
1.091509
1.103496
1.085212
1.096592
1.090295
1.096592
1.104103
1.111007
1.095379
1.102889
1.090902
1.103496
1.095986
1.095986
1.096592
1.103496
1.089082
1.109186
1.103496
1.097806
1.097199
1.095985
1.083998
1.084605
1.102889
1.103496
1.109186
1.103496
1.098413
1.095986
1.109187
1.084605
1.102889
1.097199
1.095986
1.097199
1.104710
1.102283
1.095985
1.084605
1.083998
1.089688
1.089688
1.095986
1.095986
1.097806
1.095986
1.090295
1.089689
1.109793
1.095379
1.090295
1.095986
1.096592
1.109793
1.077701
1.111007
1.089688
1.111007
1.111007
1.096592
1.092116
1.103496
1.097199
1.090902
1.097199
1.098413
1.096592
1.090295
1.104103
1.109793
1.102889
1.102283
1.104710
1.096592
1.104103
1.095379
1.097806
1.091509
1.096592
1.109793
1.089689
1.090295
1.095986
1.103496
1.116697
1.103496
1.097199
1.083998
1.097199
1.102889
1.109793
1.116697
1.090295
1.095986
1.083998
1.084605
1.097806
1.117304
1.076488
1.084605
1.090902
1.102283
1.103496
1.089688
1.096592
1.097199
1.109793
1.103496
1.110400
1.095986
1.102889
1.089688
1.097199
1.097806
1.102283
1.102889
1.102283
1.109793
1.104710
1.090902
1.102283
1.090902
1.098413
1.096592
1.091509
1.103496
1.089689
1.089688
1.095985
1.109793
1.089688
1.096592
1.103496
1.116697
1.096592
1.116090
1.104710
1.111007
1.117304
1.096592
1.096592
1.089688
1.089689
1.096592
1.097806
1.103496
1.095986
1.109793
1.116090
1.085212
1.109186
1.111007
1.084605
1.097806
1.103496
1.090295
1.091509
1.117911
1.082785
1.085212
1.095985
1.090295
1.090902
1.096592
1.096592
1.095986
1.095986
1.095986
1.092116
1.096592
1.077094
1.090295
1.084605
1.097199
1.102889
1.090902
1.102889
1.096592
1.124208
1.096592
1.089082
1.097199
1.095379
1.116697
1.103496
1.097806
1.095379
1.085212
1.090295
1.083998
1.096592
1.104103
1.102283
1.090295
1.102283
1.097199
1.104103
1.097199
1.116697
1.104103
1.089689
1.111614
1.090295
1.091509
1.095986
1.103496
1.109186
1.084605
1.082178
1.096592
1.090295
1.109793
1.096592
1.090295
1.110400
1.097806
1.075274
1.097806
1.089689
1.096592
1.097199
1.097199
1.089689
1.123601
1.082785
1.104103
1.097199
1.090902
1.095986
1.095986
1.090295
1.096592
1.090295
1.122994
1.096592
1.090902
1.110400
1.102283
1.089082
1.103496
1.090902
1.117304
1.097199
1.108580
1.102889
1.090902
1.096592
1.111007
1.110400
1.082178
1.083391
1.089688
1.097199
1.103496
1.103496
1.104710
1.109793
1.090295
1.109187
1.089082
1.111007
1.083998
1.109186
1.089688
1.089688
1.104103
1.116090
1.077094
1.090902
1.102889
1.109793
1.092116
1.103496
1.110400
1.089688
1.110400
1.091509
1.097199
1.089082
1.115484
1.083391
1.083391
1.097199
1.082785
1.111007
1.097199
1.083998
1.116697
1.111007
1.097806
1.095985
1.083998
1.089688
1.104103
1.050313
1.117911
1.096592
1.090295
1.102889
1.103496
1.083998
1.092116
1.110400
1.104710
1.110400
1.090295
1.110400
1.089688
1.104103
1.102889
1.090902
1.090902
1.109793
1.120086
