1.097806
1.083391
1.103496
1.104103
1.096592
1.076487
1.082178
1.109186
1.103496
1.090295
1.109186
1.090902
1.089082
1.102889
1.102889
1.083391
1.090902
1.097806
1.103496
1.089689
1.090902
1.117304
1.104103
1.111007
1.109793
1.090295
1.103496
1.109793
1.089688
1.103496
1.102283
1.096592
1.084605
1.116697
1.089688
1.089689
1.092116
1.090902
1.085819
1.096592
1.089688
1.116090
1.095379
1.102889
1.083998
1.103496
1.084605
1.095986
1.102889
1.096592
1.096592
1.090902
1.096592
1.095379
1.096592
1.097806
1.104103
1.083998
1.102283
1.091509
1.089689
1.089689
1.102889
1.104710
1.095379
1.097199
1.102889
1.122387
1.103496
1.097199
1.097199
1.083998
1.110400
1.101676
1.076487
1.122994
1.088475
1.096592
1.090902
1.104103
1.104710
1.103496
1.096592
1.103496
1.090295
1.104710
1.109186
1.090295
1.077094
1.091509
1.083391
1.097199
1.103496
1.095379
1.109186
1.102889
1.117304
1.116697
1.084605
1.091509
1.109186
1.097199
1.122994
1.097806
1.083391
1.095986
1.097806
1.104710
1.089688
1.110400
1.116697
1.111007
1.097806
1.097199
1.097199
1.095986
1.090902
1.111614
1.104103
1.104103
1.090295
1.083998
1.109186
1.102889
1.082785
1.102283
1.077701
1.102889
1.090295
1.102889
1.123601
1.084605
1.089689
1.110400
1.096592
1.110400
1.098413
1.102889
1.075881
1.104103
1.103496
1.116090
1.097199
1.095379
1.103496
1.090902
1.122994
1.103496
1.096592
1.104710
1.103496
1.095379
1.104103
1.097199
1.090295
1.092116
1.096592
1.083391
1.092116
1.110400
1.122994
1.103496
1.104103
1.096592
1.116697
1.096592
1.096592
1.111007
1.102889
1.095986
1.097199
1.090902
1.078308
1.090295
1.095986
1.102889
1.090295
1.109186
1.109186
1.096592
1.090295
1.103496
1.110400
1.089688
1.117304
1.103496
1.104710
1.110400
1.102889
1.096592
1.089082
1.095986
1.095986
1.103496
1.089688
1.109186
1.082785
1.083391
1.089689
1.095379
1.102283
1.103496
1.096592
1.083998
1.104103
1.096592
1.110400
1.102889
1.097199
1.097199
1.111007
1.089688
1.103496
1.077701
1.104103
1.104103
1.083391
1.083391
1.089689
1.095986
1.097199
1.090295
1.095986
1.103496
1.102889
1.085819
1.084605
1.103496
1.097199
1.104103
1.111007
1.095986
1.090295
1.090295
1.090295
1.103496
1.090295
1.104103
1.084605
1.103496
1.084605
1.090902
1.078308
1.097199
1.097806
1.085212
1.110400
1.089082
1.102889
1.103496
1.103496
1.103496
1.096592
1.083998
1.082785
1.104710
1.104103
1.090295
1.095986
1.089688
1.092116
1.083391
1.083391
1.090902
1.116090
1.102889
1.111007
1.098413
1.095986
1.090902
1.096592
1.082785
1.098413
1.111007
1.089689
1.103496
1.122994
1.097199
1.104103
1.122994
1.085212
1.096592
1.095986
1.130505
1.092116
1.103496
1.104710
1.102889
1.091509
1.096592
1.111007
1.082785
1.117304
1.097199
1.096592
1.102889
1.102283
1.089082
1.104710
1.091509
1.097199
1.096592
1.095379
1.082785
1.097806
1.083391
1.103496
1.097806
1.090295
1.102889
1.096592
1.081571
1.104710
1.110400
1.102283
1.096592
1.090295
1.117304
1.110400
1.104103
1.085212
1.103496
1.097199
1.116697
1.089689
1.083998
1.102283
1.102889
1.089082
1.095986
1.117304
1.097199
1.102283
1.089082
1.085212
1.097199
1.082785
1.099096
