1.117304
1.110400
1.075881
1.102283
1.075881
1.104103
1.083391
1.096592
1.104710
1.111007
1.104103
1.090902
1.096592
1.090902
1.096592
1.104103
1.089689
1.103496
1.090295
1.096592
1.102283
1.090295
1.097199
1.109793
1.116697
1.097806
1.091509
1.104103
1.084605
1.096592
1.084605
1.096592
1.104710
1.103496
1.102889
1.089082
1.097199
1.103496
1.097199
1.092116
1.109186
1.097199
1.083998
1.089689
1.096592
1.109793
1.117304
1.102889
1.097199
1.097199
1.095379
1.088475
1.098413
1.102283
1.109186
1.103496
1.083998
1.095379
1.096592
1.103496
1.116697
1.089689
1.110400
1.089689
1.091509
1.095379
1.116697
1.097806
1.083998
1.097806
1.092116
1.109793
1.111007
1.096592
1.095986
1.076488
1.098413
1.095379
1.089082
1.102889
1.104710
1.124208
1.102889
1.110400
1.097199
1.089082
1.104710
1.088475
1.103496
1.089688
1.090902
1.102889
1.090902
1.095986
1.110400
1.111007
1.090295
1.078308
1.097199
1.095379
1.108580
1.104103
1.084605
1.103496
1.082178
1.097806
1.090295
1.097806
1.089689
1.097199
1.090902
1.095986
1.077701
1.096592
1.090902
1.083998
1.083998
1.096592
1.109186
1.095986
1.076488
1.103496
1.089689
1.095986
1.083391
1.097806
1.095986
1.082785
1.083391
1.089688
1.102889
1.122994
1.108580
1.097806
1.084605
1.090902
1.091509
1.090902
1.098413
1.109793
1.095986
1.116090
1.097199
1.097199
1.109186
1.097199
1.089688
1.089689
1.097806
1.104103
1.090295
1.089688
1.110400
1.083391
1.102283
1.104710
1.083391
1.090902
1.095985
1.092116
1.090295
1.097199
1.117304
1.096592
1.090902
1.110400
1.089082
1.103496
1.096592
1.090295
1.116697
1.095986
1.104103
1.103496
1.102283
1.104710
1.108580
1.089688
1.082785
1.122994
1.109186
1.102283
1.097199
1.084605
1.104710
1.122994
1.123601
1.090902
1.111007
1.090295
1.096592
1.090295
1.090295
1.102889
1.102283
1.097806
1.083998
1.090902
1.104103
1.104103
1.084605
1.091509
1.095986
1.102889
1.110400
1.104710
1.124208
1.090295
1.096592
1.109793
1.097199
1.089082
1.089689
1.083391
1.117304
1.097806
1.109793
1.104103
1.102283
1.111007
1.082785
1.097806
1.116697
1.102889
1.108580
1.090902
1.089082
1.096592
1.097199
1.096592
1.096592
1.096592
1.090295
1.090902
1.089688
1.110400
1.095986
1.097199
1.109186
1.097806
1.122994
1.089082
1.102889
1.084605
1.104103
1.096592
1.077094
1.090295
1.083998
1.095986
1.097199
1.095986
1.083998
1.102889
1.083998
1.090295
1.117304
1.104710
1.103496
1.116090
1.116697
1.102889
1.090295
1.096592
1.102889
1.088475
1.095986
1.089689
1.090295
1.105317
1.110400
1.091509
1.116090
1.091509
1.084605
1.090295
1.104710
1.088475
1.102283
1.129898
1.096592
1.083998
1.108580
1.096592
1.089082
1.116090
1.110400
1.095986
1.090295
1.084605
1.096592
1.097806
1.090295
1.090902
1.083998
1.096592
1.103496
1.084605
1.103496
1.111007
1.109793
1.116697
1.104103
1.104103
1.097199
1.090902
1.091509
1.096592
1.110400
1.116090
1.095986
1.090902
1.096592
1.096592
1.090902
1.096592
1.097199
1.096592
1.104710
1.091509
1.089689
1.109186
1.104710
1.096592
1.103496
1.084605
1.117304
1.102889
1.091509
1.090295
1.090295
1.104103
1.083998
1.117304
1.103496
1.096592
1.102283
1.101119
