1.091509
1.096592
1.103496
1.097199
1.095379
1.083998
1.085212
1.090902
1.090902
1.090902
1.096592
1.089082
1.111007
1.089688
1.097806
1.097199
1.102283
1.109793
1.110400
1.110400
1.090295
1.077701
1.082785
1.103496
1.095379
1.117304
1.115484
1.103496
1.090902
1.089688
1.077094
1.109793
1.090902
1.095986
1.090902
1.090902
1.110400
1.097199
1.089082
1.110400
1.097806
1.085212
1.116090
1.101676
1.102283
1.091509
1.083391
1.103496
1.091509
1.105317
1.104103
1.104103
1.111007
1.083998
1.102889
1.103496
1.101676
1.097199
1.097199
1.103496
1.109793
1.095986
1.103496
1.110400
1.103496
1.097199
1.097199
1.089688
1.097199
1.111007
1.102283
1.111007
1.102283
1.096592
1.116090
1.084605
1.102889
1.090295
1.090902
1.089082
1.097199
1.097199
1.103496
1.103496
1.082178
1.082178
1.111007
1.095986
1.110400
1.109793
1.095379
1.096592
1.097199
1.083998
1.084605
1.097806
1.090902
1.117304
1.089689
1.095986
1.097199
1.103496
1.103496
1.096592
1.098413
1.116090
1.129898
1.099020
1.097806
1.102889
1.089689
1.076488
1.116697
1.109793
1.109186
1.089688
1.104103
1.109186
1.083998
1.098413
1.089082
1.102283
1.103496
1.095379
1.095986
1.109793
1.102889
1.103496
1.090295
1.103496
1.103496
1.089082
1.083998
1.110400
1.083998
1.103496
1.096592
1.111007
1.097806
1.102889
1.089082
1.097199
1.103496
1.090902
1.083391
1.090295
1.084605
1.096592
1.102283
1.090295
1.111614
1.109793
1.097806
1.090902
1.075881
1.102889
1.104710
1.104710
1.097806
1.089688
1.111007
1.097199
1.091509
1.090295
1.091509
1.104103
1.090902
1.097806
1.091509
1.096592
1.090295
1.090295
1.084605
1.103496
1.083998
1.085819
1.082785
1.089082
1.089689
1.103496
1.076487
1.123601
1.103496
1.109186
1.090902
1.096592
1.097199
1.103496
1.116697
1.102889
1.117304
1.110400
1.109793
1.097806
1.097199
1.103496
1.116697
1.096592
1.090902
1.090902
1.084605
1.122994
1.095379
1.104103
1.092116
1.110400
1.083998
1.089688
1.085212
1.109793
1.088475
1.090902
1.103496
1.092116
1.103496
1.104103
1.096592
1.089689
1.090902
1.104710
1.103496
1.102889
1.096592
1.082785
1.104103
1.105317
1.097199
1.095379
1.097199
1.083998
1.089082
1.090295
1.098413
1.116697
1.103496
1.102283
1.109186
1.089688
1.097806
1.109793
1.082785
1.090902
1.104103
1.102889
1.082785
1.083391
1.110400
1.084605
1.077701
1.097199
1.090295
1.090902
1.097199
1.090295
1.095986
1.089688
1.095986
1.096592
1.092116
1.104103
1.110400
1.102889
1.109793
1.097806
1.116697
1.110400
1.088475
1.088475
1.110400
1.095379
1.083998
1.090902
1.102889
1.102889
1.076487
1.089688
1.104710
1.090295
1.104710
1.109186
1.102889
1.090902
1.102889
1.096592
1.109793
1.102283
1.097199
1.096592
1.116697
1.109793
1.076487
1.089689
1.090295
1.103496
1.111007
1.097199
1.096592
1.090295
1.096592
1.097199
1.089688
1.103496
1.090295
1.102889
1.090902
1.083998
1.090295
1.096592
1.109793
1.091509
1.116090
1.102889
1.090295
1.102283
1.102889
1.094772
1.085819
1.102283
1.089689
1.104103
1.104710
1.090902
1.103496
1.096592
1.116697
1.110400
1.095379
1.116697
1.101676
1.104710
1.089082
1.096592
1.122994
1.110400
1.076488
1.095986
1.102889
1.101119
