1.103496
1.096592
1.095986
1.097199
1.096592
1.110400
1.097199
1.095986
1.104710
1.109186
1.077094
1.097199
1.083998
1.089082
1.116090
1.117304
1.117304
1.095379
1.097199
1.109186
1.104103
1.091509
1.097199
1.111007
1.122994
1.103496
1.102282
1.111007
1.096592
1.110400
1.090295
1.116697
1.083998
1.103496
1.103496
1.109793
1.098413
1.104103
1.103496
1.095986
1.103496
1.103496
1.115484
1.109186
1.095986
1.104103
1.090295
1.085212
1.097199
1.097199
1.090295
1.095986
1.123601
1.116697
1.109793
1.103496
1.090902
1.111007
1.090295
1.095379
1.089082
1.096592
1.091509
1.110400
1.117911
1.096592
1.091509
1.104103
1.104710
1.090295
1.104103
1.083391
1.095379
1.089689
1.102889
1.096592
1.102283
1.111007
1.095379
1.088475
1.109793
1.082785
1.109793
1.097199
1.097199
1.109793
1.102283
1.085212
1.097199
1.097806
1.097806
1.089688
1.105317
1.096592
1.097199
1.110400
1.104103
1.092116
1.102283
1.109186
1.097806
1.109793
1.083998
1.095986
1.129898
1.095986
1.104103
1.103496
1.090902
1.109186
1.095379
1.104710
1.096592
1.104103
1.104710
1.103496
1.091509
1.102889
1.096592
1.089689
1.079522
1.109793
1.095986
1.116090
1.088475
1.097199
1.096592
1.104103
1.102889
1.090902
1.117304
1.109793
1.090902
1.102889
1.083998
1.090295
1.097199
1.096592
1.089689
1.090902
1.103496
1.109793
1.083391
1.090295
1.089082
1.090902
1.090295
1.082785
1.090902
1.096592
1.116697
1.116697
1.077701
1.083998
1.090295
1.089082
1.084605
1.115484
1.083998
1.097199
1.097199
1.102889
1.090295
1.096592
1.083391
1.109187
1.090295
1.089082
1.088475
1.096592
1.095379
1.102283
1.104103
1.102283
1.095986
1.097199
1.104103
1.104103
1.096592
1.117304
1.089688
1.104103
1.104103
1.096592
1.084605
1.083998
1.103496
1.103496
1.103496
1.109186
1.090295
1.090902
1.082785
1.095986
1.104103
1.104103
1.102889
1.082178
1.096592
1.104710
1.090902
1.103496
1.095986
1.090295
1.103496
1.110400
1.096592
1.095986
1.088475
1.089689
1.091509
1.083391
1.109793
1.084605
1.110400
1.096592
1.078308
1.102889
1.098413
1.104103
1.102283
1.089689
1.090295
1.089688
1.111007
1.077094
1.096592
1.103496
1.090902
1.104103
1.091509
1.096592
1.091509
1.097199
1.103496
1.117304
1.097199
1.098413
1.082785
1.084605
1.097199
1.085212
1.089688
1.090295
1.096592
1.090295
1.102889
1.090902
1.104710
1.097199
1.091509
1.089689
1.108580
1.103496
1.095379
1.095986
1.097199
1.097199
1.104710
1.102889
1.102889
1.103496
1.103496
1.096592
1.097199
1.103496
1.110400
1.097806
1.095986
1.084605
1.090295
1.089082
1.090902
1.109186
1.098413
1.116090
1.084605
1.091509
1.104103
1.090902
1.089689
1.103496
1.110400
1.103496
1.097806
1.092116
1.102889
1.096592
1.077701
1.102283
1.109793
1.091509
1.103496
1.084605
1.082178
1.089688
1.097199
1.103496
1.104103
1.103496
1.109793
1.097199
1.104103
1.116090
1.097199
1.090295
1.095379
1.096592
1.090295
1.090902
1.103496
1.111007
1.088475
1.090902
1.089688
1.090902
1.103496
1.104103
1.090295
1.102283
1.097806
1.097199
1.096592
1.109186
1.102889
1.097199
1.091509
1.095986
1.103496
1.110400
1.090902
1.089082
1.095986
1.091509
1.095986
1.075881
1.083998
1.078106
