1.083391
1.083998
1.111007
1.095379
1.095379
1.111007
1.109186
1.089689
1.104103
1.082178
1.096592
1.096592
1.097199
1.097806
1.116697
1.090295
1.095986
1.082785
1.090902
1.085212
1.110400
1.110400
1.084605
1.103496
1.117304
1.089688
1.104103
1.090295
1.095986
1.097199
1.098413
1.097806
1.097199
1.110400
1.102283
1.090295
1.104710
1.103496
1.096592
1.096592
1.077701
1.104710
1.088475
1.090902
1.102283
1.078308
1.102889
1.089688
1.123601
1.083998
1.103496
1.084605
1.090902
1.091509
1.096592
1.116697
1.090295
1.104103
1.116090
1.091509
1.095986
1.083998
1.089082
1.117304
1.117304
1.090295
1.088475
1.116090
1.077094
1.104710
1.096592
1.102889
1.097199
1.090295
1.102889
1.109793
1.104710
1.102889
1.102889
1.103496
1.102889
1.089689
1.096592
1.082178
1.103496
1.104103
1.109793
1.090295
1.096592
1.110400
1.102889
1.104103
1.089689
1.102889
1.097806
1.082785
1.090902
1.090902
1.095986
1.097806
1.083998
1.090902
1.104710
1.099019
1.091509
1.102889
1.116090
1.111614
1.103496
1.109793
1.084605
1.095986
1.083391
1.083391
1.101676
1.090295
1.097199
1.103496
1.103496
1.104103
1.090902
1.109793
1.097199
1.090295
1.104103
1.091509
1.116090
1.084605
1.116090
1.103496
1.103496
1.110400
1.097199
1.102889
1.116697
1.109187
1.110400
1.083391
1.103496
1.102283
1.096592
1.116697
1.109793
1.111007
1.083998
1.098413
1.097199
1.089688
1.096592
1.109793
1.091509
1.104710
1.082785
1.095986
1.077701
1.097199
1.089082
1.102283
1.109793
1.089688
1.103496
1.089689
1.103496
1.097199
1.102889
1.077094
1.104103
1.104103
1.097199
1.101676
1.095379
1.089689
1.096592
1.095986
1.104103
1.095986
1.117304
1.089689
1.096592
1.103496
1.091509
1.110400
1.097199
1.116090
1.089082
1.090295
1.104103
1.090295
1.082178
1.091509
1.097199
1.083391
1.090902
1.109186
1.096592
1.111007
1.102889
1.091509
1.084605
1.110400
1.096592
1.098413
1.096592
1.096592
1.089689
1.122994
1.091509
1.089689
1.090902
1.088475
1.082178
1.091509
1.090295
1.083391
1.104103
1.097199
1.083391
1.104103
1.097199
1.090902
1.089689
1.102889
1.083391
1.102889
1.089689
1.109186
1.097806
1.095986
1.115484
1.109793
1.096592
1.096592
1.116697
1.092116
1.104103
1.116697
1.104710
1.085819
1.102889
1.083391
1.083998
1.099020
1.097199
1.090295
1.096592
1.083391
1.116697
1.104103
1.104103
1.117304
1.095986
1.090902
1.103496
1.102889
1.104103
1.096592
1.102890
1.102889
1.096592
1.089689
1.090295
1.097199
1.083391
1.081571
1.097199
1.091509
1.083391
1.097806
1.077094
1.117304
1.089689
1.116090
1.088475
1.091509
1.096592
1.089688
1.089689
1.095986
1.099020
1.116697
1.095379
1.098413
1.103496
1.116697
1.124208
1.122387
1.103496
1.096592
1.089689
1.103496
1.083391
1.104103
1.122994
1.096592
1.102889
1.104103
1.096592
1.089688
1.109793
1.090902
1.077094
1.103496
1.109793
1.102283
1.097199
1.109186
1.111007
1.090902
1.092116
1.102889
1.103496
1.082178
1.108580
1.095986
1.078308
1.117304
1.082785
1.097806
1.099020
1.096592
1.095379
1.089689
1.090902
1.096592
1.097806
1.109793
1.102283
1.097806
1.110400
1.082785
1.102889
1.104103
1.104103
1.097199
1.095986
1.095986
1.078915
1.101119
