1.108580
1.097806
1.096592
1.109186
1.096592
1.096592
1.102283
1.082785
1.083998
1.104103
1.115484
1.090295
1.103496
1.102283
1.096592
1.090295
1.090902
1.102889
1.103496
1.076488
1.103496
1.110400
1.123601
1.089082
1.102283
1.104103
1.091509
1.091509
1.089689
1.115484
1.111007
1.097806
1.110400
1.116697
1.110400
1.096592
1.108580
1.097199
1.076488
1.103496
1.090902
1.110400
1.090295
1.090902
1.109793
1.102889
1.103496
1.083391
1.078915
1.109793
1.111007
1.089082
1.116697
1.110400
1.096592
1.083391
1.090902
1.116090
1.124208
1.097806
1.110400
1.090295
1.104710
1.090902
1.099020
1.095986
1.097806
1.091509
1.095379
1.095986
1.096592
1.091509
1.096592
1.130505
1.095986
1.090295
1.104710
1.089689
1.109793
1.090902
1.095986
1.090295
1.097806
1.083391
1.103496
1.089689
1.097199
1.115484
1.110400
1.102283
1.104710
1.089688
1.090295
1.082178
1.090902
1.095379
1.097806
1.090295
1.090295
1.095986
1.102889
1.103496
1.108580
1.110400
1.117911
1.090902
1.104103
1.116697
1.109793
1.096592
1.102283
1.096592
1.089688
1.104103
1.097199
1.109793
1.111007
1.103496
1.104103
1.090295
1.090902
1.108580
1.090902
1.083391
1.089082
1.090902
1.110400
1.096592
1.084605
1.090295
1.082785
1.090902
1.123601
1.122387
1.103496
1.109186
1.096592
1.096592
1.110400
1.096592
1.083391
1.095986
1.103496
1.095986
1.097199
1.102283
1.096592
1.102283
1.082178
1.090902
1.109793
1.103496
1.098413
1.097806
1.109793
1.083998
1.103496
1.111007
1.110400
1.096592
1.102889
1.116090
1.084605
1.085212
1.091509
1.096592
1.102889
1.095985
1.089688
1.109186
1.090295
1.089689
1.116697
1.104710
1.104103
1.124208
1.089082
1.108580
1.090295
1.097199
1.090295
1.089689
1.102889
1.104103
1.095379
1.095379
1.084605
1.098413
1.102889
1.097199
1.102889
1.109793
1.102283
1.097806
1.090295
1.109793
1.097806
1.089688
1.122387
1.091509
1.104103
1.090902
1.102889
1.111007
1.089688
1.083391
1.091509
1.104710
1.090295
1.116697
1.097199
1.090902
1.110400
1.096592
1.095985
1.083998
1.089688
1.124208
1.111007
1.098413
1.083391
1.104103
1.090902
1.096592
1.097806
1.116697
1.090902
1.104103
1.095986
1.077701
1.097806
1.097199
1.083391
1.082178
1.095986
1.082178
1.089688
1.101676
1.108580
1.090295
1.102283
1.109186
1.096592
1.090902
1.097199
1.089689
1.090902
1.091509
1.104710
1.104103
1.111007
1.089082
1.109793
1.083998
1.095986
1.103496
1.090902
1.097199
1.104103
1.090902
1.089689
1.089689
1.097199
1.082785
1.083391
1.102889
1.097199
1.090902
1.090295
1.096592
1.095379
1.090295
1.090902
1.097806
1.090295
1.104103
1.091509
1.103496
1.084605
1.077094
1.091509
1.103496
1.110400
1.091509
1.095986
1.116090
1.096592
1.092116
1.089689
1.102889
1.097806
1.109793
1.097199
1.089688
1.096592
1.104710
1.116697
1.102889
1.116090
1.103496
1.097199
1.097199
1.104710
1.090902
1.097806
1.090295
1.109793
1.103496
1.090902
1.098413
1.102889
1.083998
1.098413
1.083998
1.090902
1.097806
1.111614
1.083391
1.084605
1.096592
1.096592
1.090295
1.109793
1.088475
1.097806
1.083391
1.085212
1.083998
1.097199
1.102889
1.082178
1.082178
1.109187
1.097199
1.088475
1.096592
1.090295
1.099096
