1.103496
1.096592
1.089689
1.095986
1.116697
1.090295
1.109793
1.089689
1.090295
1.095985
1.104103
1.102283
1.096592
1.103496
1.090295
1.104710
1.083998
1.082785
1.082785
1.110400
1.104103
1.089688
1.090295
1.090902
1.097806
1.110400
1.103496
1.104710
1.095379
1.109793
1.095986
1.095986
1.097199
1.117911
1.097199
1.110400
1.095379
1.095986
1.089082
1.095986
1.102283
1.095379
1.090902
1.090295
1.109186
1.097199
1.102889
1.103496
1.104103
1.097806
1.083998
1.088475
1.097199
1.090902
1.089082
1.098413
1.103496
1.103496
1.083998
1.103496
1.082785
1.089082
1.103496
1.089082
1.103496
1.110400
1.097199
1.082785
1.103496
1.097806
1.096592
1.104103
1.084605
1.110400
1.084605
1.097199
1.089688
1.089688
1.096592
1.095986
1.115484
1.095379
1.103496
1.097199
1.089688
1.111007
1.096592
1.095986
1.085212
1.096592
1.104103
1.109793
1.097199
1.096592
1.090902
1.090902
1.089689
1.095986
1.082785
1.104103
1.096592
1.116090
1.109186
1.109793
1.096592
1.083391
1.097199
1.104103
1.096592
1.084605
1.097199
1.090295
1.096592
1.090902
1.109793
1.111007
1.087868
1.098413
1.096592
1.089688
1.076487
1.102283
1.090295
1.111007
1.104103
1.110400
1.109186
1.090902
1.096592
1.077094
1.096592
1.083998
1.116090
1.076487
1.090902
1.109793
1.102889
1.083391
1.110400
1.117304
1.090902
1.089688
1.090295
1.102283
1.104710
1.095985
1.109793
1.104710
1.104103
1.109793
1.104710
1.103496
1.090295
1.090902
1.098413
1.097806
1.103496
1.097199
1.102889
1.097199
1.109186
1.097199
1.110400
1.090295
1.083391
1.092116
1.104103
1.088475
1.102889
1.090902
1.095986
1.102283
1.082178
1.096592
1.109793
1.110400
1.116697
1.084605
1.083391
1.109793
1.090295
1.097806
1.082785
1.091509
1.102889
1.111614
1.102283
1.095986
1.084605
1.129898
1.090902
1.103496
1.091509
1.097199
1.089688
1.111007
1.097806
1.116090
1.090902
1.097199
1.083998
1.096592
1.090902
1.110400
1.089082
1.102283
1.090295
1.092116
1.096592
1.117304
1.102889
1.115484
1.082785
1.111007
1.102889
1.102283
1.097199
1.103496
1.102889
1.111007
1.083391
1.097806
1.102283
1.103496
1.090295
1.110400
1.089689
1.096592
1.083998
1.109186
1.095379
1.104103
1.095986
1.097199
1.109793
1.111007
1.096592
1.117911
1.090295
1.099020
1.097806
1.083391
1.111007
1.104710
1.085212
1.098413
1.109186
1.103496
1.109793
1.096592
1.096592
1.097806
1.090295
1.097806
1.104103
1.104103
1.104103
1.103496
1.096592
1.116090
1.085212
1.096592
1.110400
1.104710
1.104103
1.109793
1.102889
1.098413
1.103496
1.090902
1.088475
1.103496
1.104710
1.097806
1.084605
1.089688
1.096592
1.097199
1.095986
1.096592
1.111614
1.104103
1.083391
1.117911
1.084605
1.102283
1.102889
1.090902
1.102889
1.089689
1.103496
1.097806
1.097199
1.096592
1.082178
1.097199
1.110400
1.103496
1.096592
1.102889
1.097806
1.077701
1.104103
1.097199
1.103496
1.102889
1.090295
1.102889
1.096592
1.102889
1.083391
1.090295
1.096592
1.102283
1.089689
1.089688
1.110400
1.091509
1.110400
1.102283
1.102889
1.077094
1.097199
1.090295
1.097199
1.109793
1.096592
1.099020
1.097199
1.096592
1.083998
1.103496
1.090295
1.090295
1.109793
1.083391
1.097806
1.076083
