1.171570
1.069688
1.067531
1.157578
1.170935
1.139037
1.033687
1.181610
1.121431
0.974011
1.128954
1.122876
1.144284
1.079185
1.120866
1.082212
1.125849
1.092268
1.098015
1.095612
1.123662
1.083283
1.127496
1.117657
1.125456
1.135229
1.074790
1.131401
1.077644
1.091871
1.126533
1.162799
1.083126
1.098798
1.121491
1.081735
1.096719
1.106089
1.103558
1.099196
1.097664
1.088694
1.101259
1.106782
1.126124
1.135782
1.060979
1.104639
1.085500
1.126128
1.055570
1.071289
1.065579
1.153640
1.161364
1.071925
1.122529
1.098689
1.148903
1.145701
1.094041
1.135891
1.091555
1.085693
1.149234
1.153555
1.128322
1.104576
1.091340
1.064781
1.097405
1.074559
1.142723
1.111923
1.091459
1.149057
1.158623
1.177636
1.117938
1.156513
1.088931
1.154147
1.162131
1.042341
1.063536
1.076521
1.131287
1.050567
1.153233
1.118483
1.117290
1.039529
1.105594
1.111445
1.119641
1.089000
1.132461
1.142204
1.123835
1.093927
1.096609
1.116421
1.103220
1.116486
1.086658
1.094883
1.110436
1.124511
1.077750
1.097059
1.099432
1.097350
1.055523
1.122053
1.148149
1.106743
1.134925
1.158595
1.165513
1.114259
1.090466
1.106225
1.087943
1.101293
1.113592
1.099063
1.124553
1.109230
1.106195
1.099574
1.098730
1.094627
1.101173
1.092207
1.080356
1.086766
1.135862
1.134945
1.102720
1.140182
1.110987
1.087685
1.094624
1.090611
1.108227
1.093660
1.083333
1.098665
1.080920
1.086117
1.108719
1.079812
1.111647
1.112888
1.092752
1.075881
1.135551
1.116282
1.097290
1.118325
1.077610
1.080254
1.097012
1.097089
1.113756
1.077852
1.131980
1.083898
1.125482
1.177307
1.099183
1.077506
1.070006
1.093306
1.102087
1.094351
1.080075
1.077337
1.091161
1.139377
1.097233
1.093708
1.123249
1.126788
1.154784
1.079518
1.094382
1.096026
1.057945
1.095002
1.058759
1.143768
1.101524
1.039142
1.131866
1.097520
1.105136
1.061109
1.058504
1.020173
1.136098
1.104574
1.041276
1.169968
1.118900
1.159014
1.117391
1.039148
1.116850
1.080234
1.081250
1.159990
1.177989
1.119229
1.051528
1.089733
1.126238
1.072622
1.124770
1.106585
1.078224
1.102903
1.092744
1.099766
1.079818
1.119328
1.063303
1.135549
1.109077
1.082193
1.102519
1.098317
1.097292
1.110086
1.088224
1.100423
1.120771
1.107793
1.108850
1.101187
1.097927
1.098079
1.100170
1.098996
1.100244
1.100799
1.098004
1.099027
1.097830
1.091662
1.097504
1.095219
1.102313
1.091218
1.139015
1.102693
1.112287
1.098992
1.107103
1.088580
1.096646
1.089290
1.069714
1.108243
1.032549
1.116553
1.129805
1.047897
1.061100
1.120529
1.107354
1.111251
1.187073
1.070568
1.080188
1.108858
1.056098
1.067460
1.082840
1.094846
1.066933
1.137422
1.167659
1.121703
1.094062
1.044263
1.056333
1.069167
1.155730
1.079615
1.103288
1.047051
1.099995
1.067314
1.131103
1.067182
1.160246
1.141861
1.105500
1.095739
1.093014
1.114112
1.123529
1.085547
1.136526
1.096572
1.137176
1.130955
1.094576
1.083389
1.121765
1.111467
1.100280
1.099682
1.091876
1.077242
1.150986
1.117549
1.072649
1.136817
1.089698
1.015928
1.104059
1.363028
1.131640
1.185207
1.088870
1.213056
1.118714
1.114129
1.110640
1.110072
1.134104
1.115795
1.101112
1.110766
1.106978
1.097941
