1.102889
1.089688
1.097199
1.096592
1.098413
1.109186
1.102889
1.103496
1.097199
1.089082
1.088475
1.090295
1.089689
1.102283
1.091509
1.109793
1.096592
1.097806
1.090295
1.090295
1.089689
1.102283
1.095986
1.115484
1.091509
1.104103
1.091509
1.111007
1.090902
1.110400
1.090902
1.104103
1.104103
1.110400
1.092723
1.083998
1.096592
1.104103
1.097199
1.089689
1.097199
1.102889
1.097806
1.084605
1.091509
1.097806
1.117304
1.097199
1.108580
1.103496
1.095379
1.090295
1.095379
1.116697
1.096592
1.090295
1.090295
1.083391
1.102889
1.110400
1.103496
1.109186
1.097806
1.083998
1.096592
1.090295
1.103496
1.076487
1.104103
1.095986
1.082178
1.111007
1.096592
1.095986
1.090902
1.096592
1.102283
1.104103
1.090902
1.090295
1.082785
1.097199
1.096592
1.109793
1.083998
1.098413
1.092722
1.096592
1.089082
1.090902
1.102889
1.103496
1.095986
1.095986
1.103496
1.098413
1.089689
1.101676
1.103496
1.102889
1.109793
1.090295
1.097199
1.104103
1.096592
1.109186
1.090295
1.111007
1.090295
1.096592
1.109793
1.097199
1.090902
1.111007
1.104103
1.104103
1.090295
1.104710
1.097199
1.097806
1.096592
1.108580
1.097199
1.091509
1.090295
1.096592
1.136195
1.103496
1.109793
1.102889
1.109793
1.089082
1.110400
1.104103
1.089688
1.082785
1.083391
1.104103
1.090295
1.089689
1.111614
1.095986
1.082178
1.091509
1.097199
1.095986
1.083998
1.096592
1.089688
1.102889
1.095986
1.095986
1.102889
1.122994
1.097199
1.116697
1.102889
1.083391
1.097199
1.089688
1.096592
1.082784
1.089082
1.089689
1.102283
1.084605
1.096592
1.085212
1.104103
1.104103
1.090295
1.103496
1.102889
1.095986
1.083998
1.082785
1.104103
1.103496
1.116697
1.097806
1.077094
1.089689
1.091509
1.129898
1.104103
1.103496
1.103496
1.089688
1.104103
1.104103
1.111007
1.096592
1.097199
1.103496
1.097199
1.117911
1.097199
1.097806
1.082785
1.097199
1.116090
1.104710
1.098413
1.109793
1.082785
1.111614
1.111007
1.098413
1.097199
1.095986
1.091509
1.101676
1.083998
1.090902
1.091509
1.110400
1.076488
1.089689
1.082178
1.117304
1.090295
1.094772
1.102889
1.084605
1.102283
1.090902
1.102889
1.102889
1.089689
1.109186
1.110400
1.090902
1.084605
1.103496
1.102889
1.116697
1.111007
1.104103
1.089082
1.089082
1.097806
1.103496
1.110400
1.089688
1.089688
1.090902
1.103496
1.097199
1.096592
1.104103
1.095986
1.109793
1.097806
1.104103
1.102283
1.085212
1.090902
1.109186
1.096592
1.090902
1.111007
1.117911
1.097199
1.111614
1.102889
1.083391
1.097806
1.075881
1.089689
1.102889
1.103496
1.096592
1.097199
1.102889
1.110400
1.097199
1.089689
1.097806
1.122994
1.103496
1.111007
1.103496
1.103496
1.083391
1.104710
1.123601
1.097199
1.097199
1.090902
1.095379
1.097199
1.110400
1.089689
1.095379
1.090295
1.095986
1.077701
1.111007
1.103496
1.104103
1.109793
1.096592
1.089082
1.091509
1.082785
1.089689
1.097199
1.102889
1.102889
1.096592
1.083391
1.090295
1.097806
1.116697
1.083391
1.097199
1.095986
1.098413
1.102889
1.103496
1.102889
1.104710
1.097806
1.103496
1.090902
1.083998
1.090295
1.082785
1.097806
1.095986
1.089688
1.103496
1.096592
1.096592
1.095986
1.097806
1.102889
1.122109
