1.103496
1.096592
1.104103
1.103496
1.104103
1.103496
1.104103
1.095379
1.083998
1.090295
1.097199
1.094772
1.109186
1.098413
1.109793
1.103496
1.116090
1.095986
1.111007
1.097199
1.108580
1.102889
1.123601
1.098413
1.111007
1.083998
1.097806
1.103496
1.103496
1.104103
1.085212
1.089082
1.103496
1.089689
1.096592
1.082784
1.090295
1.082178
1.082178
1.111007
1.092116
1.104710
1.097806
1.104103
1.089688
1.083998
1.083391
1.076487
1.097199
1.098413
1.097806
1.102889
1.104103
1.097199
1.108580
1.104103
1.104710
1.090902
1.083998
1.090902
1.111007
1.083391
1.090295
1.089082
1.123601
1.104103
1.084605
1.090902
1.110400
1.078308
1.097806
1.097806
1.102889
1.095986
1.111614
1.078308
1.116697
1.083391
1.096592
1.089688
1.097806
1.102283
1.092116
1.088475
1.103496
1.097199
1.089688
1.097199
1.090295
1.108580
1.082178
1.129898
1.104103
1.103496
1.109186
1.084605
1.088475
1.096592
1.115484
1.117304
1.103496
1.089082
1.110400
1.109793
1.097806
1.110400
1.078308
1.090295
1.102889
1.075881
1.123601
1.089689
1.096592
1.090295
1.096592
1.095379
1.116090
1.109793
1.097199
1.082178
1.083998
1.095986
1.117304
1.102889
1.104103
1.115484
1.082178
1.096592
1.097806
1.110400
1.090295
1.088475
1.083998
1.117304
1.091509
1.102889
1.097199
1.098413
1.096592
1.092116
1.103496
1.095379
1.095379
1.090295
1.083998
1.084605
1.090902
1.097199
1.083998
1.097199
1.097199
1.085819
1.096592
1.091509
1.109793
1.096592
1.111007
1.104710
1.103496
1.095986
1.096592
1.116697
1.085212
1.095986
1.097199
1.103496
1.095379
1.096592
1.090902
1.109793
1.110400
1.082785
1.096592
1.095986
1.089688
1.083391
1.098413
1.102889
1.103496
1.104103
1.088475
1.104103
1.091509
1.116697
1.102889
1.096592
1.084605
1.089688
1.083391
1.109793
1.089689
1.088475
1.109186
1.110400
1.090902
1.089688
1.109793
1.096592
1.090902
1.090295
1.104103
1.096592
1.097199
1.102283
1.090902
1.090295
1.088475
1.096592
1.077701
1.089688
1.109186
1.103496
1.104710
1.104710
1.117304
1.102283
1.104710
1.097806
1.116090
1.116090
1.090295
1.090902
1.111007
1.090902
1.103496
1.103496
1.109793
1.104103
1.104103
1.103496
1.103496
1.122994
1.097806
1.083998
1.090295
1.101676
1.097199
1.102889
1.097806
1.097199
1.088475
1.096592
1.103496
1.084605
1.090295
1.103496
1.097806
1.077701
1.116090
1.103496
1.089689
1.116090
1.097199
1.092116
1.104103
1.085819
1.095986
1.097199
1.097199
1.090295
1.109793
1.104103
1.084605
1.097199
1.090295
1.109793
1.103496
1.097199
1.102283
1.083998
1.096592
1.103496
1.096592
1.090902
1.083998
1.089688
1.089689
1.103496
1.083391
1.089689
1.103496
1.090295
1.097199
1.111007
1.083998
1.094772
1.111614
1.096592
1.082785
1.116697
1.102283
1.097199
1.090902
1.089688
1.095379
1.102889
1.104103
1.089689
1.095986
1.096592
1.110400
1.097806
1.102889
1.110400
1.103496
1.090295
1.084605
1.117304
1.083391
1.116697
1.097199
1.110400
1.102889
1.096592
1.109186
1.104103
1.103496
1.089082
1.117304
1.096592
1.083391
1.103496
1.089082
1.089689
1.090902
1.102889
1.097199
1.097806
1.104103
1.095986
1.116090
1.103496
1.108580
1.104103
1.082785
1.083998
1.104103
1.078106
