1.117304
1.090295
1.082178
1.090295
1.095379
1.096592
1.097806
1.104710
1.090295
1.090295
1.095985
1.089082
1.096592
1.109793
1.097806
1.110400
1.097199
1.085819
1.091509
1.117304
1.097806
1.082785
1.103496
1.103496
1.110400
1.095986
1.111007
1.090902
1.089689
1.102889
1.089688
1.090295
1.109186
1.089689
1.110400
1.109186
1.090295
1.123601
1.103496
1.103496
1.090295
1.102889
1.111007
1.096592
1.097199
1.104103
1.117304
1.090295
1.110400
1.109793
1.110400
1.082178
1.123601
1.097199
1.082785
1.096592
1.089688
1.097806
1.095379
1.090902
1.103496
1.083391
1.102889
1.103496
1.110400
1.104103
1.082785
1.089689
1.096592
1.103496
1.111007
1.109186
1.078308
1.090295
1.082785
1.091509
1.102889
1.095985
1.095986
1.103496
1.097199
1.083391
1.085212
1.082785
1.111007
1.103496
1.097199
1.097199
1.102889
1.095986
1.097199
1.084605
1.109793
1.104710
1.090902
1.083998
1.089082
1.085212
1.090295
1.096592
1.103496
1.090295
1.111007
1.110400
1.104103
1.117304
1.096592
1.095986
1.090295
1.091509
1.104103
1.090295
1.104103
1.090902
1.097806
1.102889
1.090902
1.117304
1.122387
1.095986
1.089082
1.090902
1.102889
1.089688
1.097199
1.082178
1.095986
1.090295
1.094772
1.081571
1.102889
1.102889
1.090295
1.083998
1.116697
1.096592
1.116697
1.109186
1.089689
1.102889
1.077701
1.109793
1.109793
1.091509
1.102283
1.103496
1.102889
1.082178
1.097199
1.104103
1.104103
1.102889
1.089689
1.089689
1.090902
1.109793
1.097806
1.090295
1.097806
1.090902
1.116697
1.109186
1.084605
1.090902
1.097806
1.103496
1.097806
1.102889
1.095986
1.103496
1.103496
1.090902
1.104103
1.091509
1.098413
1.090902
1.102283
1.082785
1.081571
1.103496
1.102283
1.096592
1.109186
1.083998
1.097806
1.103496
1.090295
1.103496
1.090295
1.083391
1.103496
1.110400
1.098413
1.089688
1.110400
1.102889
1.117304
1.103496
1.090902
1.097806
1.111614
1.097199
1.091509
1.089082
1.103496
1.083391
1.123601
1.090902
1.104103
1.122994
1.095379
1.095986
1.102889
1.083998
1.077701
1.103496
1.090902
1.109793
1.097806
1.103496
1.103496
1.096592
1.090295
1.098413
1.111614
1.097199
1.097199
1.083998
1.102889
1.108580
1.083391
1.090295
1.104103
1.085212
1.095379
1.088475
1.089689
1.122994
1.109793
1.083391
1.077094
1.097199
1.081571
1.090295
1.095986
1.097199
1.103496
1.098413
1.117304
1.103496
1.110400
1.078915
1.095986
1.096592
1.090295
1.103496
1.075881
1.109186
1.095986
1.083998
1.091509
1.090902
1.097199
1.095379
1.090902
1.097806
1.116697
1.102889
1.077094
1.077094
1.098413
1.103496
1.092116
1.103496
1.116090
1.104103
1.090295
1.102283
1.090295
1.089082
1.104103
1.090295
1.110400
1.104103
1.108580
1.096592
1.089688
1.104103
1.090295
1.098413
1.082785
1.109793
1.117304
1.083391
1.090902
1.109793
1.110400
1.117304
1.109793
1.098413
1.096592
1.096592
1.103496
1.105317
1.089688
1.084605
1.103496
1.097806
1.083391
1.097199
1.097199
1.102889
1.103496
1.090295
1.109793
1.095986
1.095986
1.097806
1.111007
1.096592
1.095986
1.111007
1.096592
1.117304
1.097199
1.103496
1.104103
1.082178
1.082785
1.097199
1.102889
1.090902
1.095986
1.117304
1.102283
1.109186
1.103496
1.078106
