1.095379
1.082178
1.103496
1.110400
1.116697
1.083998
1.104103
1.109793
1.110400
1.097806
1.116697
1.109793
1.090295
1.090902
1.090902
1.102889
1.109793
1.102283
1.083391
1.095986
1.110400
1.116697
1.083391
1.122994
1.083391
1.084605
1.116697
1.089689
1.097199
1.095986
1.096592
1.109793
1.090295
1.116697
1.097806
1.089688
1.102889
1.089689
1.095986
1.095986
1.109793
1.103496
1.097199
1.097806
1.090902
1.104710
1.104103
1.109793
1.122994
1.102283
1.090295
1.104103
1.104103
1.096592
1.096592
1.083391
1.090902
1.090295
1.102889
1.090295
1.103496
1.096592
1.104103
1.096592
1.089689
1.103496
1.103496
1.102889
1.082785
1.083998
1.090902
1.089082
1.089689
1.075881
1.096592
1.104103
1.097806
1.077094
1.097199
1.095986
1.102283
1.097199
1.110400
1.083998
1.110400
1.097806
1.109187
1.102889
1.083998
1.098413
1.104103
1.086426
1.095986
1.097199
1.097199
1.083391
1.094772
1.089689
1.090295
1.097199
1.097806
1.109793
1.111614
1.097806
1.110400
1.097199
1.097199
1.110400
1.097806
1.090902
1.110400
1.083998
1.083998
1.082785
1.097199
1.111007
1.111007
1.090295
1.123601
1.117304
1.095985
1.096592
1.095986
1.095986
1.091509
1.102889
1.109186
1.104103
1.084605
1.091509
1.104710
1.104103
1.096592
1.109793
1.116697
1.097806
1.095986
1.110400
1.091509
1.089688
1.096592
1.083998
1.097199
1.110400
1.110400
1.097806
1.090902
1.097806
1.089082
1.083391
1.095986
1.089689
1.097806
1.089082
1.095986
1.082785
1.097199
1.082178
1.097199
1.097806
1.102283
1.102889
1.097199
1.104103
1.097806
1.077701
1.089082
1.091509
1.083998
1.090295
1.095379
1.104103
1.095986
1.109186
1.104103
1.096592
1.091509
1.104103
1.097199
1.110400
1.103496
1.082178
1.089082
1.089082
1.082178
1.104710
1.090902
1.089689
1.104103
1.109793
1.102889
1.096592
1.076487
1.084605
1.089688
1.097806
1.083998
1.083391
1.110400
1.090295
1.104710
1.095379
1.085212
1.109793
1.104103
1.104710
1.103496
1.083998
1.102283
1.110400
1.095379
1.095986
1.089688
1.090902
1.090295
1.104103
1.103496
1.103496
1.109793
1.098413
1.103496
1.104710
1.090295
1.103496
1.089082
1.090295
1.090295
1.103496
1.092116
1.095986
1.104103
1.117911
1.089082
1.095986
1.097199
1.102889
1.096592
1.083391
1.104103
1.097199
1.110400
1.095986
1.089082
1.108580
1.104103
1.103496
1.097806
1.097199
1.103496
1.089688
1.103496
1.115484
1.089689
1.099020
1.102889
1.090295
1.102889
1.083998
1.104710
1.117304
1.116090
1.109186
1.129898
1.095985
1.110400
1.095986
1.102889
1.124208
1.090295
1.097806
1.102889
1.090902
1.082785
1.097806
1.097806
1.090902
1.097199
1.103496
1.083998
1.101676
1.111007
1.092116
1.083391
1.096592
1.096592
1.083998
1.083998
1.097199
1.090295
1.109793
1.124208
1.089688
1.102283
1.109186
1.075881
1.084605
1.096592
1.090902
1.095986
1.109793
1.096592
1.110400
1.083391
1.095986
1.116697
1.096592
1.097806
1.085819
1.098413
1.090902
1.110400
1.097199
1.103496
1.095986
1.109793
1.090295
1.103496
1.083998
1.095985
1.104103
1.090295
1.110400
1.109793
1.091509
1.090295
1.115484
1.097199
1.102889
1.098413
1.083998
1.083391
1.109793
1.102283
1.110400
1.095379
1.102889
1.089082
1.122109
