1.096592
1.090295
1.089082
1.090295
1.097806
1.102889
1.097806
1.097199
1.104103
1.104710
1.084605
1.090902
1.095986
1.099020
1.101676
1.103496
1.116697
1.090902
1.109793
1.090902
1.090295
1.111007
1.097199
1.109793
1.104103
1.095986
1.103496
1.102889
1.095986
1.083391
1.104103
1.084605
1.104103
1.075274
1.103496
1.095986
1.103496
1.088475
1.116697
1.104710
1.102889
1.097199
1.117304
1.084605
1.090902
1.109186
1.103496
1.102889
1.110400
1.096592
1.096592
1.090902
1.095986
1.098413
1.104103
1.097199
1.097199
1.082785
1.109186
1.083998
1.088475
1.082785
1.095986
1.090902
1.109793
1.088475
1.096592
1.116697
1.098413
1.103496
1.102283
1.095986
1.102889
1.083998
1.089082
1.076488
1.116090
1.109793
1.102889
1.097199
1.103496
1.090902
1.089082
1.097199
1.117304
1.095986
1.116090
1.117304
1.110400
1.109186
1.097199
1.103496
1.123601
1.103496
1.110400
1.124208
1.110400
1.097199
1.090902
1.083391
1.097806
1.103496
1.111007
1.083391
1.096592
1.077701
1.082785
1.090295
1.109186
1.098413
1.103496
1.104710
1.098413
1.109793
1.097199
1.090295
1.085819
1.102889
1.083391
1.089689
1.090295
1.095986
1.116090
1.091509
1.116090
1.096592
1.110400
1.104103
1.083998
1.102889
1.104103
1.094772
1.089689
1.083998
1.089082
1.110400
1.097806
1.110400
1.096592
1.103496
1.097199
1.109793
1.089082
1.103496
1.077701
1.089082
1.077701
1.103496
1.095986
1.082178
1.103496
1.105317
1.091509
1.083391
1.096592
1.089082
1.097806
1.097199
1.110400
1.101676
1.097199
1.102889
1.110400
1.082785
1.083998
1.091509
1.096592
1.097199
1.091509
1.095986
1.104103
1.082178
1.097199
1.097806
1.103496
1.097199
1.096592
1.104103
1.111007
1.110400
1.111007
1.097199
1.089082
1.089082
1.083391
1.097199
1.095986
1.090902
1.090295
1.096592
1.103496
1.103496
1.110400
1.097806
1.096592
1.097806
1.097806
1.089689
1.090902
1.110400
1.102283
1.082785
1.082178
1.102283
1.096592
1.102889
1.090295
1.096592
1.083391
1.096592
1.076487
1.109793
1.097199
1.089689
1.097806
1.097199
1.096592
1.091509
1.095986
1.104103
1.085819
1.095379
1.082785
1.088475
1.110400
1.097806
1.095379
1.117304
1.102283
1.096592
1.110400
1.116090
1.097806
1.104710
1.091509
1.104710
1.083391
1.109186
1.104710
1.096592
1.083998
1.109187
1.097199
1.091509
1.090902
1.110400
1.097199
1.090295
1.102889
1.089082
1.083998
1.103496
1.103496
1.109793
1.089689
1.111007
1.095986
1.104103
1.090295
1.097806
1.109186
1.089082
1.103496
1.102889
1.104103
1.104103
1.116090
1.091509
1.096592
1.084605
1.109793
1.090902
1.095986
1.110400
1.097806
1.090902
1.096592
1.103496
1.098413
1.110400
1.095986
1.097199
1.091509
1.077094
1.109793
1.089689
1.116697
1.110400
1.104103
1.097199
1.116697
1.097806
1.095379
1.109793
1.089689
1.077094
1.097199
1.097806
1.103496
1.097199
1.097199
1.077701
1.097806
1.104710
1.116090
1.083391
1.110400
1.095986
1.095379
1.095379
1.103496
1.090295
1.097806
1.108580
1.104103
1.090902
1.090295
1.115484
1.084605
1.090295
1.111614
1.083391
1.096592
1.089688
1.090902
1.097199
1.110400
1.089082
1.097199
1.102889
1.089689
1.097806
1.104103
1.096592
1.096592
1.110400
1.097806
1.074060
