1.097199
1.096592
1.097806
1.097199
1.089082
1.111007
1.089082
1.102283
1.116697
1.090902
1.102283
1.109793
1.105317
1.102889
1.103496
1.103496
1.081571
1.104710
1.104103
1.096592
1.104710
1.117304
1.102889
1.117911
1.078915
1.089688
1.090295
1.082785
1.109793
1.076488
1.097199
1.116090
1.103496
1.083998
1.109187
1.095379
1.090295
1.085212
1.117304
1.109793
1.088475
1.083998
1.104710
1.123601
1.102283
1.104710
1.098413
1.097806
1.097806
1.083998
1.103496
1.090902
1.090902
1.083391
1.103496
1.102889
1.090295
1.102283
1.089689
1.103496
1.102889
1.090902
1.097806
1.095379
1.104103
1.096592
1.116697
1.090295
1.096592
1.084605
1.116697
1.104710
1.097199
1.096592
1.097199
1.110400
1.117304
1.111007
1.096592
1.089082
1.109793
1.109793
1.098413
1.111007
1.097806
1.109793
1.090902
1.102889
1.095986
1.102889
1.108580
1.103496
1.074667
1.085819
1.096592
1.097199
1.097806
1.104710
1.092116
1.090295
1.084605
1.102283
1.089082
1.095379
1.089689
1.117304
1.109793
1.096592
1.116697
1.090902
1.089688
1.117304
1.090902
1.083391
1.109793
1.102889
1.090295
1.097199
1.102889
1.104103
1.110400
1.090902
1.097806
1.109186
1.090295
1.092116
1.085819
1.097199
1.103496
1.088475
1.085212
1.104710
1.096592
1.083998
1.090902
1.084605
1.085212
1.097806
1.123601
1.082178
1.090295
1.096592
1.097806
1.090295
1.104103
1.082785
1.090902
1.116697
1.082785
1.083391
1.085212
1.097199
1.095986
1.103496
1.097806
1.104103
1.089689
1.102889
1.097806
1.102889
1.083391
1.089689
1.076488
1.097806
1.109793
1.102283
1.090902
1.090295
1.090295
1.109793
1.111614
1.102889
1.096592
1.110400
1.096592
1.089688
1.088475
1.089689
1.116697
1.090295
1.091509
1.116697
1.102889
1.109186
1.090902
1.102283
1.104103
1.084605
1.103496
1.105317
1.097199
1.104103
1.104103
1.103496
1.095986
1.110400
1.096592
1.095986
1.082178
1.104103
1.123601
1.097199
1.090295
1.090295
1.095986
1.098413
1.097199
1.103496
1.097199
1.096592
1.090902
1.090295
1.116090
1.096592
1.077094
1.090295
1.104103
1.102889
1.097199
1.097199
1.090295
1.096592
1.103496
1.096592
1.116090
1.096592
1.116090
1.088475
1.082785
1.103496
1.109793
1.117304
1.097199
1.090295
1.097199
1.090902
1.098413
1.103496
1.081571
1.096592
1.109186
1.089689
1.089082
1.116697
1.102889
1.090902
1.090902
1.083391
1.095379
1.104710
1.096592
1.089082
1.103496
1.083998
1.116697
1.090295
1.083998
1.095986
1.104103
1.083998
1.111614
1.082785
1.102889
1.103496
1.089689
1.097199
1.082785
1.089689
1.102283
1.097199
1.102889
1.089689
1.090295
1.110400
1.083391
1.116697
1.097806
1.103496
1.089689
1.082785
1.097199
1.097199
1.102889
1.082785
1.109186
1.096592
1.097806
1.122387
1.103496
1.104103
1.097199
1.104103
1.091509
1.097199
1.115484
1.096592
1.104103
1.108580
1.090295
1.095986
1.115484
1.090902
1.089082
1.098413
1.083391
1.096592
1.098413
1.092116
1.074667
1.110400
1.097199
1.104710
1.097199
1.089082
1.090902
1.104103
1.097199
1.109793
1.104103
1.099020
1.090902
1.102283
1.083998
1.103496
1.089689
1.110400
1.117304
1.116697
1.096592
1.089082
1.089688
1.095985
1.095986
1.095379
1.102889
1.090295
1.110400
1.078106
