1.104103
1.109793
1.111007
1.096592
1.104103
1.104103
1.090295
1.090902
1.102889
1.122994
1.109793
1.097806
1.083998
1.090902
1.095986
1.090902
1.095986
1.117304
1.098413
1.104710
1.117304
1.090902
1.109187
1.090295
1.085212
1.097199
1.103496
1.103496
1.090295
1.091509
1.090295
1.098413
1.103496
1.083391
1.097199
1.097199
1.097199
1.096592
1.111614
1.089688
1.083998
1.095985
1.090902
1.097199
1.111007
1.097806
1.096592
1.104103
1.097199
1.109793
1.095986
1.085212
1.092116
1.090295
1.090902
1.082785
1.104103
1.109186
1.083998
1.089082
1.090295
1.104710
1.090295
1.090295
1.096592
1.097199
1.099020
1.102889
1.116090
1.082178
1.083391
1.097199
1.103496
1.083998
1.089082
1.110400
1.102889
1.109793
1.103496
1.102889
1.104103
1.096592
1.089689
1.096592
1.095986
1.083998
1.108580
1.096592
1.104103
1.109186
1.090295
1.097806
1.083391
1.089082
1.116090
1.084605
1.102889
1.102889
1.083998
1.097199
1.090295
1.102889
1.110400
1.089082
1.103496
1.095986
1.084605
1.083998
1.096592
1.096592
1.097199
1.085212
1.084605
1.089689
1.104103
1.090902
1.123601
1.090295
1.102889
1.109187
1.084605
1.090902
1.097199
1.102283
1.082178
1.090295
1.111007
1.102283
1.097199
1.090295
1.095379
1.105317
1.090295
1.103496
1.097199
1.103496
1.109793
1.095379
1.090295
1.090902
1.109186
1.103496
1.082785
1.102889
1.104103
1.104103
1.097806
1.103496
1.098413
1.091509
1.104103
1.091509
1.090295
1.095379
1.102283
1.109793
1.095986
1.102889
1.102889
1.104710
1.097199
1.083998
1.095986
1.096592
1.097806
1.091509
1.089082
1.097199
1.089689
1.111614
1.090902
1.103496
1.096592
1.103496
1.116697
1.082785
1.103496
1.104710
1.111007
1.102283
1.103496
1.110400
1.083391
1.110400
1.095379
1.096592
1.083391
1.089082
1.088475
1.116090
1.104103
1.095986
1.097806
1.097806
1.097199
1.103496
1.090902
1.097199
1.102283
1.089688
1.096592
1.098413
1.097806
1.095986
1.097199
1.109793
1.077094
1.090295
1.096592
1.096592
1.109793
1.102889
1.104710
1.090295
1.095986
1.097199
1.111007
1.097806
1.109793
1.084605
1.083998
1.103496
1.089082
1.076488
1.102889
1.082178
1.097199
1.082785
1.090295
1.097806
1.109793
1.116697
1.110400
1.103496
1.103496
1.084605
1.122994
1.098413
1.104103
1.090295
1.096592
1.097806
1.083998
1.109793
1.089689
1.097806
1.103496
1.082785
1.102889
1.082178
1.089688
1.096592
1.090902
1.110400
1.089688
1.116697
1.097199
1.109793
1.110400
1.097806
1.095986
1.110400
1.122994
1.077701
1.090902
1.109187
1.104103
1.077094
1.111007
1.095986
1.109793
1.109793
1.090295
1.109793
1.095986
1.104710
1.102889
1.089689
1.090902
1.078308
1.095379
1.103496
1.095379
1.110400
1.109793
1.083998
1.109186
1.109186
1.095986
1.102283
1.096592
1.122994
1.110400
1.104710
1.089689
1.083391
1.097806
1.102889
1.090902
1.103496
1.124208
1.097199
1.089689
1.082784
1.088475
1.111614
1.102889
1.083998
1.097199
1.104103
1.110400
1.115484
1.096592
1.097199
1.089688
1.116697
1.103496
1.103496
1.083391
1.102283
1.083998
1.089689
1.110400
1.089689
1.103496
1.097806
1.090902
1.108580
1.109793
1.090902
1.116090
1.095986
1.097806
1.089688
1.097806
1.097806
1.089689
1.076083
