1.091509
1.109793
1.103496
1.110400
1.104103
1.104103
1.088475
1.097199
1.109793
1.090902
1.090902
1.108580
1.102889
1.090295
1.115484
1.096592
1.089082
1.104103
1.082785
1.089082
1.103496
1.097806
1.091509
1.097199
1.090902
1.082178
1.090295
1.097199
1.085212
1.096592
1.094772
1.095986
1.084605
1.098413
1.110400
1.097806
1.096592
1.111007
1.102889
1.109793
1.090902
1.103496
1.089689
1.103496
1.117304
1.109186
1.102283
1.090902
1.103496
1.102283
1.104103
1.104710
1.097806
1.097199
1.102889
1.083998
1.090295
1.103496
1.129291
1.104103
1.083998
1.102283
1.089689
1.104103
1.097199
1.083391
1.110400
1.102889
1.090295
1.102283
1.084605
1.097199
1.090902
1.082178
1.097199
1.104103
1.090295
1.097199
1.117304
1.097199
1.102283
1.109793
1.097199
1.095986
1.083391
1.111007
1.095379
1.096592
1.103496
1.090902
1.097806
1.109793
1.110400
1.076488
1.083998
1.103496
1.095986
1.110400
1.111007
1.103496
1.090902
1.090902
1.103496
1.097199
1.102889
1.092116
1.108580
1.089082
1.083998
1.089688
1.097806
1.089082
1.090902
1.097199
1.088475
1.103496
1.083998
1.103496
1.090295
1.104103
1.102889
1.096592
1.109793
1.109186
1.117304
1.083391
1.104103
1.096592
1.083998
1.096592
1.084605
1.097806
1.103496
1.104103
1.090295
1.124208
1.081571
1.103496
1.096592
1.090295
1.116697
1.096592
1.102889
1.096592
1.117304
1.097199
1.096592
1.109793
1.096592
1.090295
1.117304
1.082785
1.082178
1.097199
1.078915
1.099020
1.116090
1.102283
1.088475
1.102889
1.096592
1.102283
1.104103
1.089689
1.104103
1.090902
1.110400
1.097806
1.104103
1.078915
1.095986
1.095986
1.110400
1.110400
1.111007
1.082785
1.089688
1.095379
1.090295
1.096592
1.085212
1.097806
1.109793
1.095379
1.097199
1.103496
1.108580
1.104710
1.096592
1.096592
1.098413
1.097199
1.097806
1.095379
1.103496
1.089082
1.090295
1.103496
1.077094
1.103496
1.095986
1.111614
1.103496
1.077701
1.089688
1.099020
1.117911
1.084605
1.091509
1.090902
1.090902
1.096592
1.102889
1.104710
1.104710
1.102889
1.103496
1.095986
1.097806
1.090902
1.103496
1.102889
1.097806
1.096592
1.110400
1.089688
1.089688
1.116697
1.116697
1.084605
1.117304
1.109186
1.108580
1.088475
1.090295
1.097806
1.090902
1.104103
1.104103
1.103496
1.077094
1.096592
1.117304
1.095379
1.104103
1.103496
1.097806
1.090902
1.090902
1.096592
1.092116
1.104103
1.089688
1.090902
1.110400
1.102889
1.103496
1.096592
1.096592
1.089689
1.091509
1.090902
1.091509
1.082178
1.097199
1.090295
1.101676
1.104103
1.082785
1.096592
1.102283
1.110400
1.097199
1.102889
1.096592
1.116697
1.092116
1.103496
1.103496
1.083391
1.097199
1.104103
1.092116
1.116090
1.090295
1.090295
1.096592
1.097199
1.082785
1.109793
1.097199
1.095986
1.090295
1.095379
1.096592
1.116697
1.083998
1.078308
1.083998
1.097806
1.103496
1.110400
1.082785
1.088475
1.116697
1.083998
1.083998
1.096592
1.098413
1.097199
1.090902
1.082785
1.116697
1.104710
1.103496
1.104710
1.095986
1.102889
1.097199
1.089688
1.104103
1.102889
1.109186
1.095379
1.089689
1.104103
1.089082
1.095986
1.090902
1.103496
1.083998
1.097806
1.109186
1.115484
1.109793
1.108580
1.095986
1.101119
