1.117647
3.629282
1.691191
1.099762
1.103905
1.106414
1.101431
1.097535
1.096733
1.104426
1.103711
1.105681
1.108327
1.109377
1.097802
1.098049
1.097171
1.095174
1.102508
1.094939
1.113544
1.107887
1.089669
1.086411
1.112404
1.095031
1.133750
1.135022
1.095808
1.113063
1.097526
1.139695
1.109478
1.090909
1.104184
1.101685
1.105869
1.101548
1.099047
1.076945
1.115504
1.091506
1.115704
1.075733
1.157436
1.038610
1.089827
1.169418
1.070602
1.120529
1.140024
1.088233
1.135829
1.144722
1.126287
1.092921
1.073078
1.096691
1.093674
1.103679
1.126489
1.083746
1.113337
1.113215
1.088156
1.112486
1.041303
1.089172
1.148672
1.010390
1.035068
1.147843
1.150159
1.122578
1.089148
1.094412
1.093431
1.091841
1.145001
1.142987
1.060900
1.089361
1.122405
1.099616
1.090642
1.127131
1.101803
1.099919
1.175914
1.108546
1.107606
1.096231
1.118756
1.096986
1.097899
1.113679
1.101567
1.093779
1.097260
1.080403
1.086069
1.127694
1.080103
1.092229
1.091703
1.124331
1.126729
1.058091
1.073163
1.110000
1.089770
1.047049
1.139400
1.091767
1.142410
1.089156
1.112760
1.113921
1.093009
1.066004
1.094078
1.046648
1.134534
1.162758
1.089638
1.149224
1.089656
1.106966
1.091267
1.117356
1.084044
1.113239
1.104452
1.090852
1.080819
1.088513
1.072766
1.084377
1.135184
1.037133
1.143005
1.154728
1.089619
1.011972
1.205542
1.164695
1.121895
1.148843
1.093745
1.160697
1.168790
1.127906
1.161577
1.092076
1.071265
1.089950
1.113651
1.100172
1.116421
1.082633
1.090194
1.107535
1.090698
1.076627
1.139569
1.119876
1.133179
1.097619
1.115756
1.132414
1.081109
1.127638
1.109607
1.086731
1.086750
1.105208
1.115040
1.091917
1.106769
1.098185
1.100579
1.098621
1.098380
1.094053
1.102435
1.096318
1.098150
1.100893
1.082437
1.115412
1.083984
1.088413
1.129517
1.081275
1.088315
1.125952
1.038284
1.123181
1.064436
1.092595
1.137734
1.093212
1.047001
1.052840
1.041328
1.102417
1.130284
1.145918
1.127474
1.128214
1.100965
1.100298
1.160124
1.154020
1.097190
1.076506
1.075619
1.073680
1.073911
1.108000
1.147521
1.101109
1.090701
1.103009
1.070277
1.090887
1.110610
1.089662
1.112536
1.089651
1.143719
1.132131
1.106167
1.124647
1.108737
1.082781
1.093343
1.110764
1.103613
1.106412
1.077470
1.108849
1.093674
1.092965
1.116012
1.092245
1.131974
1.105785
1.079315
1.102194
1.101528
1.114192
1.086837
1.127856
1.102433
1.069803
1.124791
1.093348
1.087741
1.106487
1.136556
1.076098
1.089298
1.064244
1.091015
1.139671
1.071469
1.114909
1.094451
1.107571
1.111141
1.069584
1.069305
1.087099
1.112544
1.089630
1.085637
1.089548
1.146281
1.069364
1.117554
1.047982
1.065392
1.120470
1.089350
1.111441
1.080289
1.078581
1.070864
1.106107
1.055087
1.131807
1.091344
0.995618
1.071970
1.155813
1.135740
1.135221
1.175946
1.112617
1.164931
1.156765
1.066635
1.091871
1.066905
1.109792
1.088697
1.104871
1.126144
1.083552
1.092999
1.084760
1.098003
1.092858
1.103040
1.103858
1.070691
1.105240
1.100545
1.122895
1.118388
1.137490
1.131523
1.102045
1.069879
1.058070
1.095835
1.157207
1.218104
1.136142
1.112789
1.122354
1.114930
1.114467
1.136476
1.074174
1.097641
1.122752
