1.102889
1.117911
1.116090
1.082785
1.104710
1.123601
1.102283
1.096592
1.090295
1.117911
1.104103
1.097199
1.095986
1.097199
1.083998
1.097199
1.090295
1.090295
1.104103
1.104103
1.089688
1.090902
1.116697
1.095986
1.116697
1.103496
1.096592
1.097199
1.091509
1.102889
1.090902
1.116697
1.104103
1.077701
1.095379
1.117304
1.085819
1.102283
1.103496
1.095986
1.097199
1.104103
1.096592
1.078308
1.097806
1.104710
1.103496
1.089688
1.085212
1.097806
1.104710
1.103496
1.097806
1.097199
1.083998
1.084605
1.102889
1.091509
1.110400
1.091509
1.104710
1.090295
1.090902
1.083998
1.103496
1.110400
1.109186
1.102889
1.089689
1.096592
1.103496
1.083998
1.082785
1.091509
1.109793
1.088475
1.085212
1.110400
1.082785
1.083391
1.102889
1.104103
1.097806
1.103496
1.095986
1.117304
1.102889
1.103496
1.097199
1.109793
1.084605
1.103496
1.123601
1.085212
1.104103
1.104103
1.089688
1.095986
1.105317
1.089689
1.105317
1.082785
1.110400
1.116697
1.096592
1.091509
1.096592
1.090902
1.096592
1.090295
1.097806
1.095986
1.097806
1.104103
1.110400
1.096592
1.102283
1.104103
1.096592
1.097806
1.090295
1.102889
1.102283
1.109793
1.102889
1.104103
1.097806
1.089082
1.083391
1.089688
1.097199
1.129291
1.090902
1.095379
1.074667
1.102283
1.104103
1.116090
1.075881
1.095986
1.090902
1.103496
1.116090
1.076488
1.110400
1.097199
1.083998
1.097199
1.104710
1.102889
1.104710
1.097199
1.089082
1.103496
1.109793
1.083391
1.104710
1.096592
1.096592
1.109186
1.089082
1.096592
1.097806
1.095379
1.109793
1.103496
1.102889
1.103496
1.103496
1.102889
1.097199
1.109187
1.122994
1.083391
1.090295
1.102889
1.096592
1.090295
1.097806
1.103496
1.104103
1.108580
1.090295
1.116697
1.103496
1.082178
1.103496
1.090902
1.103496
1.104710
1.090295
1.090902
1.081571
1.104103
1.076488
1.092116
1.095986
1.110400
1.116697
1.089689
1.104710
1.103496
1.077094
1.094772
1.077094
1.077094
1.103496
1.109793
1.089082
1.090902
1.097199
1.095986
1.095986
1.082785
1.110400
1.109793
1.090902
1.101676
1.102889
1.110400
1.089082
1.104103
1.089082
1.095986
1.095986
1.084605
1.085212
1.097806
1.075881
1.089082
1.102889
1.110400
1.077701
1.096592
1.090902
1.104710
1.084605
1.110400
1.097199
1.090295
1.080964
1.103496
1.117304
1.096592
1.102889
1.083391
1.097199
1.095379
1.097199
1.097199
1.096592
1.102283
1.102889
1.097806
1.104103
1.090295
1.110400
1.109186
1.084605
1.090295
1.083391
1.083391
1.095985
1.117911
1.102889
1.103496
1.109793
1.095986
1.116090
1.091509
1.109793
1.090902
1.096592
1.089082
1.089688
1.102889
1.097806
1.089689
1.109793
1.110400
1.096592
1.096592
1.088475
1.090902
1.115484
1.104103
1.109793
1.111614
1.089688
1.097199
1.098413
1.096592
1.096592
1.097806
1.104710
1.090902
1.115484
1.089082
1.104103
1.103496
1.117304
1.104103
1.094772
1.083391
1.103496
1.110400
1.095379
1.096592
1.089689
1.089082
1.083391
1.117911
1.090295
1.083998
1.111007
1.090295
1.096592
1.092116
1.089689
1.085212
1.104103
1.090295
1.111007
1.083998
1.097199
1.103496
1.097806
1.097199
1.102889
1.090295
1.097806
1.103496
1.090295
1.109186
1.090295
1.110400
1.085212
1.099096
