1.095986
1.081571
1.097199
1.110400
1.083391
1.095379
1.090902
1.097199
1.076487
1.083391
1.103496
1.084605
1.097806
1.083998
1.103496
1.090295
1.084605
1.091509
1.097199
1.098413
1.089688
1.104103
1.089082
1.102889
1.090295
1.116697
1.083998
1.097199
1.104103
1.090295
1.117304
1.090295
1.102889
1.104103
1.122994
1.104710
1.111614
1.082785
1.109793
1.096592
1.110400
1.104710
1.090295
1.089688
1.104103
1.116090
1.116090
1.122994
1.095379
1.095379
1.104103
1.103496
1.129291
1.090295
1.097806
1.097806
1.103496
1.095986
1.096592
1.110400
1.111007
1.091509
1.110400
1.102283
1.104103
1.083998
1.102889
1.104103
1.090902
1.116697
1.089689
1.090295
1.097806
1.103496
1.097199
1.091509
1.102889
1.095986
1.109186
1.104103
1.091509
1.117911
1.090902
1.102889
1.085212
1.084605
1.097199
1.091509
1.123601
1.103496
1.102889
1.110400
1.102283
1.122387
1.102889
1.096592
1.102889
1.097199
1.097806
1.097199
1.095986
1.089689
1.096592
1.116697
1.103496
1.097199
1.095379
1.081571
1.078308
1.095986
1.116090
1.089688
1.097806
1.102889
1.092116
1.089082
1.089082
1.109186
1.102889
1.109793
1.097806
1.082785
1.123601
1.096592
1.110400
1.109186
1.109793
1.084605
1.097806
1.090295
1.083998
1.085212
1.117304
1.083391
1.090902
1.099020
1.096592
1.089688
1.102889
1.089688
1.097199
1.096592
1.090295
1.091509
1.109793
1.116090
1.082785
1.096592
1.108580
1.102889
1.111007
1.117911
1.116697
1.104710
1.104103
1.097806
1.089689
1.123601
1.097806
1.090295
1.111007
1.096592
1.095986
1.090295
1.083998
1.082785
1.083998
1.089082
1.102889
1.084605
1.090902
1.090902
1.097806
1.097199
1.102889
1.096592
1.077094
1.116090
1.089688
1.096592
1.090295
1.096592
1.111007
1.115483
1.076488
1.090295
1.089688
1.102889
1.097199
1.091509
1.089082
1.091509
1.110400
1.102889
1.087868
1.090902
1.096592
1.104103
1.082178
1.109186
1.089082
1.083998
1.090295
1.102889
1.103496
1.090295
1.110400
1.090295
1.097199
1.090295
1.089689
1.095986
1.097199
1.103496
1.095986
1.090295
1.091509
1.076488
1.089688
1.103496
1.136802
1.083391
1.110400
1.117911
1.096592
1.082178
1.102889
1.082785
1.102283
1.090295
1.090295
1.090295
1.096592
1.102889
1.104103
1.104103
1.090902
1.111007
1.097806
1.111614
1.083998
1.090295
1.089689
1.109793
1.109793
1.095986
1.089689
1.098413
1.104103
1.097199
1.089688
1.097199
1.103496
1.110400
1.089082
1.109186
1.103496
1.090295
1.097806
1.097199
1.097199
1.090295
1.117304
1.095986
1.103496
1.103496
1.096592
1.096592
1.095986
1.090295
1.090902
1.083391
1.090902
1.102889
1.097199
1.096592
1.115484
1.104103
1.089082
1.090295
1.102283
1.097806
1.089688
1.117304
1.075881
1.097806
1.084605
1.096592
1.103496
1.084605
1.091509
1.095986
1.089082
1.096592
1.090295
1.097199
1.097199
1.076488
1.097199
1.097199
1.083391
1.102889
1.095986
1.090902
1.097199
1.110400
1.109793
1.103496
1.092116
1.097199
1.097806
1.104103
1.082785
1.122994
1.111007
1.095986
1.083998
1.096592
1.084605
1.110400
1.111007
1.102889
1.117304
1.082178
1.104710
1.102283
1.089082
1.084605
1.104710
1.095986
1.098413
1.077701
1.102283
1.116697
1.090902
1.110400
1.116090
1.143099
