1.109793
1.097199
1.091509
1.095986
1.094772
1.095379
1.090902
1.097199
1.088475
1.104103
1.097199
1.116090
1.090902
1.089689
1.090902
1.089688
1.097806
1.090902
1.088475
1.090295
1.083998
1.103496
1.096592
1.077701
1.102889
1.104103
1.096592
1.083391
1.095986
1.110400
1.103496
1.104103
1.083998
1.103496
1.109793
1.104103
1.083391
1.103496
1.089082
1.088475
1.095986
1.095379
1.097199
1.097199
1.122994
1.097806
1.083391
1.095986
1.110400
1.081571
1.097199
1.102889
1.090295
1.090295
1.109793
1.097806
1.117304
1.089082
1.103496
1.091509
1.109793
1.095379
1.117304
1.103496
1.089082
1.110400
1.097199
1.083391
1.099020
1.085819
1.098413
1.076487
1.089689
1.104103
1.103496
1.083998
1.103496
1.090295
1.103496
1.122994
1.104103
1.089688
1.084605
1.102889
1.090295
1.090295
1.116697
1.089688
1.089689
1.102889
1.089689
1.097199
1.104710
1.082785
1.097199
1.103496
1.103496
1.095986
1.090295
1.095986
1.077094
1.109793
1.102889
1.089688
1.110400
1.102889
1.116697
1.109793
1.090295
1.104710
1.103496
1.097806
1.096592
1.083391
1.103496
1.095986
1.103496
1.104710
1.111614
1.082785
1.085212
1.095379
1.084605
1.092116
1.104103
1.109793
1.097199
1.075881
1.103496
1.096592
1.097199
1.097199
1.089689
1.082785
1.116090
1.102889
1.116090
1.096592
1.116090
1.084605
1.083998
1.090902
1.103496
1.105317
1.089689
1.109186
1.090295
1.104103
1.104103
1.091509
1.097199
1.104103
1.110400
1.116697
1.110400
1.082178
1.104103
1.084605
1.103496
1.089689
1.089082
1.110400
1.091509
1.102889
1.090295
1.089689
1.091509
1.090295
1.097199
1.096592
1.103496
1.102889
1.109186
1.097199
1.095986
1.102889
1.090902
1.089689
1.095985
1.103496
1.090295
1.083998
1.083998
1.103496
1.090902
1.102889
1.109186
1.103496
1.089689
1.111007
1.097199
1.102889
1.116090
1.096592
1.095986
1.090902
1.109793
1.102889
1.089688
1.117304
1.077094
1.102889
1.090902
1.104103
1.090295
1.122994
1.096592
1.097806
1.102283
1.090902
1.089082
1.110400
1.090295
1.104103
1.103496
1.109793
1.103496
1.111007
1.122994
1.089689
1.117304
1.090295
1.090902
1.102283
1.102889
1.103496
1.090295
1.110400
1.075274
1.103496
1.089688
1.097199
1.102889
1.122994
1.102889
1.097199
1.096592
1.104103
1.091509
1.111007
1.110400
1.096592
1.103496
1.111007
1.111007
1.090295
1.097806
1.123601
1.101676
1.104103
1.104710
1.097199
1.095379
1.104103
1.088475
1.095986
1.110400
1.089688
1.097806
1.117304
1.103496
1.096592
1.089689
1.083391
1.096592
1.090295
1.103496
1.103496
1.123601
1.095986
1.111007
1.084605
1.097199
1.083391
1.097806
1.097806
1.083391
1.098413
1.090902
1.083998
1.096592
1.089689
1.097199
1.104103
1.103496
1.089689
1.102889
1.091509
1.096592
1.090295
1.089689
1.096592
1.109793
1.097806
1.110400
1.083391
1.109186
1.082178
1.097199
1.083998
1.104710
1.097806
1.110400
1.084605
1.096592
1.091509
1.122994
1.110400
1.104710
1.117304
1.103496
1.096592
1.089688
1.095379
1.096592
1.104103
1.097199
1.082785
1.116090
1.083391
1.096592
1.111007
1.083998
1.079522
1.090902
1.096592
1.104103
1.084605
1.095986
1.077701
1.097199
1.090902
1.083391
1.095986
1.105317
1.117304
1.109186
1.076083
