1.089082
1.089689
1.096592
1.103496
1.104710
1.116697
1.082178
1.083391
1.104103
1.097199
1.095986
1.103496
1.110400
1.097199
1.090295
1.103496
1.090902
1.096592
1.089689
1.089082
1.097199
1.110400
1.095986
1.097199
1.103496
1.116090
1.092116
1.102889
1.083998
1.090295
1.076487
1.096592
1.116697
1.105317
1.097806
1.083998
1.104103
1.092116
1.097199
1.076487
1.110400
1.103496
1.090902
1.109793
1.109186
1.116697
1.083998
1.084605
1.103496
1.110400
1.085819
1.096592
1.098413
1.090295
1.102889
1.089689
1.097806
1.091509
1.104103
1.090295
1.097199
1.092116
1.082785
1.096592
1.110400
1.116697
1.081571
1.096592
1.109186
1.117304
1.096592
1.110400
1.115484
1.103496
1.082785
1.085212
1.101676
1.090295
1.103496
1.104103
1.109793
1.097199
1.097806
1.083391
1.110400
1.109186
1.110400
1.097199
1.116697
1.109793
1.109793
1.096592
1.102889
1.095986
1.103496
1.116697
1.111007
1.102283
1.103496
1.083391
1.104710
1.115484
1.089082
1.089082
1.096592
1.110400
1.084605
1.102283
1.109793
1.101676
1.102283
1.103496
1.116697
1.109793
1.109793
1.090902
1.111007
1.109186
1.104103
1.089688
1.102889
1.089082
1.090295
1.103496
1.097199
1.102283
1.096592
1.102283
1.089689
1.091509
1.099020
1.102889
1.097199
1.090295
1.103496
1.096592
1.097199
1.089082
1.098413
1.109793
1.097806
1.098413
1.097199
1.109793
1.096592
1.103496
1.110400
1.089689
1.085212
1.097806
1.103496
1.102889
1.089688
1.097199
1.089688
1.091509
1.097199
1.109186
1.110400
1.085212
1.090902
1.096592
1.083391
1.089689
1.095986
1.096592
1.090295
1.102283
1.109187
1.089689
1.104710
1.089689
1.097806
1.097806
1.077701
1.083391
1.104103
1.083391
1.097806
1.091509
1.110400
1.089689
1.083391
1.089689
1.083998
1.109186
1.097199
1.097199
1.097806
1.097199
1.099020
1.105317
1.097199
1.110400
1.075881
1.102889
1.095985
1.090295
1.116697
1.095985
1.097199
1.089082
1.110400
1.110400
1.110400
1.111007
1.103496
1.104710
1.109793
1.096592
1.096592
1.116090
1.096592
1.096592
1.090902
1.089082
1.101676
1.104103
1.089689
1.096592
1.103496
1.097806
1.104710
1.097199
1.084605
1.083998
1.103496
1.087868
1.104103
1.096592
1.109793
1.082178
1.097199
1.115484
1.115484
1.096592
1.098413
1.098413
1.102889
1.103496
1.111007
1.098413
1.116090
1.089689
1.111007
1.090902
1.109793
1.111007
1.091509
1.102889
1.102889
1.083391
1.090902
1.090295
1.090902
1.090902
1.090902
1.090902
1.103496
1.083998
1.104710
1.097199
1.096592
1.095986
1.096592
1.084605
1.095986
1.109793
1.104103
1.090902
1.123601
1.109793
1.089689
1.091509
1.089082
1.097199
1.110400
1.076487
1.097806
1.090902
1.082785
1.090902
1.096592
1.090902
1.082785
1.089689
1.097199
1.097806
1.095379
1.095379
1.102889
1.095986
1.096592
1.097199
1.082178
1.104103
1.095986
1.076488
1.117304
1.090295
1.095986
1.104710
1.083391
1.090902
1.096592
1.097806
1.076488
1.090295
1.090902
1.102889
1.097806
1.104103
1.102283
1.111007
1.103496
1.109187
1.097199
1.090902
1.104103
1.089688
1.104103
1.089689
1.102889
1.094772
1.110400
1.097199
1.103496
1.096592
1.096592
1.090902
1.110400
1.090295
1.102283
1.091509
1.082178
1.090295
1.096592
1.097073
