1.091509
1.109793
1.103496
1.095986
1.103496
1.089082
1.077701
1.104710
1.115484
1.097806
1.096592
1.090902
1.108580
1.102889
1.117304
1.095986
1.083998
1.089689
1.096592
1.082178
1.110400
1.096592
1.096592
1.090295
1.102283
1.116090
1.095986
1.089082
1.109793
1.110400
1.104710
1.096592
1.090295
1.089688
1.089688
1.105317
1.103496
1.083998
1.083998
1.096592
1.089082
1.090902
1.117304
1.105317
1.102889
1.097806
1.083998
1.104103
1.083998
1.090902
1.097806
1.097199
1.089082
1.090295
1.117304
1.090295
1.110400
1.095986
1.085212
1.104103
1.097806
1.090295
1.104103
1.102889
1.109793
1.104103
1.123601
1.111007
1.110400
1.097199
1.103496
1.092116
1.103496
1.096592
1.111614
1.097199
1.102283
1.102283
1.116090
1.097806
1.097806
1.085212
1.095986
1.104103
1.097199
1.117304
1.097199
1.109793
1.095379
1.083391
1.090295
1.095379
1.083391
1.095379
1.096592
1.090295
1.103496
1.109186
1.102283
1.090295
1.095986
1.090295
1.109187
1.077094
1.117304
1.090902
1.095986
1.089689
1.110400
1.090295
1.117304
1.103496
1.097806
1.083391
1.102889
1.096592
1.097199
1.095985
1.109793
1.096592
1.104103
1.117304
1.096592
1.090902
1.103496
1.098413
1.076488
1.077701
1.088475
1.097199
1.116697
1.076487
1.091509
1.089689
1.089689
1.109793
1.089688
1.102889
1.097199
1.089688
1.097806
1.102889
1.083391
1.097806
1.096592
1.090295
1.109186
1.097199
1.095986
1.103496
1.109186
1.116697
1.104103
1.104103
1.098413
1.091509
1.097806
1.103496
1.089082
1.092116
1.096592
1.090902
1.084605
1.103496
1.103496
1.101676
1.103496
1.090295
1.090902
1.090295
1.088475
1.104103
1.103496
1.109793
1.095379
1.077094
1.104103
1.111007
1.110400
1.089689
1.089689
1.090295
1.102283
1.110400
1.090295
1.102283
1.097199
1.088475
1.092116
1.097806
1.097806
1.116697
1.108580
1.102283
1.122994
1.102889
1.090902
1.091509
1.103496
1.116697
1.089082
1.075881
1.095986
1.102283
1.103496
1.091509
1.090902
1.103496
1.090295
1.090902
1.103496
1.095985
1.104710
1.109793
1.104103
1.098413
1.095379
1.110400
1.083391
1.095986
1.109793
1.104103
1.097806
1.104103
1.090295
1.097199
1.097199
1.096592
1.095986
1.095986
1.104103
1.085819
1.117304
1.097199
1.102283
1.082785
1.075881
1.083998
1.109793
1.095985
1.085212
1.083998
1.097199
1.103496
1.097199
1.102283
1.077701
1.102283
1.077701
1.109186
1.102889
1.102889
1.083998
1.104710
1.109186
1.095985
1.096592
1.091509
1.104103
1.091509
1.116697
1.117304
1.117911
1.095379
1.096592
1.104103
1.091509
1.089689
1.095986
1.097199
1.077094
1.102283
1.085819
1.077701
1.117304
1.083391
1.082785
1.095986
1.091509
1.103496
1.116697
1.097199
1.089688
1.095986
1.109186
1.097199
1.090902
1.123601
1.111007
1.097199
1.102283
1.098413
1.091509
1.097806
1.097199
1.104710
1.103496
1.102283
1.103496
1.117304
1.095379
1.098413
1.096592
1.097199
1.082785
1.096592
1.105317
1.104103
1.097806
1.090902
1.077701
1.089082
1.109186
1.095986
1.117304
1.109793
1.104103
1.103496
1.103496
1.103496
1.095986
1.102283
1.084605
1.097806
1.104103
1.083998
1.096592
1.097199
1.082785
1.109186
1.089082
1.096592
1.096592
1.102889
1.083998
1.096592
1.090295
1.076083
