1.083391
1.090295
1.090902
1.102889
1.110400
1.104103
1.084605
1.111007
1.102283
1.117304
1.083391
1.117911
1.096592
1.089688
1.103496
1.091509
1.083998
1.116090
1.089688
1.089082
1.090902
1.109793
1.085212
1.083998
1.104103
1.082785
1.083391
1.076488
1.097199
1.091509
1.096592
1.097806
1.102889
1.095986
1.103496
1.123601
1.103496
1.097806
1.102889
1.084605
1.089082
1.076488
1.105317
1.102889
1.102889
1.110400
1.104103
1.102889
1.077094
1.110400
1.109793
1.096592
1.091509
1.095379
1.110400
1.103496
1.084605
1.095379
1.095986
1.109186
1.109793
1.102889
1.091509
1.085212
1.097199
1.096592
1.103496
1.097199
1.104103
1.089688
1.095986
1.109793
1.096592
1.111007
1.110400
1.097806
1.090295
1.095985
1.098413
1.097806
1.104103
1.089082
1.089082
1.110400
1.096592
1.097806
1.124208
1.090295
1.096592
1.116697
1.089689
1.096592
1.091509
1.090902
1.103496
1.097199
1.117304
1.096592
1.097806
1.097806
1.109793
1.103496
1.102889
1.116697
1.117304
1.116697
1.104710
1.091509
1.103496
1.090295
1.097199
1.116697
1.097199
1.097199
1.110400
1.110400
1.083998
1.089688
1.095379
1.090295
1.102283
1.102889
1.104103
1.096592
1.096592
1.096592
1.102283
1.096592
1.130505
1.090295
1.090902
1.103496
1.075274
1.103496
1.082785
1.083391
1.090902
1.109187
1.101676
1.090295
1.110400
1.090902
1.097199
1.089082
1.111007
1.104103
1.097806
1.102890
1.077701
1.109186
1.091509
1.110400
1.109793
1.097199
1.090295
1.103496
1.097199
1.097199
1.102889
1.097806
1.096592
1.102283
1.083391
1.104710
1.111007
1.097806
1.090295
1.095379
1.095986
1.087868
1.102889
1.097806
1.095379
1.097199
1.090295
1.097199
1.096592
1.103496
1.103496
1.090295
1.083998
1.089688
1.104103
1.103496
1.090902
1.096592
1.090902
1.090295
1.122994
1.097199
1.097806
1.077701
1.090902
1.096592
1.089082
1.098413
1.104103
1.095379
1.097199
1.084605
1.110400
1.102283
1.096592
1.077094
1.116090
1.102283
1.089689
1.103496
1.104103
1.102889
1.098413
1.084605
1.096592
1.097806
1.102889
1.103496
1.089688
1.109793
1.116697
1.090902
1.090295
1.090295
1.089082
1.095986
1.090902
1.090295
1.116697
1.089082
1.089688
1.104710
1.103496
1.089688
1.116697
1.095986
1.083998
1.083391
1.104103
1.103496
1.082785
1.076487
1.097199
1.083998
1.097199
1.104103
1.097806
1.102889
1.104103
1.104103
1.122994
1.077701
1.085212
1.111007
1.096592
1.089082
1.102889
1.110400
1.096592
1.102283
1.102889
1.082785
1.102889
1.097806
1.102890
1.102889
1.097199
1.103496
1.109793
1.083391
1.110400
1.102889
1.109793
1.083391
1.097806
1.083998
1.095986
1.104710
1.096592
1.090902
1.091509
1.097806
1.088475
1.109793
1.116090
1.089689
1.122994
1.089688
1.090902
1.090295
1.102889
1.090902
1.083391
1.116090
1.090295
1.110400
1.084605
1.077094
1.097199
1.097199
1.084605
1.097199
1.104103
1.096592
1.089689
1.102283
1.104103
1.104710
1.097806
1.089082
1.109793
1.096592
1.102889
1.091509
1.096592
1.101676
1.103496
1.104103
1.090295
1.109793
1.117304
1.098413
1.075274
1.115484
1.097199
1.097199
1.104103
1.089082
1.103496
1.095986
1.083391
1.104103
1.090295
1.090902
1.102889
1.102283
1.109793
1.083998
1.104710
1.099096
