1.083998
1.090295
1.082785
1.098413
1.083391
1.092116
1.096592
1.104103
1.083391
1.097199
1.117304
1.109793
1.104103
1.102889
1.075881
1.108580
1.109793
1.095986
1.110400
1.097199
1.096592
1.097199
1.084605
1.089688
1.097199
1.090295
1.109793
1.090295
1.111614
1.085212
1.104710
1.110400
1.088475
1.092116
1.103496
1.075274
1.104710
1.089688
1.104710
1.083391
1.095379
1.104710
1.097199
1.096592
1.095986
1.102889
1.104710
1.095985
1.109186
1.103496
1.084605
1.097806
1.084605
1.090902
1.079522
1.097199
1.110400
1.097199
1.095379
1.111007
1.103496
1.104103
1.102283
1.110400
1.110400
1.089688
1.095379
1.089689
1.083391
1.096592
1.097806
1.102283
1.083391
1.090902
1.090295
1.110400
1.094772
1.109793
1.077701
1.103496
1.097806
1.111007
1.089082
1.111614
1.097806
1.117304
1.111614
1.083391
1.097199
1.097199
1.096592
1.116090
1.096592
1.083391
1.099020
1.084605
1.109186
1.097806
1.097199
1.092116
1.083391
1.089689
1.102889
1.102283
1.096592
1.116090
1.083391
1.109793
1.083391
1.096592
1.108580
1.077701
1.096592
1.104103
1.102889
1.090902
1.084605
1.109186
1.082178
1.089082
1.104103
1.104103
1.117304
1.090295
1.091509
1.094772
1.117304
1.109186
1.089689
1.089689
1.089688
1.102283
1.096592
1.096592
1.095986
1.109793
1.089689
1.116697
1.097199
1.089688
1.097806
1.089689
1.096592
1.097199
1.083998
1.095379
1.096592
1.096592
1.089689
1.096592
1.096592
1.096592
1.103496
1.082178
1.084605
1.102889
1.103496
1.123601
1.090295
1.084605
1.090902
1.111007
1.110400
1.111007
1.109793
1.089689
1.095379
1.111007
1.075881
1.097806
1.097199
1.089689
1.104103
1.092116
1.095985
1.101676
1.090295
1.117304
1.097806
1.110400
1.124208
1.089082
1.091509
1.083391
1.102889
1.096592
1.104710
1.090902
1.104710
1.103496
1.111007
1.095986
1.122387
1.097199
1.095986
1.090902
1.102283
1.108580
1.096592
1.090902
1.096592
1.089688
1.117304
1.085212
1.089082
1.089688
1.109793
1.097806
1.103496
1.095379
1.097199
1.104710
1.104103
1.076488
1.083391
1.097199
1.111614
1.089689
1.103496
1.102283
1.090295
1.111007
1.102889
1.097199
1.091509
1.097199
1.096592
1.109186
1.089689
1.097806
1.095986
1.111007
1.090295
1.082178
1.096592
1.090295
1.109793
1.102889
1.094772
1.096592
1.083998
1.111007
1.103496
1.103496
1.096592
1.083998
1.110400
1.090902
1.097199
1.096592
1.097199
1.090902
1.109793
1.103496
1.097199
1.102889
1.098413
1.103496
1.075881
1.104710
1.076487
1.102889
1.104103
1.095986
1.089688
1.103496
1.109793
1.110400
1.124208
1.097199
1.096592
1.089082
1.110400
1.091509
1.110400
1.104710
1.095986
1.096592
1.090902
1.110400
1.083391
1.097199
1.102889
1.096592
1.115484
1.110400
1.095986
1.103496
1.104103
1.095986
1.097199
1.084605
1.083391
1.089082
1.104710
1.089689
1.123601
1.109793
1.110400
1.085212
1.097199
1.109793
1.102283
1.097199
1.095379
1.105317
1.103496
1.092116
1.102283
1.110400
1.109793
1.096592
1.097199
1.102283
1.088475
1.102889
1.082785
1.109793
1.103496
1.097199
1.082785
1.103496
1.085212
1.083998
1.110400
1.096592
1.097199
1.104103
1.090295
1.109793
1.103496
1.097199
1.084605
1.090295
1.104103
1.097199
1.104103
1.101119
