1.117421
1.099154
1.108094
1.108477
1.087510
1.108486
1.084008
1.080183
1.090967
1.052622
1.062927
1.113800
1.089138
1.132378
1.096647
1.116923
1.083389
1.105904
1.175769
1.167254
1.163695
1.056896
1.159494
1.058901
1.036488
1.093505
1.060294
1.063075
1.141863
1.088981
1.166141
1.137582
1.089588
1.104042
1.075973
1.086564
1.080769
1.133845
1.096836
1.067376
1.127349
1.131599
1.104814
1.135436
1.105242
1.090484
1.099779
1.183813
1.085253
1.109358
1.146497
1.075426
1.045965
1.060976
1.107693
1.090596
1.129266
1.073233
1.105626
1.135017
1.035967
1.104894
1.071077
1.117057
1.011358
1.105169
1.105944
1.029822
1.113293
1.089024
1.048323
1.088444
1.112881
1.095178
1.065325
1.226289
1.111645
1.110258
1.008043
1.007517
1.062803
1.068370
1.007744
1.100149
1.197728
0.977832
1.110756
1.107711
1.154334
1.261133
1.034131
1.126617
1.200541
1.145388
1.141191
1.081285
1.048648
1.131146
1.157437
1.053978
1.060297
1.149873
1.117802
1.060571
1.146063
1.171087
1.060960
1.139817
1.072106
1.085472
1.076631
1.096085
1.086391
1.109284
1.089866
1.101174
1.119270
1.102061
1.081973
1.075240
1.076233
1.127739
1.086577
1.123942
1.126415
1.121055
1.099359
1.123493
1.096144
1.102544
1.101096
1.105068
1.090379
1.066495
1.084682
1.108329
1.085799
1.156921
1.104338
1.076120
1.119282
1.059005
1.110451
1.138301
1.138947
1.084839
1.066118
1.078419
1.154377
1.149555
1.090277
1.117761
1.091004
1.114307
1.071284
1.101954
1.074517
1.117244
1.092154
1.098407
1.088503
1.102494
1.096720
1.102038
1.118213
1.107476
1.101427
1.108476
1.109463
1.096692
1.102839
1.099654
1.102297
1.103625
1.104833
1.094477
1.101146
1.092363
1.111216
1.105695
1.103016
1.084776
1.114348
1.096443
1.104663
1.095510
1.096422
1.094996
1.098081
1.093975
1.132844
1.072926
1.044621
1.121958
1.085441
1.067150
1.136403
1.088379
1.100227
1.176231
1.066656
1.066480
1.089923
1.138847
1.101353
1.159852
1.072803
1.171202
1.134334
1.148914
1.121826
1.114738
1.094989
1.098971
1.100862
1.100633
1.098335
1.097697
1.092050
1.091966
1.112379
2.080957
1.026630
1.107592
1.121584
1.069235
1.132944
1.137012
1.139786
1.136892
1.146328
1.061015
1.131431
1.164197
1.168851
1.125173
1.146867
1.081979
1.118849
1.083171
1.078460
1.082133
1.082970
1.102683
1.099179
1.090245
1.100279
1.079013
1.125848
1.099729
1.090686
1.093636
1.119448
1.133815
1.113858
1.145124
1.100341
1.122471
1.120037
1.073638
1.120692
1.117623
1.066572
1.124206
1.080368
1.069901
1.105825
1.112780
1.073361
1.068006
1.081962
1.128436
1.156127
1.124651
0.987405
1.072819
1.110721
1.029923
1.068508
1.123084
1.128811
1.174016
1.143776
1.142727
1.077280
1.175910
1.209332
1.068848
1.068188
1.089236
1.107775
1.110421
1.134745
1.142332
1.096662
1.089898
1.089137
1.090116
1.053669
1.096720
1.153708
1.131426
1.075177
1.121201
1.104791
1.053336
1.088304
1.120984
1.105979
1.097417
1.080399
1.107072
1.101131
1.129626
1.068793
1.148517
1.129517
1.107657
1.098743
1.052332
1.151425
1.138742
1.111623
1.118485
1.118030
1.079734
1.135058
1.094946
1.110309
1.100217
1.094178
1.090832
1.103578
1.090021
1.080922
1.092636
1.134128
1.105271
