1.090295
1.097806
1.097806
1.117304
1.096592
1.109793
1.104103
1.109793
1.095379
1.098413
1.089689
1.090295
1.095985
1.102889
1.096592
1.095986
1.097199
1.097806
1.090902
1.117304
1.104103
1.077701
1.095379
1.117304
1.103496
1.081571
1.097199
1.095986
1.111007
1.097806
1.089689
1.084605
1.109793
1.097199
1.110400
1.090295
1.090902
1.090902
1.102889
1.091509
1.089689
1.091509
1.090295
1.104103
1.091509
1.102283
1.074667
1.090902
1.090902
1.103496
1.090902
1.102889
1.130505
1.104103
1.090295
1.102889
1.083998
1.090902
1.096592
1.116697
1.076488
1.083391
1.104710
1.102283
1.102889
1.104710
1.090295
1.104103
1.103496
1.104103
1.096592
1.077701
1.109186
1.097199
1.111007
1.104103
1.102889
1.097199
1.097199
1.109793
1.105317
1.102889
1.103496
1.098413
1.083998
1.097806
1.090295
1.097199
1.096592
1.103496
1.110400
1.109187
1.102889
1.104710
1.097199
1.097199
1.103496
1.090295
1.104103
1.102889
1.090902
1.097199
1.090295
1.089082
1.095379
1.083391
1.089082
1.102283
1.090295
1.090902
1.109793
1.088475
1.077701
1.098413
1.090295
1.109793
1.097199
1.090902
1.095379
1.089082
1.095986
1.109186
1.102889
1.116090
1.116697
1.095986
1.109793
1.082785
1.083998
1.102889
1.089082
1.109793
1.110400
1.089689
1.095986
1.083391
1.111007
1.090295
1.082785
1.110400
1.090295
1.104103
1.084605
1.085212
1.109186
1.102889
1.102889
1.110400
1.092116
1.096592
1.097199
1.104103
1.104103
1.095986
1.103496
1.096592
1.117304
1.103496
1.097199
1.103496
1.082785
1.090295
1.109793
1.102283
1.123601
1.102889
1.090902
1.103496
1.083391
1.085212
1.096592
1.099020
1.090295
1.096592
1.098413
1.078915
1.104710
1.095986
1.089082
1.103496
1.095986
1.102889
1.104103
1.103496
1.102889
1.095986
1.102889
1.097199
1.103496
1.090295
1.117304
1.083998
1.082785
1.110400
1.090295
1.117911
1.096592
1.090295
1.096592
1.102889
1.089082
1.089688
1.083998
1.081571
1.104710
1.122387
1.096592
1.096592
1.089082
1.122994
1.096592
1.102889
1.102889
1.077701
1.095986
1.109793
1.089689
1.089688
1.083998
1.109793
1.103496
1.077701
1.098413
1.097199
1.095986
1.109793
1.103496
1.091509
1.096592
1.095985
1.097199
1.083998
1.103496
1.103496
1.104710
1.097199
1.104710
1.083391
1.089689
1.102889
1.097806
1.096592
1.096592
1.102889
1.097199
1.103496
1.097199
1.096592
1.089689
1.096592
1.091509
1.111007
1.090295
1.097199
1.111007
1.097806
1.090902
1.090295
1.089689
1.116090
1.090902
1.098413
1.104710
1.097199
1.109186
1.104103
1.104103
1.103496
1.103496
1.083998
1.109793
1.097806
1.109793
1.103496
1.103496
1.104103
1.089688
1.102889
1.097806
1.089082
1.097806
1.095986
1.089082
1.097806
1.109793
1.097199
1.095986
1.084605
1.111007
1.089689
1.089082
1.102283
1.111007
1.082785
1.097199
1.097199
1.110400
1.090295
1.117911
1.095986
1.103496
1.109793
1.097199
1.090295
1.109793
1.083391
1.099020
1.116697
1.110400
1.082178
1.117304
1.102889
1.089689
1.117304
1.102283
1.090295
1.097806
1.103496
1.110400
1.089689
1.096592
1.110400
1.089082
1.089082
1.096592
1.082785
1.089689
1.084605
1.098413
1.095986
1.097199
1.089082
1.096592
1.090295
1.090902
1.102889
1.104103
1.099096
