1.103496
1.084605
1.102889
1.096592
1.088475
1.089689
1.097199
1.096592
1.097199
1.097199
1.104103
1.116697
1.083998
1.097199
1.090902
1.084605
1.102889
1.090295
1.096592
1.091509
1.095986
1.089689
1.096592
1.111614
1.089688
1.089688
1.110400
1.103496
1.109793
1.097199
1.102283
1.095986
1.089689
1.108580
1.097199
1.102889
1.104103
1.089688
1.095986
1.089082
1.083998
1.091509
1.089688
1.101676
1.097199
1.089689
1.097199
1.084605
1.097199
1.102889
1.109793
1.104103
1.083391
1.090295
1.104103
1.123601
1.097806
1.102889
1.102889
1.096592
1.091509
1.111007
1.095379
1.109793
1.109793
1.096592
1.091509
1.110400
1.090295
1.117304
1.115484
1.092116
1.124208
1.090295
1.117304
1.111007
1.102283
1.123601
1.096592
1.111007
1.090902
1.095986
1.117304
1.095986
1.082785
1.090295
1.090902
1.098413
1.083998
1.090295
1.090295
1.085212
1.082785
1.110400
1.110400
1.084605
1.109793
1.090295
1.095986
1.095986
1.104710
1.097199
1.097199
1.096592
1.096592
1.103496
1.089689
1.104103
1.104103
1.090295
1.083391
1.090295
1.083391
1.083998
1.104710
1.104103
1.102283
1.104103
1.095986
1.096592
1.109186
1.102889
1.081571
1.102283
1.090902
1.097199
1.104710
1.089688
1.088475
1.102889
1.077094
1.104103
1.092116
1.097806
1.083998
1.089689
1.089689
1.104103
1.097199
1.084605
1.103496
1.104103
1.097199
1.101676
1.122994
1.077094
1.110400
1.109186
1.109793
1.103496
1.084605
1.078915
1.089688
1.102889
1.109793
1.109793
1.076488
1.102889
1.097199
1.097199
1.110400
1.122994
1.103496
1.116697
1.076488
1.108580
1.104103
1.090902
1.103496
1.104103
1.104103
1.090902
1.109186
1.095379
1.096592
1.097806
1.090902
1.091509
1.103496
1.090902
1.103496
1.090295
1.097806
1.102889
1.109793
1.097806
1.097199
1.082785
1.089688
1.077094
1.104103
1.090902
1.103496
1.090295
1.085212
1.090902
1.102889
1.103496
1.109793
1.083391
1.095379
1.129291
1.095986
1.082785
1.082178
1.084605
1.097199
1.083391
1.103496
1.103496
1.097199
1.103496
1.105317
1.077094
1.089688
1.095986
1.109793
1.117304
1.098413
1.075274
1.110400
1.102889
1.090295
1.103496
1.076488
1.083391
1.095986
1.116697
1.097806
1.110400
1.103496
1.089689
1.097199
1.117304
1.089689
1.096592
1.089082
1.097199
1.102889
1.102889
1.122994
1.109186
1.097199
1.082178
1.116697
1.097199
1.096592
1.096592
1.097806
1.102283
1.083391
1.104103
1.104710
1.109793
1.084605
1.091509
1.082785
1.110400
1.117304
1.111007
1.124208
1.091509
1.088475
1.097199
1.097199
1.083391
1.097806
1.083391
1.096592
1.102889
1.095986
1.103496
1.095986
1.082785
1.088475
1.089689
1.097806
1.089688
1.091509
1.083391
1.097199
1.095379
1.090902
1.089688
1.089688
1.097806
1.111007
1.102283
1.102889
1.111007
1.092116
1.103496
1.084605
1.097199
1.082178
1.109186
1.090295
1.103496
1.090295
1.103496
1.109793
1.110400
1.098413
1.109793
1.111007
1.077094
1.102889
1.097806
1.104103
1.124208
1.097806
1.102889
1.088475
1.096592
1.104103
1.097806
1.097806
1.090902
1.103496
1.109187
1.104103
1.102889
1.109186
1.091509
1.090295
1.091509
1.090902
1.082785
1.096592
1.104103
1.089688
1.123601
1.104103
1.116090
1.097199
1.110400
1.103496
1.101119
