1.090902
1.097199
1.095986
1.109186
1.104103
1.083998
1.083998
1.117304
1.104710
1.103496
1.083998
1.104710
1.090902
1.116090
1.097199
1.082785
1.109793
1.083998
1.102283
1.104103
1.123601
1.092116
1.103496
1.110400
1.096592
1.117304
1.122994
1.096592
1.109793
1.083391
1.077094
1.129898
1.102889
1.084605
1.123601
1.089082
1.096592
1.092116
1.090295
1.096592
1.083998
1.102889
1.111007
1.090295
1.096592
1.095379
1.104103
1.089688
1.116697
1.104710
1.085212
1.083998
1.092116
1.089689
1.091509
1.088475
1.122387
1.097806
1.084605
1.082785
1.090902
1.090902
1.103496
1.101676
1.097199
1.122387
1.089688
1.090295
1.089689
1.089689
1.090902
1.083998
1.095986
1.095986
1.084605
1.084605
1.089689
1.115484
1.102889
1.089082
1.095379
1.116697
1.102283
1.129898
1.089689
1.082785
1.090295
1.102889
1.077094
1.089689
1.104103
1.111007
1.090295
1.095986
1.103496
1.096592
1.103496
1.090902
1.096592
1.084605
1.110400
1.083998
1.111007
1.095379
1.102283
1.089082
1.109793
1.116697
1.115484
1.095986
1.090295
1.104103
1.095379
1.103496
1.109186
1.097199
1.089689
1.090295
1.077701
1.110400
1.089082
1.122387
1.097199
1.095986
1.096592
1.097806
1.103496
1.097199
1.097806
1.084605
1.124208
1.096592
1.102889
1.097806
1.103496
1.085212
1.090902
1.097806
1.095986
1.083391
1.104103
1.102889
1.083391
1.111007
1.102889
1.097199
1.097199
1.095985
1.084605
1.089082
1.116697
1.096592
1.104103
1.091509
1.089082
1.096592
1.089082
1.104103
1.116697
1.095986
1.102889
1.097199
1.095379
1.085819
1.102889
1.109793
1.083391
1.104103
1.104103
1.088475
1.102283
1.096592
1.109186
1.083998
1.109793
1.109793
1.102889
1.097806
1.116697
1.102889
1.097199
1.102889
1.116090
1.097199
1.097199
1.097806
1.098413
1.090902
1.109793
1.089688
1.090295
1.090902
1.097199
1.103496
1.104103
1.110400
1.102889
1.092116
1.078308
1.097806
1.084605
1.090902
1.090902
1.102889
1.089689
1.111614
1.116697
1.102889
1.104103
1.090295
1.096592
1.090902
1.096592
1.095986
1.082785
1.102283
1.102889
1.104710
1.082785
1.096592
1.109186
1.097806
1.109186
1.083391
1.095986
1.110400
1.082785
1.077094
1.095379
1.097199
1.082178
1.090902
1.109186
1.109793
1.103496
1.082785
1.090902
1.110400
1.090295
1.104103
1.097806
1.116697
1.090902
1.109793
1.097199
1.083391
1.109793
1.083998
1.097199
1.103496
1.090295
1.110400
1.082785
1.102889
1.098413
1.109793
1.111007
1.103496
1.099020
1.095986
1.110400
1.090902
1.109793
1.104710
1.097199
1.103496
1.103496
1.082178
1.102283
1.109793
1.085819
1.097199
1.089689
1.098413
1.097199
1.097199
1.090295
1.090295
1.095986
1.084605
1.102283
1.104103
1.102889
1.124208
1.089689
1.109793
1.091509
1.103496
1.097199
1.091509
1.103496
1.104710
1.103496
1.097199
1.095986
1.090295
1.090902
1.090295
1.110400
1.095985
1.109793
1.090902
1.096592
1.104710
1.089689
1.116697
1.104103
1.097199
1.095985
1.104103
1.111614
1.095986
1.104710
1.090295
1.075274
1.082178
1.095379
1.095986
1.097806
1.096592
1.102889
1.097199
1.091509
1.097806
1.082785
1.095986
1.089688
1.084605
1.091509
1.096592
1.097806
1.123601
1.097806
1.082785
1.103496
1.089082
1.111007
1.078106
