1.097199
1.089689
1.090902
1.090902
1.096592
1.090295
1.089689
1.096592
1.091509
1.111007
1.083998
1.109793
1.091509
1.090295
1.089688
1.097806
1.102889
1.108580
1.089082
1.096592
1.090295
1.090902
1.084605
1.102889
1.097806
1.097806
1.083998
1.095986
1.117304
1.097199
1.097199
1.095986
1.096592
1.083391
1.102889
1.090295
1.097199
1.102283
1.090295
1.090295
1.090902
1.105317
1.117304
1.110400
1.075881
1.090295
1.109793
1.102889
1.090295
1.102889
1.097199
1.091509
1.083998
1.090295
1.109186
1.085212
1.077701
1.104103
1.110400
1.083391
1.104710
1.089689
1.095379
1.090902
1.103496
1.082178
1.116697
1.109186
1.103496
1.090902
1.096592
1.111007
1.091509
1.090902
1.096592
1.096592
1.097199
1.092116
1.110400
1.089689
1.103496
1.082785
1.089688
1.097199
1.109793
1.089689
1.090902
1.083391
1.104103
1.095986
1.102889
1.097806
1.088475
1.089082
1.105317
1.090902
1.105317
1.103496
1.102889
1.097806
1.104103
1.111007
1.096592
1.102889
1.103496
1.110400
1.096592
1.095379
1.109793
1.090902
1.083998
1.096592
1.092116
1.104103
1.083998
1.082178
1.096592
1.109793
1.096592
1.092116
1.104710
1.102889
1.104103
1.098413
1.090295
1.109793
1.104710
1.097199
1.109187
1.090902
1.110400
1.082178
1.095986
1.096592
1.097199
1.109186
1.110400
1.082785
1.097806
1.109793
1.097806
1.109186
1.104103
1.084605
1.097806
1.096592
1.097199
1.110400
1.095985
1.104103
1.083998
1.103496
1.103496
1.097199
1.103496
1.089082
1.103496
1.117911
1.103496
1.109186
1.091509
1.083998
1.095379
1.116697
1.092116
1.096592
1.110400
1.103496
1.103496
1.095986
1.123601
1.083998
1.090295
1.096592
1.089689
1.095986
1.089689
1.102889
1.097199
1.104710
1.077094
1.111007
1.097199
1.103496
1.104103
1.095985
1.081571
1.109793
1.102889
1.090902
1.097806
1.097199
1.088475
1.091509
1.096592
1.116090
1.082178
1.096592
1.095986
1.090902
1.090902
1.084605
1.083391
1.104103
1.095379
1.083998
1.097806
1.096592
1.102889
1.109793
1.089688
1.097806
1.090295
1.089082
1.109793
1.095379
1.095379
1.123601
1.089689
1.111007
1.096592
1.096592
1.111007
1.084605
1.097199
1.090295
1.097806
1.096592
1.082785
1.098413
1.097199
1.110400
1.083391
1.102283
1.090902
1.117911
1.095986
1.104103
1.109793
1.089688
1.117304
1.102889
1.116697
1.109793
1.109793
1.096592
1.102283
1.084605
1.083391
1.097199
1.097199
1.091509
1.102889
1.104103
1.089689
1.109186
1.110400
1.097199
1.097806
1.090295
1.081571
1.103496
1.122994
1.096592
1.116090
1.090902
1.110400
1.084605
1.104103
1.122994
1.103496
1.097806
1.103496
1.095379
1.102889
1.110400
1.116697
1.082785
1.102890
1.104103
1.097806
1.097199
1.109793
1.090295
1.089688
1.090902
1.089689
1.095986
1.089689
1.083998
1.103496
1.090295
1.082785
1.098413
1.083391
1.097199
1.096592
1.123601
1.095379
1.110400
1.082178
1.097199
1.097199
1.078915
1.089082
1.102283
1.111007
1.091509
1.083998
1.103496
1.096592
1.090295
1.109186
1.102889
1.122994
1.109793
1.109793
1.102889
1.109793
1.084605
1.103496
1.102889
1.077094
1.090902
1.109186
1.110400
1.109793
1.097199
1.111007
1.095379
1.104103
1.089689
1.097806
1.102889
1.095986
1.096592
1.110400
1.120086
