1.111007
1.116697
1.090902
1.096592
1.078308
1.102889
1.097199
1.101676
1.102889
1.097199
1.096592
1.123601
1.111007
1.082785
1.090295
1.097199
1.104103
1.116090
1.090902
1.111007
1.083998
1.090295
1.083391
1.104103
1.090295
1.116697
1.083391
1.102889
1.104710
1.095985
1.097199
1.090902
1.089082
1.090295
1.102889
1.108580
1.095986
1.090902
1.109793
1.104103
1.110400
1.111007
1.089688
1.116697
1.103496
1.102283
1.104103
1.089082
1.097806
1.095986
1.111007
1.090295
1.090902
1.083998
1.096592
1.083998
1.102889
1.103496
1.095986
1.103496
1.091509
1.110400
1.111007
1.089689
1.097806
1.103496
1.116697
1.097199
1.104103
1.090295
1.104103
1.083998
1.109186
1.102889
1.083998
1.097806
1.095986
1.109793
1.105317
1.096592
1.117304
1.097199
1.102889
1.096592
1.075881
1.102889
1.123601
1.109793
1.096592
1.109793
1.089082
1.095986
1.091509
1.104103
1.104103
1.102889
1.089689
1.097806
1.077094
1.090902
1.083998
1.094772
1.097199
1.116090
1.089689
1.090902
1.096592
1.110400
1.095379
1.095986
1.090902
1.096592
1.089688
1.103496
1.104103
1.122387
1.102889
1.090902
1.097199
1.104710
1.104103
1.096592
1.082785
1.103496
1.109793
1.084605
1.097199
1.110400
1.083998
1.090295
1.089689
1.123601
1.101676
1.097806
1.077094
1.090902
1.075881
1.097199
1.109793
1.097199
1.097199
1.097806
1.088475
1.090902
1.091509
1.097199
1.085819
1.110400
1.097199
1.090902
1.102890
1.097199
1.091509
1.097199
1.082785
1.098413
1.102889
1.102889
1.097199
1.085212
1.097199
1.098413
1.102889
1.096592
1.097199
1.096592
1.102283
1.090902
1.115484
1.083998
1.091509
1.096592
1.090902
1.117304
1.102889
1.109793
1.097199
1.083998
1.104103
1.089689
1.096592
1.083391
1.102889
1.109793
1.104103
1.109793
1.083391
1.104103
1.097199
1.117304
1.082785
1.102889
1.090902
1.088475
1.104103
1.097199
1.096592
1.089082
1.109793
1.089082
1.090902
1.089082
1.103496
1.097199
1.077094
1.098413
1.089688
1.103496
1.108580
1.110400
1.096592
1.090295
1.097199
1.102889
1.110400
1.084605
1.102889
1.117304
1.090295
1.116697
1.104103
1.083998
1.102889
1.102889
1.103496
1.092116
1.089082
1.096592
1.083998
1.103496
1.110400
1.095379
1.089082
1.096592
1.096592
1.123601
1.104103
1.082785
1.109793
1.097199
1.104103
1.102889
1.090295
1.097199
1.096592
1.090902
1.077094
1.109186
1.089082
1.089689
1.103496
1.077094
1.097199
1.089689
1.103496
1.095379
1.084605
1.110400
1.092116
1.097806
1.111007
1.090902
1.110400
1.104103
1.083391
1.102283
1.096592
1.089689
1.096592
1.109793
1.089082
1.102889
1.076488
1.084605
1.109793
1.109793
1.095986
1.116697
1.105317
1.085212
1.084605
1.096592
1.097199
1.083391
1.095986
1.102283
1.111007
1.095986
1.097199
1.096592
1.109793
1.090295
1.103496
1.104710
1.097806
1.090295
1.084605
1.095986
1.095986
1.117911
1.111007
1.090295
1.097199
1.083998
1.096592
1.091509
1.090902
1.110400
1.102283
1.096592
1.117304
1.101676
1.089689
1.111007
1.102889
1.102283
1.096592
1.083391
1.096592
1.090295
1.082178
1.091509
1.110400
1.116697
1.109793
1.104103
1.096592
1.094772
1.104710
1.116697
1.096592
1.090295
1.097806
1.116697
1.090902
1.076488
1.090902
1.099096
