1.116090
1.102889
1.109793
1.103496
1.102889
1.097199
1.090295
1.116697
1.097199
1.096592
1.095379
1.102889
1.105317
1.115484
1.104103
1.091509
1.082785
1.089688
1.104103
1.096592
1.109186
1.104103
1.095379
1.102889
1.096592
1.103496
1.090902
1.103496
1.077701
1.102283
1.090902
1.096592
1.090902
1.096592
1.097199
1.104103
1.104103
1.104103
1.090902
1.110400
1.090902
1.095379
1.097199
1.116090
1.090902
1.097806
1.097199
1.109793
1.090295
1.102283
1.104103
1.103496
1.104103
1.090902
1.095986
1.090295
1.097199
1.096592
1.097199
1.109793
1.103496
1.077701
1.109793
1.089082
1.110400
1.096592
1.089689
1.103496
1.090902
1.102889
1.116697
1.097806
1.109793
1.089082
1.109186
1.089689
1.096592
1.097199
1.097199
1.103496
1.110400
1.090902
1.083391
1.104710
1.103496
1.109793
1.088475
1.090295
1.089689
1.104710
1.090902
1.123601
1.082785
1.095986
1.083998
1.089688
1.091509
1.116697
1.103496
1.094772
1.095986
1.103496
1.097806
1.092116
1.103496
1.096592
1.085212
1.089689
1.083998
1.117304
1.089688
1.097806
1.097199
1.085212
1.116697
1.096592
1.101676
1.102889
1.095986
1.096592
1.097806
1.096592
1.123601
1.097199
1.103496
1.083998
1.089689
1.095986
1.111007
1.084605
1.082785
1.091509
1.090295
1.103496
1.111007
1.097199
1.102283
1.104103
1.122994
1.089082
1.096592
1.090902
1.083391
1.089688
1.097199
1.111007
1.103496
1.097806
1.109793
1.083391
1.103496
1.109793
1.084605
1.088475
1.082178
1.084605
1.104103
1.097199
1.110400
1.102283
1.089688
1.095986
1.090295
1.083998
1.095986
1.090295
1.090295
1.090295
1.104103
1.110400
1.102283
1.104103
1.104103
1.091509
1.089689
1.082785
1.090295
1.104103
1.116697
1.090295
1.090902
1.090902
1.109186
1.116697
1.083391
1.089689
1.082785
1.089689
1.090295
1.103496
1.082785
1.109186
1.090295
1.102889
1.091509
1.089689
1.090295
1.097806
1.097806
1.091509
1.098413
1.097199
1.104103
1.090902
1.096592
1.110400
1.089082
1.111007
1.103496
1.104103
1.076487
1.091509
1.092722
1.095379
1.116090
1.096592
1.109793
1.090295
1.103496
1.096592
1.097199
1.082785
1.096592
1.097199
1.096592
1.089082
1.097199
1.109186
1.104103
1.083391
1.097806
1.097199
1.095986
1.097806
1.097199
1.090295
1.097806
1.104710
1.083998
1.090295
1.081571
1.095986
1.102889
1.103496
1.109793
1.095379
1.089688
1.103496
1.103496
1.090295
1.110400
1.096592
1.089689
1.109186
1.090902
1.102889
1.102889
1.104103
1.097199
1.097806
1.095986
1.116697
1.091509
1.097199
1.122994
1.095986
1.097806
1.090295
1.110400
1.103496
1.090295
1.083391
1.111007
1.090295
1.090902
1.129898
1.103496
1.089689
1.110400
1.110400
1.097199
1.104103
1.098413
1.095986
1.083998
1.095986
1.090902
1.097199
1.090295
1.087868
1.097199
1.102283
1.104710
1.109186
1.097199
1.102889
1.103496
1.095986
1.090295
1.110400
1.103496
1.096592
1.104103
1.091509
1.104103
1.116090
1.102889
1.097199
1.104710
1.096592
1.090902
1.097199
1.104103
1.109793
1.104103
1.104710
1.109186
1.096592
1.090295
1.091509
1.090295
1.097806
1.096592
1.117304
1.109793
1.117911
1.083391
1.090295
1.090902
1.082178
1.083998
1.083998
1.090295
1.109793
1.104103
1.096592
1.095986
1.076083
000
000
000
000
000
000
000
000
000
000
000
000
000
000
000
000
000
000
000
000
000
000
000
000
000
000
000
000
000
000
000
000
000
000
000
000
000
000
000
000
000
000
000
000
000
000
000
000
000
000
000
000
000
000
000
000
000
000
000
000
000
000
000
000
000
000
000
000
000
000
000
000
000
000
000
000
000
000
000
000
000
000
000
000
000
000
000
0000
0000
0000
0000
0000
0000
0000
0000
0000
0000
0000
0000
0000
0000
0000
0000
0000
0000
0000
0000
0000
0000
0000
0000
0000
0000
0000
0000
0000
0000
0000
0000
0000
