1.110273
1.107461
1.122326
1.066966
1.013503
1.124767
1.079026
1.091897
1.026242
1.116828
1.090481
1.109624
1.121624
1.140378
1.164062
1.156692
1.227762
1.136230
1.048504
1.072515
1.073076
1.165948
1.016760
1.137300
1.091180
1.149226
1.051206
1.156796
1.117428
1.066053
1.164175
1.044202
1.145316
1.114543
1.127879
1.127767
1.090599
1.108967
1.118320
1.117217
1.127904
1.098677
1.100101
1.098537
1.089467
1.096836
1.095702
1.086807
1.098079
1.062705
1.121589
1.167046
1.027395
1.072472
1.069723
1.160010
1.074708
1.100699
1.068828
1.097675
1.100595
1.171629
1.134942
1.134013
1.067557
1.129512
1.126024
1.067722
1.072484
1.034321
1.064356
1.118689
1.107296
1.090634
0.990106
1.137261
1.027408
1.225181
1.142075
1.079311
1.097638
1.089931
1.127063
1.102069
0.998161
1.101111
1.089692
1.030082
1.046077
1.126296
1.060076
1.051418
1.208721
1.084493
1.118657
1.127072
1.089375
1.159114
1.064378
1.147058
1.169612
1.067755
1.127573
1.011304
1.109878
1.099845
1.087310
1.106354
1.056857
1.080345
1.094563
1.140761
1.187087
1.123029
1.106046
1.110314
1.123817
1.134369
1.036462
1.126511
1.105513
1.141335
1.109824
1.084012
1.083253
1.098338
1.072780
1.102209
1.099872
1.110386
1.107179
1.152865
1.116415
1.144605
1.089011
1.148802
1.135582
1.092907
1.106052
1.090115
1.095597
1.091154
1.127161
1.096027
1.113464
1.095124
1.097645
1.094074
1.105874
1.128623
1.106207
1.050871
1.076716
1.078379
1.161102
1.135105
1.153177
1.089087
1.069747
1.095809
1.112413
1.041690
1.082067
1.065870
1.052799
1.150045
1.108013
1.122758
1.139915
1.090749
1.122587
1.134788
1.090452
1.155930
1.114087
1.165142
1.113369
1.090385
1.102267
1.107457
1.095500
1.099094
1.088636
1.099310
1.114382
1.083134
1.095055
1.131971
1.086718
1.085178
1.128233
1.118083
1.105643
1.108237
1.101737
1.103233
1.105219
1.091702
1.102279
1.104265
1.080413
1.105659
1.082586
1.123859
1.099518
1.114479
1.092050
1.113101
1.146361
1.079194
1.138428
1.113165
1.086805
1.093409
1.103494
1.095399
1.104126
1.091075
1.102737
1.085034
1.103233
1.116180
1.106600
1.079700
1.091380
1.091131
1.084271
1.090732
1.052140
1.126133
1.007568
1.059118
1.066350
1.100938
1.109420
1.057866
1.078242
1.157313
0.980474
1.134839
1.053046
1.062028
1.073069
1.004030
1.048095
1.125208
0.999678
1.127888
1.244288
1.203295
1.161542
1.191669
1.103791
1.197643
0.950871
1.138318
1.071549
1.129344
1.142942
1.029049
1.050820
1.091860
1.107489
1.128227
1.159295
1.117281
1.089822
1.103074
1.099056
1.103783
1.092493
1.094237
1.121805
1.104170
1.089484
1.118963
1.084244
1.103472
1.111706
1.093278
1.081293
1.073666
1.101817
1.129084
1.120455
1.055721
1.129444
1.117991
1.067911
1.070338
1.110217
1.061310
1.109154
1.173351
1.070929
1.143781
1.022079
5.966678
1.059430
1.099288
1.108855
1.097231
1.095739
1.136165
1.085681
1.062143
1.061717
1.114029
1.064019
1.186801
1.034754
1.116303
1.091239
1.114433
1.152189
1.107108
1.130543
1.082985
1.085253
1.091131
1.091496
1.102266
1.069816
1.106284
1.128090
1.083060
1.132375
1.081985
1.076427
1.106894
1.093946
1.066530
1.124432
1.102528
1.097215
1.077617
1.079154
1.165905
