1.125112
1.114302
1.221462
1.201256
1.064314
1.621437
1.159237
1.295976
0.981218
1.192764
1.122743
1.358854
1.145212
1.237796
1.330291
0.722234
1.138209
1.111107
3.699507
3.447736
1.199873
1.080510
1.125003
1.092200
1.027461
1.148306
1.356854
1.070868
1.292391
1.243917
1.227536
1.124854
1.097323
1.120726
1.221027
1.235610
1.241026
1.067936
1.120852
1.098541
1.098175
1.102230
1.089397
1.178149
1.127990
1.146978
1.101117
1.169735
1.112526
3.441139
1.006443
1.090930
1.187061
1.121104
1.098747
1.726868
1.083847
1.133985
1.585697
1.315261
1.076137
1.248628
1.268790
1.055238
1.218453
2.179570
1.224454
1.181642
1.045872
1.052850
1.106875
1.109450
0.999430
4.535533
3.502357
1.433160
1.078926
1.033150
1.114409
0.991528
1.055206
1.163954
1.202066
1.393857
1.239455
1.403345
1.228066
1.069200
1.112230
4.411009
1.342539
1.705312
1.424510
1.177811
1.359565
1.171695
1.095493
1.116526
1.171808
1.446332
1.585561
1.465929
1.683462
1.294972
1.090629
1.132175
1.183854
1.174682
1.124485
1.045087
1.234612
1.407523
1.225209
1.079304
1.100991
1.228175
1.094240
1.338821
2.626928
1.155094
1.105990
1.169316
1.084400
1.093709
1.103266
0.964075
1.159893
1.135387
1.356402
1.641235
1.067886
1.196839
0.974572
1.103387
1.150665
1.276815
2.897653
1.122958
1.098192
1.141051
1.128559
1.063990
1.126147
1.260552
1.249327
1.034335
4.087693
1.158991
1.114934
1.193612
1.039214
1.082655
1.110119
1.340255
1.026492
1.017841
1.094812
1.018083
1.328129
1.208198
1.169582
1.160219
1.201503
1.062527
1.037635
1.262336
1.197220
0.902830
1.563233
1.057106
1.482786
1.266890
1.258940
1.068263
1.039586
1.055758
0.967732
0.951794
1.456938
0.901532
0.956712
1.369426
1.394882
1.303300
1.557341
1.028740
1.032886
1.314927
1.116040
1.267436
1.253881
1.357820
1.141685
1.268067
1.228639
1.190095
1.113343
1.064823
1.252163
1.246527
0.898012
1.167403
0.956198
1.196526
1.199157
1.089912
1.171111
1.050046
1.150869
1.337943
1.162440
1.058253
1.095034
1.241493
1.109015
1.140567
0.975013
1.178519
1.231868
1.105399
1.127965
1.116125
1.069813
1.059896
1.386692
1.063385
1.474150
1.012831
1.044000
1.066973
1.279133
1.161232
1.102441
1.113037
1.152640
1.194323
1.261433
1.154032
1.135826
0.973676
1.168787
1.165764
1.014171
1.178644
0.954762
1.120654
1.207615
1.214509
1.137192
1.202578
1.082150
1.116363
1.250217
1.284884
1.096308
1.042819
1.181705
1.110323
1.044093
1.198257
1.138621
1.129261
1.176156
1.111675
1.368888
1.116931
1.263339
1.121057
1.184452
1.077720
1.051411
1.022769
1.394671
1.148818
1.191458
1.101711
1.252137
1.052042
1.058155
1.051912
1.093928
1.040076
1.198969
1.058951
1.131203
1.074775
1.200129
1.078589
1.044846
1.253546
0.941161
1.161514
1.152570
1.030026
1.069002
1.308099
1.130004
1.224617
1.247488
1.129058
1.091672
0.985795
1.121078
1.047556
1.311298
1.168558
1.236840
1.177388
1.256879
1.137329
1.158918
1.065444
1.156809
1.047602
1.019830
1.287954
1.112353
1.199930
1.127365
1.085924
1.091692
1.088530
1.067808
1.225454
1.094253
1.075989
1.158659
1.220103
1.113022
1.260007
1.083521
1.134250
1.195319
1.175150
1.325487
1.057512
1.102398
1.012748
