1.093803
1.085446
1.145263
1.055812
1.072679
1.058750
1.063934
1.115403
1.116512
1.076155
1.094365
1.094474
1.099364
1.068204
1.166427
1.030815
1.098263
1.121017
1.169217
1.092642
1.104350
1.092508
1.125283
1.066319
1.050840
1.095112
1.101542
1.071257
1.142579
1.094861
1.074862
1.138069
1.075191
1.109824
1.084254
1.163312
1.112568
1.058895
1.081078
1.111740
1.077179
1.065387
1.094217
1.141411
1.087151
1.082315
1.073361
1.077603
1.119316
1.060326
1.094572
1.097971
1.136989
1.069383
1.080372
1.057029
1.096340
1.056562
1.114669
1.093316
1.092149
1.082467
1.090077
1.094257
1.068440
1.047840
1.080993
1.128974
1.170194
1.121689
1.121534
1.129902
1.082651
1.057088
1.101668
1.138855
1.047743
1.110530
1.110309
1.038858
1.085230
1.112001
1.153771
1.086047
1.126475
1.100468
1.118499
1.160547
1.106075
1.099499
1.121296
1.056309
1.106166
1.078220
1.102305
1.101752
1.113487
1.094811
1.101942
1.145334
1.097684
1.080707
1.110759
1.123709
1.112061
1.085283
1.083246
1.097913
1.090865
1.104448
1.079952
1.126428
1.071105
1.129893
1.121483
1.086840
1.119969
1.101057
1.096825
1.081014
1.101322
1.088681
1.069718
1.107473
1.101819
1.114032
1.092975
1.108816
1.096546
1.108132
1.107669
1.099028
1.085194
1.114948
1.101352
1.116375
1.093906
1.100615
1.079478
1.079808
1.094349
1.094263
1.105787
1.115659
1.095133
1.114192
1.095351
1.110677
1.108632
1.094489
1.081621
1.096335
1.097420
1.099941
1.095346
1.101165
1.098215
1.108858
1.093344
1.084520
1.098005
1.095144
1.062772
1.097906
1.086101
1.091773
1.094678
1.111659
1.108294
1.104570
1.106581
1.104559
1.122571
1.104310
1.103925
1.102625
1.089813
1.073451
1.090759
1.085813
1.115113
1.127289
1.110866
1.076792
1.110327
1.134260
1.080833
1.094458
1.087228
1.096414
1.084006
1.105389
1.109909
1.098053
1.103411
1.090190
1.098956
1.088719
1.121164
1.109071
1.127080
1.106591
1.093461
1.086428
1.078583
1.113167
1.084618
1.132896
1.092963
1.093403
1.081176
1.091037
1.123270
1.097346
1.074577
1.113302
1.078973
1.107105
1.121568
1.084214
1.078868
1.105149
1.078346
1.067299
1.124324
1.124842
1.089675
1.094032
1.116467
1.094062
1.121478
1.102968
1.142524
1.104249
1.087346
1.093661
1.110114
1.082939
1.114595
1.120234
1.104898
1.087925
1.105168
1.131487
1.117597
1.105114
1.088038
1.088184
1.086374
1.087330
1.078476
1.133056
1.132068
1.096506
1.089261
1.118764
1.109809
1.090695
1.096716
1.088055
1.103688
1.089269
1.099588
1.096250
1.099279
1.095608
1.106059
1.095283
1.100554
1.101634
1.118979
1.088746
1.097530
1.114214
1.110531
1.106962
1.096047
1.087320
1.102598
1.102364
1.097704
1.097708
1.092230
1.095261
1.097775
1.107078
1.098522
1.102320
1.098483
1.101800
1.095183
1.099842
1.095755
1.092922
1.100416
1.106154
1.094802
1.094881
1.090468
1.102613
1.098420
1.108280
1.090509
1.095760
1.088863
1.087819
1.101199
1.091257
1.082280
1.093626
1.081914
1.064762
1.096051
1.113619
1.124204
1.098940
1.098868
1.094787
1.097961
1.139813
1.115948
1.126763
1.103547
1.142310
1.107911
1.122744
1.095889
1.092298
1.089861
1.070235
1.066672
1.125367
1.106622
1.118090
1.070199
1.073659
1.114900
1.099937
