1.080929
1.081003
1.106818
1.102752
1.076661
1.058726
1.113048
1.117496
1.137908
1.107361
1.108989
1.068031
1.071890
1.111477
1.092356
1.117255
1.076924
1.067771
1.076363
1.099299
1.094829
1.082100
1.124574
1.091804
1.084712
1.146469
1.066825
1.133216
1.104482
1.121014
1.155399
1.119722
1.107312
1.113168
1.135356
1.100751
1.124323
1.099263
1.118729
1.090922
1.106366
1.104869
1.111307
1.088209
1.104378
1.099307
1.096354
1.099181
1.098281
1.097384
1.098602
1.100680
1.094935
1.099945
1.098131
1.103071
1.096981
1.097211
1.097404
1.105856
1.097465
1.097904
1.090650
1.100726
1.097175
1.096078
1.108057
1.104801
1.105986
1.093226
1.093200
1.093126
1.097503
1.106608
1.093497
1.096531
1.114593
1.094596
1.110362
1.086752
1.088937
1.100632
1.096185
1.085359
1.093168
1.116029
1.096117
1.116986
1.101993
1.110449
1.103016
1.110570
1.093571
1.091666
1.097790
1.093147
1.102081
1.093150
1.093239
1.110252
1.093595
1.096682
1.102408
1.110862
1.102204
1.104196
1.092726
1.095399
1.105715
1.102671
1.096273
1.095815
1.099525
1.096785
1.096762
1.096720
1.096214
1.101633
1.102508
1.106373
1.093300
1.093341
1.092828
1.092159
1.104092
1.106907
1.099283
1.101303
1.098214
1.106191
1.092883
1.098979
1.102115
1.102338
1.102191
1.095132
1.112041
1.086001
1.097811
1.094286
1.107759
1.094696
1.100699
1.099842
1.090353
1.099564
1.098291
1.105067
1.098679
1.101127
1.097904
1.090149
1.106700
1.100390
1.096292
1.100096
1.103952
1.088104
1.089628
1.097312
1.097202
1.093328
1.097351
1.095531
1.104099
1.093659
1.074908
1.095622
1.105464
1.100553
1.101239
1.125751
1.083234
1.094804
1.094681
1.074428
1.084251
1.075547
1.113269
1.106925
1.098032
1.083293
1.082408
1.125251
1.082558
1.111116
1.093672
1.080664
1.090236
1.123600
1.140401
1.098539
1.142594
1.075680
1.075505
1.114371
1.082541
1.072554
1.110673
1.084834
1.110752
1.102353
1.093255
1.101218
1.093485
1.073836
1.102398
1.120988
1.120990
1.131671
1.113086
1.136131
1.076091
1.121735
1.101183
1.090731
1.100491
1.080297
1.099653
1.093962
1.098987
1.090750
1.085204
1.103357
1.083729
1.107586
1.119478
1.083834
1.108041
1.095185
1.121461
1.077997
1.116068
1.102950
1.075670
1.108018
1.080201
1.103470
1.094529
1.113216
1.103626
1.112902
1.089692
1.071046
1.084753
1.089472
1.113260
1.089442
1.050243
1.074608
1.091770
1.095145
1.105777
1.111727
1.101756
1.063745
1.113443
1.060732
1.117716
1.092711
1.100896
1.101641
1.144725
1.090960
1.133631
1.115703
1.102091
1.135735
1.054348
1.081660
1.097939
1.110950
1.113959
1.129570
1.063745
1.106920
1.110178
1.090609
1.144256
1.144843
1.124470
1.109907
1.093221
1.095176
1.107556
1.109323
1.108636
1.097726
1.092725
1.109514
1.124907
1.090714
1.114140
1.101235
1.104469
1.096926
1.095297
1.094089
1.102539
1.105875
1.102264
1.100994
1.096471
1.103227
1.091967
1.100084
1.097330
1.095666
1.102155
1.104300
1.102117
1.099030
1.101276
1.096794
1.097683
1.096978
1.099632
1.097521
1.102152
1.097797
1.097749
1.094259
1.101061
1.099148
1.099971
1.096301
1.102443
1.093803
1.099982
1.105686
1.095384
1.103278
1.097671
1.094647
1.094964
1.095521
1.100616
1.096255
