1.099541
1.098897
1.086688
1.095349
1.085853
1.102281
1.108655
1.085790
1.102649
1.113170
1.103292
1.071451
1.070300
1.103952
1.091545
1.064356
1.143261
1.134380
1.091586
1.138442
1.110852
1.091803
1.091883
1.084468
1.110253
1.100210
1.080626
1.094729
1.094363
1.087882
1.116212
1.075948
1.101831
1.113200
1.074202
1.106934
1.096482
1.113143
1.102285
1.086436
1.088823
1.099790
1.109055
1.125004
1.091131
1.134297
1.088085
1.089144
1.098667
1.077543
1.086959
1.114490
1.109355
1.109410
1.082891
1.083578
1.095412
1.137206
1.082627
1.076507
1.094332
1.121347
1.077030
1.093592
1.082715
1.103990
1.089317
1.103456
1.113545
1.135043
1.082291
1.157324
1.060466
1.098725
1.093945
1.123722
1.136902
1.116470
1.069736
1.095055
1.086095
1.118000
1.097812
1.097135
1.085150
1.062695
1.106586
1.072685
1.058952
1.072983
1.105987
1.063068
1.106025
1.111263
1.062674
1.105625
1.112870
1.129403
1.100887
1.122078
1.126068
1.092435
1.075045
1.133784
1.082832
1.091117
1.101921
1.132317
1.112086
1.091992
1.101766
1.110802
1.073986
1.128233
1.127883
1.134562
1.068548
1.086086
1.115622
1.107568
1.099972
1.100719
1.099521
1.118598
1.117499
1.102860
1.095019
1.113677
1.087427
1.091928
1.113916
1.078901
1.174080
1.092497
1.096828
1.096357
1.100809
1.106142
1.108094
1.084676
1.094871
1.096311
1.096377
1.096734
1.099006
1.098975
1.090489
1.107967
1.101161
1.104447
1.093872
1.096587
1.096028
1.096806
1.091105
1.097122
1.097141
1.083095
1.112251
1.091264
1.104578
1.096884
1.104949
1.088122
1.094078
1.095724
1.113567
1.085715
1.130711
1.108830
1.087579
1.113116
1.097902
1.122172
1.132293
1.095842
1.090412
1.106832
1.093276
1.095294
1.098047
1.094654
1.095947
1.098712
1.101163
1.101368
1.101261
1.100357
1.100920
1.095468
1.098487
1.096615
1.103431
1.099965
1.096607
1.099272
1.096134
1.094786
1.080443
1.099374
1.102204
1.106530
1.106783
1.098962
1.111291
1.108100
1.100310
1.097334
1.091437
1.098140
1.109114
1.101336
1.091626
1.091494
1.095183
1.083387
1.110343
1.098373
1.096496
1.103274
1.089720
1.111593
1.082446
1.111562
1.089468
1.104353
1.097140
1.081157
1.080032
1.115462
1.105955
1.105263
1.096756
1.105084
1.105370
1.105160
1.113087
1.112685
1.096997
1.116499
1.098306
1.119996
1.105144
1.092707
1.102692
1.098986
1.097194
1.099720
1.101275
1.092924
1.100587
1.103883
1.097965
1.105266
1.108210
1.096801
1.098669
1.100149
1.105647
1.096625
1.091589
1.093185
1.107004
1.092630
1.096226
1.104265
1.086758
1.098604
1.108599
1.099229
1.112234
1.087405
1.105897
1.094768
1.102788
1.103508
1.110956
1.090979
1.112348
1.098839
1.102035
1.087827
1.096600
1.100271
1.090617
1.108514
1.107358
1.095668
1.098805
1.099538
1.091661
1.107075
1.102283
1.091998
1.106227
1.083842
1.098236
1.096017
1.108779
1.100620
1.106467
1.099620
1.096422
1.091398
1.095374
1.114041
1.110191
1.088199
1.091790
1.102763
1.101424
1.093406
1.088930
1.100537
1.088631
1.102088
1.105397
1.096233
1.102405
1.104079
1.083831
1.126641
1.104097
1.104005
1.077251
1.097073
1.098124
1.082605
1.110476
1.105539
1.083243
1.089384
1.112942
1.120027
1.086049
1.091066
1.093991
1.099285
