1.095600
1.107013
1.100755
1.098032
1.100286
1.093046
1.086149
1.096106
1.091071
1.113930
1.105735
1.106254
1.087465
1.088435
1.079121
1.106481
1.115245
1.086995
1.087050
1.086757
1.116659
1.096642
1.096615
1.096367
1.075188
1.096184
1.118341
1.084324
1.072934
1.109489
1.154385
1.110020
1.109862
1.117024
1.092896
1.103710
1.098010
1.108636
1.091667
1.082348
1.107975
1.099699
1.104227
1.086548
1.095699
1.105951
1.109389
1.097353
1.102975
1.082533
1.109178
1.104433
1.095311
1.088140
1.099919
1.095439
1.081598
1.105715
1.084899
1.095718
1.093993
1.095693
1.101271
1.099960
1.086262
1.125179
1.067849
1.127334
1.117145
1.107416
1.077153
0.998658
1.083001
1.095662
1.106326
1.086605
1.104326
1.106465
1.099812
1.094684
1.102544
1.074509
1.085088
1.117183
1.062705
1.086765
1.100601
1.071884
1.085592
1.108544
1.076453
1.118004
1.066148
1.082758
1.083487
1.102344
1.091652
1.100454
1.082494
1.136780
1.124821
1.091295
1.091313
1.118101
1.128144
1.081402
1.112860
1.089604
1.092615
1.092894
1.106514
1.087529
1.147691
1.152042
1.098422
1.083914
1.111919
1.106569
1.157154
1.085628
1.069573
1.107961
1.095015
1.108121
1.120747
1.083833
1.094584
1.075566
1.079630
1.079219
1.130988
1.108283
1.129967
1.116905
1.107777
1.074492
1.084565
1.109275
1.127424
1.094007
1.083503
1.100241
1.089909
1.115148
1.100979
1.105650
1.092075
1.097222
1.107231
1.129223
1.102438
1.105875
1.080226
1.086094
1.117174
1.096048
1.102017
1.087815
1.108654
1.095195
1.080957
1.116113
1.095710
1.080565
1.116635
1.093364
1.099999
1.102273
1.124470
1.109586
1.103142
1.112831
1.100901
1.099865
1.096298
1.093414
1.099893
1.091912
1.092817
1.096947
1.098657
1.102699
1.098305
1.100507
1.104859
1.101663
1.105863
1.097482
1.089508
1.093699
1.101945
1.092806
1.097447
1.101845
1.117512
1.092384
1.092766
1.101897
1.097849
1.092850
1.101904
1.092831
1.097008
1.092802
1.092647
1.114188
1.102635
1.102596
1.101984
1.112242
1.112114
1.094275
1.104213
1.094924
1.097621
1.095615
1.097850
1.099710
1.095898
1.100286
1.093413
1.099232
1.093257
1.096891
1.092172
1.106607
1.093304
1.095793
1.082080
1.079760
1.090941
1.088897
1.117183
1.079537
1.074094
1.093156
1.107279
1.107858
1.101277
1.094103
1.083301
1.125648
1.117662
1.101974
1.127182
1.109320
1.122898
1.095551
1.095254
1.076543
1.122394
1.131956
1.086099
1.099645
1.128389
1.119759
1.100144
1.093853
1.121519
1.099513
1.099397
1.107512
1.114018
1.105851
1.107623
1.102895
1.097373
1.095758
1.099690
1.098032
1.098436
1.098349
1.098190
1.097337
1.100438
1.100770
1.102282
1.099418
1.099511
1.098861
1.098090
1.098308
1.100611
1.098591
1.096159
1.096844
1.099581
1.104057
1.096705
1.099140
1.097341
1.097610
1.103580
1.099526
1.100221
1.102209
1.099478
1.098491
1.103472
1.097528
1.095639
1.090369
1.096694
1.092584
1.095760
1.100904
1.100768
1.088091
1.087114
1.094330
1.129807
1.075410
1.094486
1.104189
1.081470
1.092043
1.116299
1.080822
1.129263
1.068013
1.130193
1.091959
1.117778
1.117320
1.104519
1.104290
1.080602
1.104174
1.116249
1.103663
1.092193
1.082883
1.094371
1.118666
1.061885
1.081991
1.112678
1.137806
