1.101442
1.113257
1.084214
1.062938
1.082920
1.118306
1.079909
1.087661
1.065865
1.118289
1.127910
1.075669
1.074298
1.120838
1.112192
1.106894
1.097556
1.092487
1.077562
1.098580
1.092174
1.120788
1.066603
1.080253
1.087156
1.091609
1.078389
1.118567
1.087205
1.107445
1.076961
1.042822
1.108383
1.090694
1.124830
1.141194
1.100674
1.124913
1.071996
1.038504
1.067141
1.041360
1.075373
1.100383
1.046029
1.106620
1.104655
1.131715
1.082438
1.039411
1.107709
1.054276
1.152886
1.154404
1.079877
1.127499
1.062830
1.108659
1.052280
1.100817
1.116826
1.154779
1.087091
1.037196
1.085822
1.103528
1.109397
1.084009
1.109943
1.084721
1.144531
1.180529
1.113597
1.072878
1.084283
1.175599
1.111000
1.108654
1.053767
1.090192
1.089834
1.143909
1.090324
1.124139
1.075152
1.140441
1.091110
1.106741
1.124484
1.092861
1.119798
1.104151
1.126799
1.102537
1.093126
1.086020
1.098186
1.110960
1.099590
1.135973
1.094899
1.104246
1.087245
1.099562
1.105520
1.094408
1.113328
1.101444
1.104604
1.093234
1.097423
1.092851
1.088831
1.091584
1.093862
1.105234
1.095497
1.090843
1.115316
1.104901
1.108411
1.123955
1.093661
1.107709
1.107203
1.106663
1.100240
1.100765
1.104181
1.104880
1.091507
1.100459
1.096438
1.096719
1.098295
1.095527
1.094626
1.104501
1.097410
1.099848
1.096535
1.102790
1.103802
1.101685
1.095364
1.097062
1.097348
1.096912
1.096461
1.095140
1.089749
1.103995
1.101519
1.090044
1.115371
1.105589
1.095566
1.096508
1.095407
1.103599
1.113401
1.088723
1.088801
1.092296
1.116860
1.099172
1.102558
1.105345
1.111183
1.092298
1.104428
1.101965
1.106044
1.098427
1.091957
1.100559
1.100993
1.100037
1.100337
1.095404
1.106293
1.095231
1.100710
1.106312
1.106559
1.095317
1.106015
1.099763
1.097706
1.097235
1.087464
1.101396
1.089773
1.092223
1.104125
1.110215
1.101551
1.088249
1.113823
1.112995
1.100478
1.096952
1.104174
1.097054
1.105695
1.098901
1.087819
1.104209
1.090622
1.114887
1.097134
1.092274
1.089846
1.114566
1.100766
1.082953
1.088296
1.097859
1.114980
1.097852
1.087081
1.084752
1.107158
1.092962
1.119416
1.081474
1.071187
1.091120
1.094563
1.085305
1.102263
1.075256
1.121385
1.099710
1.114454
1.121110
1.085035
1.111610
1.093728
1.093900
1.060684
1.089302
1.123964
1.108999
1.073742
1.078525
1.093734
1.130595
1.093967
1.091462
1.125696
1.079131
1.073492
1.107170
1.113445
1.101000
1.094653
1.094703
1.135137
1.109808
1.112490
1.094727
1.111608
1.092018
1.113622
1.082570
1.085572
1.116344
1.114326
1.086532
1.099106
1.123581
1.104602
1.103638
1.106176
1.090682
1.089728
1.083442
1.116908
1.095630
1.081150
1.090852
1.101460
1.106867
1.104488
1.099137
1.111784
1.096866
1.114919
1.099403
1.106716
1.109253
1.104834
1.102208
1.092104
1.094446
1.096638
1.102930
1.097127
1.094304
1.095083
1.097495
1.097547
1.097555
1.093969
1.093532
1.106018
1.102133
1.102212
1.088123
1.091914
1.085506
1.094883
1.110739
1.093352
1.089996
1.094965
1.089032
1.111081
1.102232
1.078159
1.101382
1.109041
1.099229
1.106826
1.121770
1.093726
1.093633
1.100056
1.099534
1.118832
1.103736
1.106688
1.119719
1.110529
1.082126
1.102954
1.129935
