1.085452
1.120021
1.112250
1.100377
1.096849
1.114522
1.095155
1.095816
1.104669
1.097744
1.107699
1.101997
1.083989
1.098411
1.105366
1.092929
1.096974
1.102193
1.094287
1.126599
1.077491
1.085352
1.093614
1.093398
1.122275
1.103121
1.092304
1.073739
1.115703
1.113948
1.122316
1.072446
1.091609
1.094669
1.106132
1.102401
1.075952
1.115567
1.095310
1.094085
1.092893
1.125747
1.095156
1.100095
1.102498
1.081440
1.086788
1.113904
1.099399
1.111243
1.099276
1.111052
1.084301
1.070792
1.104415
1.106845
1.116282
1.108399
1.126633
1.110387
1.110843
1.090562
1.097959
1.102703
1.094047
1.107282
1.106697
1.094455
1.091123
1.105098
1.096374
1.100048
1.108942
1.106161
1.098194
1.094300
1.103938
1.099815
1.093417
1.099292
1.099577
1.103312
1.097640
1.098138
1.098730
1.096229
1.098512
1.095537
1.100722
1.104256
1.090324
1.093229
1.094189
1.102537
1.095661
1.093883
1.114264
1.095193
1.096823
1.094829
1.109025
1.084525
1.084023
1.104813
1.095182
1.088759
1.123873
1.088280
1.116966
1.099125
1.129382
1.105149
1.085157
1.100440
1.096357
1.110507
1.109954
1.103009
1.098689
1.089895
1.094787
1.107914
1.102583
1.102282
1.106906
1.101594
1.094330
1.095631
1.105103
1.095921
1.091748
1.095805
1.099990
1.095645
1.102828
1.090441
1.097985
1.099073
1.104384
1.091229
1.105322
1.099362
1.101999
1.101924
1.105078
1.109807
1.101251
1.113687
1.100317
1.102588
1.102043
1.096204
1.095726
1.100537
1.097270
1.095133
1.090607
1.108704
1.086736
1.104633
1.100296
1.107615
1.084976
1.125187
1.099104
1.102537
1.115383
1.104049
1.109556
1.107430
1.107534
1.106709
1.096034
1.110381
1.100327
1.099025
1.098113
1.098538
1.095549
1.103741
1.097923
1.099433
1.100055
1.099905
1.088809
1.104458
1.104494
1.091450
1.091403
1.105807
1.094905
1.111427
1.110685
1.098554
1.103636
1.104276
1.103521
1.096830
1.096344
1.098116
1.090178
1.110908
1.099818
1.105988
1.102774
1.086705
1.096606
1.095884
1.091239
1.085194
1.089351
1.100626
1.102026
1.103257
1.070031
1.075808
1.103116
1.125316
1.102250
1.080401
1.125673
1.127430
1.113307
1.096196
1.101973
1.114640
1.101002
1.074139
1.113474
1.101246
1.090410
1.087187
1.120426
1.093352
1.097141
1.082597
1.123457
1.082241
1.139383
1.114063
1.096676
1.095675
1.096468
1.069957
1.122568
1.083013
1.095749
1.083699
1.123099
1.081830
1.109284
1.097016
1.112930
1.097051
1.056539
1.122665
1.108989
1.123622
1.095635
1.084947
1.107609
1.108404
1.084752
1.130393
1.129001
1.086439
1.077019
1.096260
1.079099
1.086714
1.087547
1.106117
1.096154
1.095595
1.125914
1.075999
1.084948
1.082382
1.127616
1.106777
1.075006
1.094226
1.080958
1.073694
1.121498
1.092784
1.089624
1.113753
1.102225
1.128912
1.086589
1.102512
1.065612
1.096950
1.113130
1.108559
1.109601
1.085151
1.059206
1.075380
1.108578
1.067746
1.092993
1.082502
1.106413
1.113201
1.073639
1.073365
1.052069
1.115356
1.077098
1.110457
1.099222
1.089141
1.094194
1.099076
1.064912
1.094576
1.074147
1.045326
1.102146
1.072850
1.098499
1.066756
1.106308
1.152437
1.121984
1.070099
1.096211
1.123632
1.096979
1.148659
1.174804
1.171829
1.119969
1.048915
1.049868
1.033535
