1.071416
1.116096
1.143243
1.087375
1.074803
1.079753
1.123428
1.137067
1.099349
1.128305
1.122162
1.064072
1.085544
1.140813
1.136006
1.077546
1.131086
1.096437
1.078731
1.113512
1.128713
1.080635
1.095778
1.156322
1.109592
1.081281
1.147541
1.117432
1.107408
1.066262
1.083541
1.109755
1.088172
1.088550
1.109251
1.099972
1.104183
1.084052
1.123227
1.093152
1.083305
1.098001
1.106530
1.111202
1.087981
1.089273
1.079903
1.106001
1.093232
1.103496
1.116307
1.094831
1.107123
1.125668
1.116315
1.090575
1.108926
1.083640
1.111972
1.092970
1.098267
1.091936
1.094348
1.090671
1.095573
1.095888
1.105136
1.120776
1.088840
1.088919
1.088873
1.104437
1.096368
1.102933
1.070758
1.086005
1.084856
1.094729
1.106312
1.101488
1.086433
1.113006
1.120963
1.115121
1.114999
1.114501
1.093429
1.099794
1.099688
1.070395
1.081265
1.086372
1.080693
1.099284
1.079750
1.128342
1.102733
1.082353
1.099510
1.123811
1.112566
1.090887
1.099419
1.088277
1.112272
1.095412
1.117211
1.084136
1.093930
1.118164
1.102087
1.080845
1.112303
1.139474
1.111443
1.115759
1.099141
1.094808
1.106289
1.106572
1.086043
1.092710
1.102848
1.097165
1.084697
1.097728
1.098019
1.088675
1.090679
1.100915
1.101510
1.116336
1.080364
1.104533
1.085914
1.117542
1.077275
1.100572
1.105500
1.079427
1.099457
1.104554
1.089333
1.106616
1.085283
1.106619
1.106825
1.095698
1.095304
1.085277
1.094066
1.099310
1.087116
1.102328
1.116825
1.142935
1.063842
1.084756
1.078528
1.118602
1.079136
1.114650
1.088048
1.090932
1.092057
1.084166
1.090654
1.083605
1.049177
1.109899
1.093922
1.093770
1.080137
1.431258
1.080770
1.091990
1.066880
1.085078
1.084188
1.094023
1.098418
1.105883
1.056491
1.081781
1.113035
1.056991
1.161052
1.139294
1.096607
1.117849
1.137597
1.098382
1.075805
1.118384
1.081375
1.096948
1.136126
1.096456
1.115220
1.077584
1.059813
1.095066
1.096696
1.096820
1.078057
1.078015
1.116186
1.079546
1.093917
1.059931
1.077406
1.095484
1.114185
1.059570
1.092211
1.141683
1.093606
1.093441
1.080465
1.095261
1.078097
1.095302
1.071105
1.117604
1.117709
1.114821
1.078597
1.085323
1.182149
1.083683
1.052620
1.097092
1.075978
1.076521
1.096300
1.054850
1.056281
1.118675
1.140324
1.117215
1.096152
1.160603
1.119993
1.159942
1.116374
1.116408
1.115291
1.114050
1.129594
1.127382
1.096657
1.095356
1.136718
1.086599
1.111641
1.095414
1.093719
1.105168
1.120307
1.095843
1.098100
1.115592
1.099796
1.094025
1.096727
1.104609
1.101779
1.097464
1.100225
1.097368
1.097300
1.095451
1.097412
1.102249
1.106426
1.090865
1.098068
1.097686
1.093186
1.096953
1.101410
1.094005
1.095992
1.107037
1.095511
1.101961
1.073388
1.102019
1.110170
1.101896
1.113248
1.126579
1.102938
1.083577
1.094261
1.106570
1.108761
1.081280
1.108042
1.112385
1.093234
1.124630
1.090411
1.097499
1.089651
1.109470
1.109269
1.098748
1.116478
1.098784
1.122612
1.090303
1.106234
1.110088
1.094952
1.106858
1.112116
1.105990
1.100118
1.102980
1.095915
1.098183
1.098710
1.099995
1.097089
1.102263
1.096968
1.099491
1.099366
1.100521
1.095682
1.097445
1.102174
1.100715
1.111578
1.100429
1.103140
1.097811
