1.100042
1.097296
1.094584
1.104457
1.101790
1.098384
1.097698
1.099572
1.092958
1.102144
1.099872
1.097187
1.103205
1.106529
1.100580
1.099254
1.105608
1.101604
1.099970
1.098603
1.101704
1.098809
1.098482
1.101152
1.093263
1.100383
1.094715
1.101167
1.098627
1.092290
1.107197
1.091738
1.105219
1.120805
1.097408
1.096125
1.104247
1.103453
1.090600
1.100312
1.103428
1.100018
1.107669
1.082671
1.115435
1.100503
1.094128
1.093989
1.101449
1.101678
1.094748
1.112844
1.094110
1.110838
1.101759
1.091693
1.117828
1.087760
1.108658
1.099697
1.094434
1.094543
1.097661
1.108912
1.095019
1.108061
1.115012
1.112754
1.119992
1.095316
1.082060
1.099939
1.097500
1.090487
1.094728
1.102037
1.085708
1.093881
1.090306
1.117980
1.105544
1.090225
1.110479
1.091311
1.114529
1.073292
1.112868
1.115377
1.093489
1.101744
1.121549
1.101728
1.095050
1.102617
1.093317
1.103322
1.109141
1.115973
1.094378
1.100152
1.098162
1.097928
1.109392
1.099987
1.104575
1.097127
1.118485
1.094203
1.098810
1.099199
1.100842
1.090555
1.094895
1.105704
1.116825
1.122502
1.113644
1.091472
1.091554
1.093446
1.090969
1.100882
1.089278
1.095550
1.101214
1.107849
1.096775
1.106152
1.105331
1.089301
1.086339
1.089162
1.088507
1.099497
1.090200
1.100178
1.086287
1.083507
1.113929
1.103540
1.084977
1.105773
1.100996
1.080288
1.119073
1.095765
1.085181
1.134822
1.160138
1.130640
1.116274
1.099915
1.100051
1.094675
1.076926
1.075675
1.095734
1.101262
1.102084
1.110596
1.094417
1.108104
1.105559
1.102847
1.075909
1.104963
1.100709
1.081389
1.085591
1.071983
1.118216
1.085955
1.103344
1.072301
1.093886
1.126235
1.079062
1.104979
1.103264
1.100157
1.099073
1.102420
1.086779
1.073691
1.101577
1.100077
1.118606
1.110110
1.100455
1.090903
1.085821
1.117522
1.064120
1.093517
1.147826
1.106867
1.146901
1.068269
1.079329
1.127490
1.071322
1.096510
1.141329
1.092547
1.077115
1.152478
1.126769
1.093485
1.109413
1.101235
1.123168
1.070708
1.066139
1.107369
1.107163
1.110857
1.116248
1.091364
1.116148
1.075928
1.094098
1.154391
1.088892
1.049106
1.109488
1.106712
1.131807
1.104091
1.106059
1.091963
1.101679
1.116542
1.094473
1.084208
1.099345
1.084538
1.129691
1.091542
1.090884
1.125031
1.111810
1.101404
1.120279
1.118517
1.085740
1.090971
1.080119
1.097708
1.096936
1.081324
1.095415
1.089627
1.098912
1.082604
1.103588
1.088259
1.066905
1.129368
1.085492
1.084031
1.108992
1.134625
1.095176
1.092712
1.107197
1.122259
1.094241
1.105291
1.088508
1.061101
1.073570
1.085243
1.119787
1.101418
1.121399
1.120587
1.110510
1.110337
1.091991
1.119906
1.136985
1.128206
1.074473
1.101301
1.054238
1.092676
1.109895
1.121950
1.080910
1.100935
1.094554
1.113415
1.086420
1.106699
1.086816
1.106422
1.100216
1.087637
1.113482
1.099706
1.069716
1.093644
1.080952
1.093880
1.086487
1.096569
1.058464
1.065116
1.148366
1.112155
1.067906
1.105623
1.093468
1.060311
1.110871
1.128865
1.089080
1.134115
1.129212
1.094198
1.098074
1.097902
1.107705
1.088881
1.100749
1.128660
1.072959
1.095012
1.123921
1.096926
1.107842
1.072496
1.083223
1.120676
1.132786
1.072696
1.120101
1.100753
