1.074967
1.118282
1.086720
1.116610
1.104181
1.109133
1.085653
1.069581
1.095556
1.123894
1.090008
1.115407
1.100123
1.102875
1.106748
1.089000
1.112616
1.090972
1.102818
1.077510
1.083995
1.075547
1.120240
1.113829
1.097187
1.089772
1.103771
1.110380
1.112054
1.133652
1.108468
1.100715
1.077954
1.082830
1.089180
1.094970
1.091613
1.103015
1.099570
1.115214
1.107333
1.091265
1.103536
1.097586
1.092282
1.090165
1.092730
1.111781
1.104163
1.105656
1.094755
1.109193
1.091299
1.102629
1.106447
1.095727
1.098984
1.096214
1.098834
1.085847
1.098080
1.113401
1.082824
1.105480
1.093234
1.097663
1.103254
1.096842
1.096750
1.090754
1.109520
1.088235
1.091395
1.102098
1.092712
1.085553
1.101044
1.094477
1.122315
1.099360
1.100270
1.100615
1.066998
1.093169
1.080689
1.111850
1.102530
1.076041
1.130546
1.106144
1.074948
1.071051
1.129385
1.117896
1.113838
1.062705
1.121842
1.121725
1.083538
1.073445
1.082860
1.107110
1.088277
1.102869
1.097328
1.141928
1.087866
1.092251
1.109077
1.088501
1.102283
1.065007
1.092504
1.125543
1.115987
1.083362
1.106444
1.091578
1.104007
1.079605
1.086671
1.107246
1.071817
1.099422
1.119037
1.079511
1.144089
1.098292
1.083870
1.111982
1.083773
1.120088
1.093103
1.085856
1.097072
1.108541
1.096808
1.097621
1.084505
1.096102
1.108475
1.108454
1.076712
1.095173
1.103964
1.103078
1.073546
1.091807
1.110695
1.123627
1.091034
1.108935
1.094620
1.102337
1.101401
1.105046
1.046343
1.088429
1.113170
1.093967
1.103985
1.063738
1.104352
1.119784
1.099038
1.119928
1.119611
1.073058
1.103171
1.081344
1.096871
1.078252
1.105588
1.118520
1.103190
1.104973
1.103167
1.113809
1.136761
1.062038
1.077068
1.124348
1.133012
1.131255
1.092278
1.077688
1.109195
1.084515
1.118280
1.081728
1.108321
1.086701
1.103379
1.099180
1.075879
1.087316
1.119889
1.103336
1.098478
1.076003
1.106829
1.092937
1.083662
1.130760
1.103002
1.095040
1.096222
1.080620
1.098735
1.120946
1.080381
1.071491
1.105309
1.096619
1.087730
1.076884
1.096348
1.096291
1.085145
1.107974
1.133243
1.083545
1.084601
1.083280
1.083225
1.082814
1.082713
1.110877
1.081344
1.125922
1.095566
1.110002
1.113664
1.125763
1.094715
1.081183
1.047899
1.115394
1.076734
1.142630
1.094139
1.129051
1.111364
1.136824
1.114448
1.078718
1.094318
1.113034
1.080054
1.104481
1.080548
1.103526
1.103556
1.090385
1.098909
1.090481
1.068183
1.094207
1.125611
1.112323
1.111824
1.094326
1.128099
1.102742
1.113871
1.094752
1.108379
1.102364
1.100641
1.098780
1.090752
1.094662
1.101319
1.092512
1.102972
1.089902
1.104288
1.103432
1.104001
1.103178
1.090970
1.092769
1.097965
1.101293
1.123159
1.077497
1.110116
1.081373
1.106445
1.087789
1.099546
1.112465
1.118564
1.092214
1.107010
1.101341
1.109841
1.098848
1.098728
1.092259
1.088295
1.086591
1.101966
1.102196
1.090835
1.096543
1.102806
1.089884
1.101779
1.103325
1.097904
1.124079
1.110518
1.098704
1.102509
1.102122
1.113149
1.089363
1.094963
1.095440
1.108131
1.103848
1.099419
1.101043
1.103939
1.103813
1.102962
1.094961
1.101278
1.096791
1.100203
1.095377
1.090480
1.102687
1.092857
1.101021
1.107915
1.089794
