1.096082
1.090226
1.108974
1.109228
1.099098
1.095796
1.104687
1.103391
1.090424
1.106248
1.092497
1.097273
1.097216
1.102928
1.097265
1.090949
1.102529
1.101507
1.099285
1.105399
1.096332
1.087989
1.080911
1.095057
1.094725
1.094409
1.120282
1.090081
1.114001
1.104467
1.096412
1.074541
1.076026
1.086319
1.121565
1.105304
1.087629
1.092729
1.064905
1.092302
1.119196
1.115808
1.093560
1.077890
1.104537
1.103533
1.123069
1.089591
1.049871
1.079003
1.091333
1.075922
1.106048
1.124694
1.106979
1.138837
1.090891
1.106075
1.135049
1.109743
1.064844
1.104364
1.100880
1.096445
1.123361
1.108640
1.055898
1.091417
1.069175
1.116455
1.116069
1.110287
1.077583
1.090813
1.064081
1.077525
1.082295
1.092708
1.118242
1.093380
1.075985
1.057565
1.060125
1.037556
1.118965
1.074701
1.051149
1.121685
1.120938
1.121407
1.099149
1.173875
1.097313
1.072442
1.097042
1.072184
1.095968
1.172756
1.072371
1.148168
1.119260
1.099438
1.118172
1.094014
1.161142
1.057100
1.075454
1.073200
1.075956
1.060141
1.179580
1.076254
1.100380
1.116040
1.156758
1.093610
1.114586
1.111080
1.098518
1.093827
1.095275
1.095188
1.080763
1.143565
1.094986
1.112562
1.067920
1.063819
1.106736
1.062323
1.120661
1.120122
1.098962
1.103194
1.117626
1.131543
1.070983
1.138007
1.084354
1.096986
1.074399
1.096010
1.095164
1.116079
1.089793
1.104700
1.104512
1.104275
1.104427
1.091536
1.093560
1.079936
1.095875
1.125432
1.115939
1.125949
1.112360
1.108442
1.081987
1.086198
1.069040
1.111663
1.091951
1.087136
1.072651
1.115496
1.137235
1.074220
1.100839
1.133481
1.108760
1.104409
1.083178
1.113605
1.103145
1.103586
1.118484
1.101526
1.080148
1.096540
1.099963
1.123635
1.091367
1.103319
1.091864
1.085029
1.108435
1.102857
1.118571
1.092108
1.104144
1.104856
1.089505
1.102669
1.091597
1.089031
1.090267
1.095931
1.103925
1.095626
1.109546
1.104162
1.110061
1.081139
1.103998
1.079102
1.093389
1.128438
1.103213
1.081082
1.104163
1.079041
1.087109
1.095583
1.083542
1.089268
1.105520
1.110107
1.101121
1.119201
1.069934
1.082207
1.078983
1.125098
1.070449
1.120576
1.078011
1.073949
1.106867
1.103985
1.135837
1.078362
1.096176
1.075467
1.092648
1.029126
1.123164
1.091037
1.090513
1.106503
1.146524
1.094536
1.128468
1.092552
1.092411
1.107191
1.143856
1.107024
1.091798
1.072964
1.074978
1.074969
1.125038
1.106993
1.106094
1.107360
1.109253
1.089010
1.077318
1.126750
1.088535
1.075317
1.136595
1.107304
1.091582
1.091673
1.085576
1.050073
1.076384
1.067798
1.161231
1.115362
1.149536
1.088817
1.091554
1.104355
1.077339
1.091726
1.142176
1.090277
1.130826
1.103302
1.077604
1.105088
1.114362
1.116686
1.106313
1.097376
1.093976
1.124082
1.094671
1.113135
1.099822
1.107079
1.102400
1.096055
1.101624
1.114750
1.101623
1.099236
1.100889
1.097311
1.099271
1.096175
1.099332
1.097250
1.099737
1.099511
1.097182
1.090986
1.093189
1.089921
1.097644
1.112989
1.105788
1.094691
1.100986
1.080399
1.085126
1.084270
1.079410
1.093516
1.096372
1.119212
1.114706
1.123205
1.059252
1.099369
1.091790
1.114524
1.122778
1.122499
1.109881
1.106951
1.128582
1.067060
1.110755
1.140596
