1.137967
1.119304
1.073634
1.060090
1.076385
1.195949
0.966356
1.196682
1.097589
1.130941
1.112977
1.113621
1.141520
1.102001
1.190947
1.070499
1.151574
1.120975
1.169701
1.091982
1.110052
1.135975
1.192486
1.155963
1.145020
1.089839
1.162506
1.125813
1.310676
3.383211
1.172382
1.134700
1.117188
1.734590
1.133100
1.112647
1.049098
1.133442
2.241596
1.196172
1.354121
2.364707
1.117739
1.229065
1.175156
1.130832
1.282329
1.454111
1.142318
1.050202
1.161451
1.162801
1.135867
1.086566
1.117240
1.875034
1.083632
1.028260
1.571778
1.177663
4.237104
4.411044
1.364359
1.128452
1.214435
1.259180
1.077268
1.130137
1.273483
1.089224
1.167102
1.096418
1.230873
1.216344
1.105241
1.130366
1.178455
1.090106
1.055208
1.301154
1.211378
1.225030
1.320525
1.172361
1.080375
1.057470
1.104827
1.264048
0.894687
1.283621
1.182745
1.195523
1.046147
1.130522
1.206290
1.123457
1.112746
1.079313
1.079324
1.082613
1.021205
1.130409
1.299381
1.151328
1.140107
1.397612
1.115819
1.126716
1.316390
1.081648
1.015542
1.106528
1.225845
1.054314
1.408042
1.486504
1.295039
1.155028
1.069589
1.071512
1.238810
1.077519
1.278843
1.127827
1.059821
1.181684
1.160832
1.207583
1.126736
1.053616
1.045229
1.117661
1.151811
1.295831
1.107491
1.151170
0.957225
1.032129
2.172864
1.046868
1.247651
1.350932
3.034063
1.104377
6.692207
1.446702
0.931349
1.076062
1.377081
1.031566
1.276330
1.344372
1.129590
1.559601
1.145964
1.090695
4.203528
1.342698
1.648274
1.726154
1.074553
1.063999
1.084948
1.057265
3.726312
1.706301
12.873874
4.958050
22.226564
38.912666
5.442888
31.650625
85.227150
52.848705
1.875478
76.139687
13.673548
14.777155
26.411285
28.417719
0.971357
18.794584
13.280901
8.214055
2.980120
1.036738
19.108019
0.956862
2.592252
19.058441
1.033639
31.803553
3.319759
0.918853
11.174341
3.594952
2.236050
3.763036
1.653232
1.042980
6.376760
1.273980
5.085104
3.429937
0.964990
0.938855
1.103489
1.524280
1.486178
1.194847
0.982993
1.134297
1.114084
1.098790
1.144210
1.156995
1.159222
1.086856
1.255865
1.235202
1.137344
1.071681
0.848725
4.181763
9.875314
1.224328
1.480438
1.312618
1.340637
1.324500
1.171942
1.076043
1.050353
1.116049
1.229218
0.997098
0.968863
1.144007
1.185858
1.348087
1.221966
1.111751
1.303454
1.061985
1.106780
1.202767
1.048275
1.682542
1.396658
1.589801
0.980673
1.093833
1.213539
1.104776
1.451937
1.099995
1.112930
1.140308
1.214620
1.113433
1.130828
1.178403
1.232210
1.173922
1.111111
1.082319
1.092593
1.174061
0.866122
0.867853
1.174502
1.496940
1.050131
1.353770
1.135697
1.084763
1.101569
1.095721
1.088473
1.109603
1.138736
1.123505
1.255185
1.069398
1.072559
1.089904
1.113815
1.114515
1.131801
1.133031
1.014603
1.091085
1.165605
1.220383
1.255263
1.170776
1.069550
1.102018
1.073112
1.171770
1.190987
1.082194
1.131372
1.090914
1.131813
0.954721
1.088394
1.161912
1.124575
1.316890
0.901971
0.991236
1.049813
1.126089
1.119932
1.125307
1.113902
1.173771
1.114147
1.097085
1.122386
1.078549
1.371315
1.290619
1.066284
1.185426
1.093829
1.060251
1.066611
1.210235
1.064942
1.091620
1.124998
1.101794
1.107856
1.119070
1.080780
1.103304
