1.116154
1.090452
1.117827
1.108909
1.099830
1.099409
1.092929
1.096252
1.098196
1.093545
1.103649
1.113602
1.092656
1.097917
1.095853
1.097968
1.105178
1.095892
1.098171
1.103913
1.095596
1.095870
1.100510
1.101157
1.098604
1.096538
1.097659
1.100007
1.099358
1.102896
1.099180
1.099634
1.094919
1.098957
1.100271
1.097960
1.467658
1.100104
1.097713
1.098763
1.092366
1.095406
1.097880
1.100938
1.096423
1.097711
1.091558
1.103651
1.096416
1.101259
1.113436
1.085934
1.101664
1.097751
1.115865
1.093251
1.121774
1.089691
1.101591
1.095711
1.096527
1.105268
1.086340
1.109428
1.108817
1.094440
1.091853
1.094981
1.100768
1.099636
1.109562
1.093851
1.093658
1.096030
1.103953
1.087871
1.105048
1.101640
1.087104
1.099433
1.105111
1.085841
1.089183
1.103308
1.099329
1.099589
1.077529
1.081792
1.094121
1.104386
1.104705
1.096838
1.089074
1.106860
1.101237
1.105759
1.101541
1.097009
1.097785
1.097793
1.096970
1.092767
1.114953
1.119389
1.092407
1.118718
1.073741
1.094780
1.117968
1.123951
1.076149
1.100058
1.084080
1.105003
1.098596
1.087418
1.096212
1.107312
1.107118
1.089473
1.100037
1.099804
1.099522
1.090987
1.114124
1.121900
1.104878
1.110773
1.121908
1.106210
1.091754
1.087841
1.094046
1.090361
1.101773
1.095887
1.109153
1.098465
1.095673
1.095144
1.093176
1.097714
1.099313
1.095550
1.107207
1.106087
1.112921
1.103666
1.089165
1.081607
1.088278
1.087653
1.087715
1.094585
1.074077
1.074711
1.102588
1.116559
1.102304
1.066229
1.106516
1.111319
1.116482
1.125008
1.111851
1.085938
1.121776
1.059652
1.129332
1.077462
1.119347
1.109433
1.112070
1.079825
1.126365
1.097436
1.124736
1.119329
1.072759
1.098933
1.099231
1.120489
1.089774
1.096889
1.096794
1.131201
1.074114
1.113937
1.069073
1.101015
1.066744
1.111123
1.110617
1.068408
1.096331
1.097420
1.110784
1.081239
1.141300
1.113926
4.143680
1.109660
1.084058
1.096672
1.110838
1.067100
1.065711
1.079047
1.096565
1.109194
1.118061
1.095054
1.082219
1.099639
1.114816
1.114547
1.060910
1.131301
1.093665
1.094612
1.072037
1.109678
1.077335
1.131314
1.113055
1.146443
1.098221
1.106924
1.125374
1.094143
1.060616
1.098443
1.081981
1.115085
1.077661
1.049598
1.098683
1.064793
1.098802
1.093759
1.075491
1.139117
1.087855
1.151041
1.156983
1.142639
1.099574
1.133622
1.147605
1.089581
1.107761
1.085949
1.099388
1.082986
1.098012
1.129547
1.113452
1.097663
1.095061
1.101767
1.092027
1.091535
1.095167
1.094013
1.106393
1.089572
1.092991
1.103258
1.096844
1.096679
1.107614
1.096290
1.094661
1.088587
1.102343
1.095873
1.105645
1.096233
1.091335
1.101166
1.110148
1.089001
1.110221
1.098273
1.102877
1.104710
1.090654
1.095738
1.099217
1.093936
1.107194
1.101841
1.103381
1.109483
1.090781
1.090752
1.093802
1.100175
1.178871
1.110508
1.091698
1.110966
1.103322
1.086221
1.104980
1.093668
1.091313
1.110583
1.097156
1.095058
1.105844
1.092755
1.095253
1.098742
1.104432
1.115484
1.079564
1.109707
1.084739
1.078852
1.099801
1.093970
1.105752
1.111371
1.100650
1.113129
1.101213
1.089350
1.089161
1.105946
1.100247
1.135284
1.111441
1.113811
1.077374
1.085555
1.101010
1.138045
