1.116077
1.092969
1.086997
1.107426
1.102449
1.088591
1.095610
1.111798
1.089669
1.105067
1.087076
1.109412
1.104822
1.100875
1.102301
1.106436
1.093739
1.106579
1.101511
1.098124
1.100376
1.098517
1.092180
1.101721
1.091545
1.092209
1.092911
1.111177
1.093589
1.106151
1.103938
1.092980
1.079865
1.092304
1.091162
1.120429
1.125365
1.117452
1.099280
1.116634
1.084350
1.094821
1.098741
1.120961
1.103197
1.090760
1.098490
1.094302
1.078137
1.108834
1.103776
1.098748
1.083938
1.086958
1.106992
1.089332
1.096758
1.079611
1.131271
1.102097
1.107341
1.091315
1.093192
1.095586
1.104927
1.101019
1.121144
1.106777
1.101911
1.092349
1.122225
1.095871
1.110964
1.104688
1.091168
1.096969
1.101545
1.096701
1.100485
1.100455
1.104540
1.102950
1.101169
1.098647
1.098860
1.099721
1.097893
1.100539
1.100875
1.097829
1.097427
1.097355
1.102069
1.097175
1.098022
1.087041
1.108057
1.091435
1.091090
1.096961
1.103549
1.082900
1.111612
1.096955
1.121041
1.096215
1.088784
1.103392
1.103459
1.086556
1.099825
1.119381
1.089561
1.080970
1.100637
1.100240
1.089717
1.089571
1.108974
1.104340
1.104240
1.097582
1.089311
1.096105
1.114285
1.063973
1.082628
1.103672
1.070817
1.092531
1.091871
1.078924
1.090778
1.091500
1.106794
1.097249
1.091006
1.057147
1.088946
1.124944
1.108985
1.094365
1.069551
1.051570
1.129879
1.110193
1.088246
1.071067
1.088141
1.126809
1.111232
1.159280
1.091961
1.131405
1.110095
1.090023
1.071570
1.071512
1.108301
1.106605
1.090269
1.107000
1.087014
1.039508
1.090488
1.137054
1.100444
1.107827
1.075436
1.090510
1.111278
1.121614
1.095539
1.171676
1.155793
1.090793
1.059171
1.122110
1.017933
1.098746
1.058069
1.118404
1.094717
1.091147
1.131745
1.117625
1.091337
1.142567
1.096498
1.112699
1.115865
1.132408
1.116058
1.127924
1.098309
1.109817
1.089726
1.099598
1.099290
1.111368
1.098832
1.102140
1.103906
1.095075
1.102200
1.103576
1.097249
1.097711
1.098971
1.097953
1.097676
1.098479
1.097045
1.101652
1.101939
1.099822
1.098158
1.098241
1.093483
1.101558
1.091610
1.100740
1.096142
1.107638
1.095157
1.098030
1.099448
1.096857
1.107399
1.092263
1.091838
1.097151
1.091203
1.096994
1.103464
1.096683
1.082546
1.104207
1.090875
1.090393
1.096225
1.096258
1.105887
1.096836
1.106351
1.106214
1.085579
1.099087
1.085899
1.099416
1.117627
1.097459
1.084912
1.096595
1.096175
1.108712
1.085557
1.083523
1.132158
1.085527
1.094980
1.085522
1.072154
1.083077
1.083642
1.105160
1.095212
1.084937
1.115682
1.091938
1.075619
1.123932
1.094214
1.111139
1.071605
1.093562
1.069529
1.081218
1.066735
1.077253
1.154334
1.131705
1.038535
1.070537
1.100990
1.079923
1.056693
1.081145
1.056697
1.116577
1.077898
1.065379
1.063000
1.091445
1.106562
1.118462
1.105047
1.109678
1.107211
1.150894
1.106364
1.149868
1.133901
1.147449
1.173182
1.037980
1.116209
1.100282
1.114543
1.167437
1.090550
1.069516
1.119818
1.076580
1.066980
1.104896
1.095725
1.109199
1.113819
1.083295
1.108362
1.078841
1.091427
1.104246
1.129988
1.091574
1.106739
1.123832
1.094269
1.128576
1.114570
1.090058
1.082938
1.102511
1.072237
1.093245
1.093278
1.134775
