1.073220
1.083436
1.097391
1.096979
1.094686
1.120874
1.111781
1.112415
1.093774
1.102791
1.085567
1.110219
1.109848
1.116951
1.081247
1.094702
1.088617
1.094576
1.101043
1.082186
1.093808
1.093801
1.102165
1.095921
1.114426
1.107939
1.087449
1.116286
1.095413
1.100299
1.095351
1.093762
1.087985
1.073668
1.102647
1.101791
1.102197
1.093207
1.110889
1.082864
1.088066
1.101361
1.126111
1.087018
1.090062
1.105086
1.103978
1.116606
1.106394
1.082256
1.087977
1.105830
1.082202
1.123224
1.094051
1.115954
1.107854
1.094701
1.095245
1.104156
1.094947
1.113736
1.097337
1.096316
1.123518
1.088006
1.097026
1.088476
1.104611
1.090160
1.104664
1.112346
1.097188
1.111563
1.089723
1.082215
1.110000
1.084445
1.090185
1.090067
1.093313
1.092226
1.094751
1.069428
1.100772
1.103491
1.104836
1.112247
1.099056
1.107482
1.112098
1.085076
1.113844
1.111347
1.143454
1.129015
1.095095
1.092810
1.107970
1.109814
1.093125
1.115130
1.100125
1.091993
1.084948
1.099108
1.095147
1.076836
1.100947
1.104030
1.120232
1.114478
1.124831
1.094406
1.088776
1.110591
1.104414
1.087731
1.094915
1.095997
1.106629
1.102224
1.095181
1.089165
1.101223
1.101990
1.113621
1.094868
1.095068
1.100844
1.090500
1.105175
1.096069
1.094241
1.092244
1.085278
1.098738
1.110170
1.100153
1.112188
1.086380
1.092708
1.102337
1.112370
1.095182
1.092504
1.099497
1.094294
1.096401
1.102571
1.099337
1.083977
1.118011
1.099319
1.103304
1.124058
1.102247
1.101367
1.093220
1.102713
1.100921
1.090525
1.098182
1.112229
1.100422
1.099412
1.098364
1.101285
1.102105
1.100770
1.099059
1.100877
1.097036
1.100425
1.099128
1.096939
1.097804
1.099140
1.101622
1.109352
1.100566
1.098469
1.096531
1.097934
1.093338
1.099690
1.108160
1.104981
1.096180
1.103841
1.106688
1.104014
1.091876
1.092542
1.098524
1.096174
1.097201
1.095414
1.103419
1.100267
1.107019
1.098792
1.100548
1.101185
1.097577
1.100795
1.090315
1.099909
1.107648
1.094674
1.103356
1.106132
1.102705
1.089798
1.096492
1.106993
1.104269
1.096561
1.097742
1.096774
1.098616
1.094399
1.098140
1.095172
1.088565
1.096921
1.095901
1.108326
1.108515
1.080755
1.117395
1.090087
1.089897
1.104613
1.084352
1.116143
1.100009
1.100074
1.111041
1.095159
1.094743
1.132403
1.094419
1.086002
1.092943
1.112770
1.111251
1.100979
1.097427
1.082010
1.089611
1.105159
1.080197
1.099348
1.121907
1.098999
1.097415
1.104738
1.124792
1.094064
1.099001
1.106611
1.099666
1.082112
1.118391
1.118022
1.095658
1.104679
1.095605
1.086399
1.096168
1.115080
1.095200
1.078927
1.098697
1.094259
1.107473
1.105741
1.080986
1.097327
1.100111
1.077964
1.096598
1.095958
1.107705
1.093935
1.121241
1.116227
1.110120
1.098276
1.121850
1.120998
1.119614
1.095033
1.116619
1.092226
1.105064
1.108065
1.094013
1.092401
1.102656
1.095859
1.100863
1.091966
1.105822
1.095434
1.095252
1.092471
1.090834
1.099977
1.090723
1.108516
1.112831
1.087133
1.088338
1.100138
1.101069
1.080539
1.097358
1.103504
1.091929
1.085048
1.115711
1.093264
1.089523
1.084795
1.126905
1.105741
1.105704
1.071325
1.091476
1.079561
1.084871
1.092410
1.107596
1.117097
1.096159
1.049083
