1.060257
1.093358
1.118975
1.111908
1.109481
1.111485
1.122762
1.078104
1.081250
1.119108
1.074152
1.112409
1.080261
1.080029
1.088267
1.068818
1.153489
1.090330
1.084410
1.103843
1.073939
1.063529
1.109394
1.062573
1.124954
1.126712
1.126769
1.077868
1.073024
1.119977
1.109477
1.104489
1.088384
1.099120
1.078795
1.124984
1.078963
1.054086
1.103849
1.108687
1.134139
1.119376
1.087687
1.106948
1.067557
1.087422
1.114567
1.085762
1.100192
1.073669
1.162456
1.119281
1.111257
1.103398
1.134909
1.083628
1.107025
1.086715
1.131251
1.087279
1.101661
1.080601
1.086373
1.076043
1.088753
1.092913
1.118485
1.086008
1.079640
1.105694
1.132555
1.126311
1.089922
1.115003
1.107272
1.111540
1.093156
1.097822
1.075516
1.108598
1.115663
1.077120
1.101424
1.106623
1.115920
1.100923
1.124910
1.090332
1.088215
1.092869
1.088989
1.102861
1.084236
1.101689
1.118101
1.104002
1.104027
1.103105
1.117994
1.109322
1.095915
1.100082
1.088648
1.105917
1.087698
1.082134
1.117678
1.081242
1.108778
1.087497
1.094182
1.110182
1.103416
1.096130
1.118859
1.086210
1.101569
1.094205
1.093992
1.093413
1.109034
1.084740
1.093818
1.086635
1.086512
1.123295
1.119586
1.096130
1.093698
1.110716
1.105380
1.105124
1.093652
1.116798
1.089456
1.089680
1.084019
1.083908
1.111837
1.120976
1.109953
1.089340
1.128404
1.104213
1.095371
1.103669
1.110853
1.087888
1.114032
1.092128
1.093715
1.109966
1.100724
1.101101
1.092967
1.092612
1.100118
1.097970
1.097489
1.097952
1.097358
1.095061
1.094167
1.096218
1.102498
1.101207
1.089923
1.103633
1.101288
1.088954
1.098776
1.089571
1.078703
1.110472
1.107744
1.095093
1.094845
1.094460
1.094493
1.094279
1.102354
1.111859
1.108356
1.101295
1.091238
1.087263
1.074287
1.105046
1.113619
1.082158
1.092675
1.103472
1.118139
1.081581
1.104462
1.115723
1.092393
1.127487
1.092512
1.092942
1.081908
1.081934
1.081015
1.089685
1.107213
1.134228
1.092364
1.076779
1.108372
1.084071
1.109012
1.105957
1.092341
1.129853
1.099088
1.102489
1.070126
1.090003
1.130324
1.100354
1.112271
1.090554
1.098129
1.101883
1.101746
1.095881
1.107102
1.088623
1.078755
1.073537
1.087826
1.116783
1.082437
1.083345
1.115919
1.070428
1.114951
1.093227
1.092228
1.105355
1.130760
1.105704
1.108054
1.114306
1.103048
1.125833
1.109572
1.107651
1.082174
1.101077
1.111172
1.084057
1.094226
1.103941
1.104729
1.108347
1.091100
1.111859
1.098632
1.086340
1.088691
1.103221
1.115800
1.113660
1.096433
1.096533
1.098001
1.089174
1.100480
1.086845
1.110567
1.093207
1.110017
1.111317
1.101103
1.090480
1.097379
1.103200
3.668645
1.098812
1.098276
1.100906
1.097206
1.102264
1.097423
1.093051
1.083840
1.103487
1.083333
1.110277
1.111936
1.117678
1.086567
1.077686
1.088756
1.078996
1.099477
1.079383
1.106003
1.087176
1.084785
1.074005
1.077741
1.092576
1.055168
1.107128
1.106688
1.150196
1.089829
1.133174
1.089714
1.090718
1.110946
1.046678
1.175652
1.068750
1.132149
1.048162
1.109746
1.111090
1.089646
1.109859
1.092687
1.072715
1.151960
1.111561
1.109752
1.108280
1.130118
1.112260
1.145939
1.055896
1.090670
1.130216
1.076644
1.082035
1.080766
1.090423
