1.061286
1.082308
1.108633
1.082548
1.104429
1.140633
1.042224
1.140744
1.115088
1.080293
1.110258
1.073598
1.062163
1.135091
1.132411
1.120611
1.112695
1.126284
1.101418
1.108418
1.108004
1.092639
1.107309
1.065233
1.068558
1.102547
1.142591
1.110102
1.097350
1.098291
1.105420
1.106486
1.106432
1.096524
1.086882
1.077275
1.087336
1.115862
1.114163
1.095415
1.082351
1.108770
1.094155
1.100734
1.105098
1.106109
1.082909
1.107735
1.115645
1.082704
1.112008
1.117731
1.085741
1.083604
1.091976
1.093412
1.110069
1.092163
1.102134
1.093309
1.114224
1.117880
1.118672
1.092266
1.093870
1.078035
1.094031
1.104231
1.096598
1.101576
1.094518
1.086003
1.077912
1.111688
1.110823
1.102902
1.085253
1.084873
1.074455
1.092046
1.094820
1.079110
1.080195
1.129314
1.099004
1.135460
1.087834
1.126707
1.115348
1.101250
1.077611
1.136091
1.121287
1.120448
1.110456
1.070491
1.106044
1.098312
1.081633
1.095227
1.095308
1.126111
1.085635
1.122479
1.097667
1.095755
1.104301
1.095918
1.101946
1.103462
1.081676
1.103009
1.093532
1.098129
1.102986
1.109659
1.101401
1.102548
1.087642
1.106746
1.099518
1.092754
1.088131
1.097333
1.102030
1.097039
1.102272
1.086538
1.085852
1.104653
1.095080
1.084651
1.086463
1.087529
1.104997
1.115458
1.105863
1.099648
1.096749
1.116450
1.086197
1.086052
1.075654
1.106302
1.107493
1.095525
1.116725
1.112194
1.082575
1.100200
1.074921
1.123236
1.095114
1.109952
1.076159
1.072406
1.096728
1.096508
1.108379
1.108764
1.083584
1.109000
1.058490
1.069503
1.081855
1.095130
1.095504
1.114707
1.122444
1.078073
1.089352
1.062459
1.115978
1.072761
1.106160
1.106495
1.129251
1.078773
1.074233
1.058504
1.083300
1.125656
1.077821
1.110513
1.180833
1.120373
1.087288
1.090257
1.134273
1.133261
1.113363
1.095015
1.112183
1.080589
1.082296
1.066934
1.125326
1.095819
1.110367
1.082096
1.151449
1.082870
1.121999
1.083648
1.108845
1.096338
1.096223
1.085430
1.086008
1.116714
1.106680
1.106407
1.086788
1.104194
1.126001
1.083524
1.085793
1.104777
1.108414
1.099604
1.097586
1.088223
1.101044
1.093797
1.121466
1.103641
1.106621
1.103886
1.101285
1.102333
1.110098
1.110360
1.088369
1.098732
1.108843
1.108128
1.104228
1.113239
1.096088
1.096336
1.096444
1.114352
1.071589
1.105058
1.105103
1.088254
1.088261
1.088056
1.105195
1.105692
1.104764
1.131606
1.097081
1.103476
1.099056
1.095978
1.089961
1.097871
1.111137
1.103289
1.099973
1.083203
1.096257
1.098003
1.106213
1.104111
1.102529
1.101655
1.096478
1.103053
1.088696
1.101731
1.105951
1.105537
1.101249
1.100953
1.098155
1.107140
1.100198
1.096763
1.097979
1.099377
1.099377
1.099608
1.101309
1.095394
1.089443
1.097022
1.094445
1.106798
1.096004
1.105231
1.092349
1.088269
1.098549
1.070665
1.091132
1.103395
1.093760
1.077798
1.130433
1.080246
1.095769
1.098613
1.098748
1.104817
1.116928
1.067471
1.092161
1.123790
1.081030
1.075704
1.100489
1.033303
1.104741
1.087817
1.078475
1.109065
1.111337
1.053735
1.148117
1.166469
1.128281
1.089416
1.108002
1.107530
1.107026
1.093288
1.109237
1.087355
1.109086
1.076836
1.091000
1.126769
1.077711
1.043055
1.122267
1.101490
