1.083311
1.095178
1.077451
1.041345
1.131886
1.042812
1.132215
1.074446
1.112069
1.144259
1.105505
1.126729
1.034957
1.074356
1.126914
1.089852
1.071840
1.090068
1.165117
1.146950
1.126472
1.089956
1.106660
1.105797
1.110324
1.074939
1.112018
1.105210
1.063159
1.133016
1.118029
1.103687
1.053957
1.102563
1.118262
1.079490
1.118024
1.127876
1.102406
1.083898
1.110591
1.098899
1.096527
1.107997
1.116872
1.109340
1.108202
1.099031
1.091293
1.089312
1.106594
1.091400
1.108116
1.091155
1.107548
1.085907
1.095982
1.094006
1.098172
1.096918
1.094345
1.094103
1.111271
1.111514
1.092926
1.082254
1.091621
1.118828
1.092740
1.083550
1.074167
1.121416
1.102928
1.100513
1.096282
1.105399
1.123131
1.135050
1.113919
1.106244
1.084755
1.101744
1.095453
1.093063
1.089580
1.110640
1.107062
1.095277
1.098496
1.099157
1.094694
1.094628
1.096625
1.091138
1.091915
1.084084
1.104237
1.098709
1.088217
1.098286
1.094544
1.091258
1.113481
1.103978
1.104211
1.107138
1.091528
1.074839
1.113838
1.089210
1.112024
1.086664
1.095977
1.103088
1.088727
1.098061
1.105511
1.105467
1.105353
1.101315
1.108678
1.101477
1.090285
1.082224
1.107105
1.104199
1.095255
1.093325
1.099040
1.074674
1.102929
1.097186
1.096028
1.081538
1.093513
1.114119
1.117793
1.082870
1.112427
1.130145
1.110768
1.094722
1.134382
1.093748
1.084962
1.104300
1.085799
1.115453
1.099217
1.096004
1.107290
1.114303
1.087912
1.088604
1.096698
1.104491
1.089390
1.096690
1.089633
1.097895
1.103613
1.080570
1.088637
1.112551
1.120190
1.107019
1.104694
1.105348
1.102067
1.101959
1.099729
1.110677
1.098273
1.096020
1.110758
1.090731
1.093306
1.098242
1.085212
1.088358
1.098299
1.103935
1.098531
1.097801
1.105431
1.098544
1.105337
1.102808
1.089476
1.101745
1.091212
1.083363
1.111144
1.096120
1.117378
1.103887
1.109911
1.096994
1.097039
1.102796
1.102275
1.101641
1.093740
1.095347
1.098584
1.108532
1.112644
1.102890
1.099715
1.098352
1.094706
1.103544
1.095315
1.100418
1.098130
1.095578
1.100150
1.096606
1.094931
1.102215
1.099731
1.095178
1.100439
1.096427
1.098555
1.100903
1.089002
1.104393
1.102575
1.109044
1.113884
1.107351
1.101475
1.107083
1.093696
1.094059
1.094248
1.094650
1.094607
1.100901
1.095591
1.105275
1.096920
1.102537
1.101073
1.095569
1.098167
1.096366
1.108791
1.095382
1.099159
1.111122
1.101381
1.096487
1.092229
1.099084
1.104156
1.099420
1.095242
1.094917
1.097001
1.099533
1.099148
1.095843
1.091251
1.109576
1.103817
1.091325
1.103660
1.102144
1.104321
1.102813
1.092407
1.096847
1.100411
1.091351
1.084699
1.078853
1.082588
1.104692
1.113847
1.115367
1.075711
1.116984
1.117527
1.097642
1.069973
1.092440
1.098043
1.094731
1.088835
1.107678
1.127574
1.065486
1.071625
1.140459
1.070394
1.092264
1.148488
1.133885
1.111036
1.095008
1.080127
1.099401
1.107129
1.107894
1.085668
1.096350
1.096666
1.094891
1.085030
1.104022
1.109226
1.083409
1.075286
1.106407
1.094040
1.069646
1.086514
1.128251
1.107327
1.095098
1.086665
1.113396
1.088536
1.102219
1.087230
1.133557
1.098340
1.098311
1.081638
1.107212
1.117535
1.097731
1.087513
1.082237
1.101622
1.071580
