1.109994
1.101156
1.062238
1.108330
1.124422
1.077064
1.092822
1.100484
1.116584
1.095086
1.102203
1.093051
1.125115
1.098823
1.055175
1.046180
1.094525
1.108433
1.126768
1.117991
1.134951
1.117376
1.052023
1.100365
1.124893
1.101907
1.110393
1.106652
1.122082
1.071178
1.107037
1.101268
1.126235
1.080649
1.084475
1.121760
1.094365
1.120066
1.128512
1.081449
1.107875
1.085414
1.098978
1.108753
1.085482
1.101320
1.104396
1.084732
1.111196
1.105690
1.095641
1.100456
1.105245
1.079873
1.091195
1.089795
1.093173
1.103408
1.095100
1.109728
1.105378
1.079263
1.116403
1.110295
1.081832
1.068717
1.099567
1.085552
1.104826
1.131711
1.099167
1.094537
1.098689
1.083879
1.124581
1.102570
1.094935
1.109919
1.087753
1.087902
1.106230
1.094834
1.101938
1.129882
1.105027
1.114295
1.095075
1.107360
1.087380
1.106525
1.116830
1.092845
1.101565
1.092497
1.102623
1.100713
1.096554
1.090781
1.094503
1.101282
1.092928
1.092637
1.092247
1.091272
1.092899
1.086424
1.095179
1.116147
1.099888
1.112685
1.090735
1.100057
1.109807
1.077229
1.098190
1.079722
1.100592
1.078452
1.096641
1.114864
1.105715
1.102371
1.092958
1.066414
1.056690
1.102833
1.083480
1.126336
1.093130
1.135567
1.135678
1.118459
1.104941
1.122587
1.091672
1.080500
1.113732
1.081821
1.123433
1.129219
1.119693
1.107209
1.096145
1.126612
1.099665
1.087327
1.071822
1.064941
1.133578
1.083697
1.088866
1.086671
1.078209
1.106828
1.076991
1.120355
1.107631
1.104182
1.114883
1.094662
1.107522
1.091555
1.079924
1.060548
1.123148
1.118172
1.110206
1.109852
1.113050
1.109520
1.117219
1.117081
1.096009
1.076831
1.097605
1.095412
1.091639
1.101716
1.104707
1.121073
1.092042
1.098415
1.098383
1.103790
1.114182
1.110641
1.093259
1.093192
1.095981
1.092242
1.112309
1.097198
1.097670
1.099761
1.098496
1.093598
1.098960
1.099157
1.097332
1.108079
1.090650
1.104608
1.090579
1.093265
1.078216
1.096278
1.088470
1.111212
1.099567
1.062340
1.094144
1.092617
1.139843
1.112696
1.109864
1.093338
1.100983
1.105172
1.120497
1.107888
1.098067
1.093933
1.116174
1.119513
1.098860
1.091397
1.120305
1.108360
1.107993
1.091296
1.101860
1.100643
1.102426
1.097332
1.105157
1.100304
1.100764
1.106338
1.104730
1.096521
1.088878
1.111344
1.095702
1.101531
1.101555
1.104682
1.109546
1.105986
1.100891
1.096893
1.098037
1.098081
1.100278
1.103332
1.101538
1.102001
1.104695
1.099798
1.103453
1.097604
1.100059
1.099474
1.098039
1.098091
1.097239
1.096442
1.097246
1.092437
1.100253
1.090796
1.097929
1.095179
1.102993
1.103042
1.077544
1.104575
1.095662
1.106615
1.090468
1.088476
1.092023
1.104466
1.080283
1.098443
1.078898
1.093893
1.110083
1.060037
1.104858
1.099709
1.093022
1.100213
1.162388
1.081306
1.092645
1.092583
1.098257
1.054088
1.131537
1.042261
1.097863
1.084303
1.092547
1.092534
1.113690
1.126719
1.139266
1.180092
1.141877
1.053671
1.129732
1.065442
1.092309
1.118541
1.084935
1.058188
1.092319
1.050390
1.055084
1.085835
1.091921
1.109670
1.091169
1.123632
1.078700
1.157966
1.104270
1.085154
1.071304
1.111051
1.051260
1.111272
1.083817
1.085139
1.098181
1.076760
1.147291
1.102517
