1.118903
1.139275
1.104249
1.091161
1.047315
1.079212
1.110926
1.103564
1.066787
1.084209
1.103893
1.103963
1.150539
1.117440
1.078687
1.053992
1.098273
1.098346
1.084298
1.111164
1.097949
1.078630
1.136104
1.110258
1.098857
1.091675
1.088273
1.135268
1.106801
1.067782
1.089131
1.115577
1.108540
1.112898
1.113171
1.107308
1.096527
1.088601
1.081985
1.102868
1.121852
1.087695
1.110456
1.102378
1.097186
1.113531
1.067546
1.101177
1.123683
1.082541
1.111238
1.105518
1.088744
1.106792
1.088475
1.091296
1.094948
1.088084
1.105417
1.098240
1.080144
1.108780
1.086990
1.117196
1.128005
1.116488
1.126395
1.087135
1.088367
1.104487
1.104223
1.097814
1.094987
1.104542
1.101734
1.101101
1.079159
1.103871
1.098634
1.093013
1.095730
1.092288
1.081083
1.114856
1.091649
1.086556
1.113836
1.096265
1.116714
1.075292
1.103725
1.122566
1.094358
1.085358
1.079150
1.107228
1.087232
1.110677
1.076708
1.111407
1.087840
1.085000
1.082601
1.091566
1.115641
1.114798
1.102405
1.104258
1.100682
1.116207
1.124708
1.117496
1.114759
1.085021
1.103145
1.093853
1.093075
1.094166
1.085608
1.110069
1.116564
1.080093
1.108070
1.092910
1.100535
1.094998
1.098861
1.098141
1.090463
1.099869
1.109162
1.092867
1.090282
1.106493
1.110117
1.109322
1.099674
1.112065
1.092879
1.098445
1.096726
1.093791
1.104228
1.086658
1.093850
1.100997
1.097913
1.099525
1.107900
1.098080
1.089669
1.083164
1.104330
1.100730
1.105599
1.083407
1.089876
1.111031
1.107955
1.114571
1.118847
1.090753
1.092448
1.089495
1.099157
1.126727
1.103573
1.089122
1.099919
1.087898
1.103742
1.099711
1.100310
1.109608
1.083568
1.109233
1.076533
1.128476
1.099612
1.116803
1.117796
1.117834
1.104543
1.100093
1.090222
1.110975
1.092059
1.106926
1.075684
1.099927
1.107201
1.096673
1.091638
1.096027
1.105134
1.105112
1.102639
1.110989
1.102618
1.100060
1.093355
1.102861
1.099918
1.113791
1.099319
1.102099
1.099109
1.096276
1.099485
1.101611
1.094831
1.096305
1.097868
1.092978
1.103559
1.100867
1.102962
1.102431
1.109826
1.102914
1.091768
1.098474
1.118762
1.093850
1.105234
1.082712
1.102326
1.086028
1.107363
1.087697
1.108177
1.066874
1.093428
1.072477
1.110058
1.112309
1.127950
1.078868
1.093342
1.111292
1.124285
1.123426
1.102346
1.076356
1.078786
1.119506
1.106160
1.105236
1.066836
1.109711
1.097287
1.123891
1.125714
1.124963
1.132343
1.121196
1.092526
1.088114
1.106019
1.104444
1.109728
1.134027
1.093724
1.106275
1.094735
1.114665
1.103956
1.098838
1.097972
1.102584
1.099527
1.097484
1.099634
1.098374
1.101763
1.104051
1.095964
1.099711
1.090969
1.089740
1.106084
1.113909
1.089228
1.122664
1.100686
1.108596
1.095547
1.106148
1.107058
1.087350
1.101815
1.094247
1.087677
1.103459
1.100972
1.087853
1.090545
1.086522
1.099223
1.084324
1.095534
1.090521
1.104495
1.094401
1.099632
1.099802
1.088122
1.093608
1.107021
1.087013
1.106963
1.114139
1.107340
1.093351
1.085104
1.123287
1.105929
1.069753
1.085338
1.079873
1.103598
1.059308
1.076249
1.101336
1.063053
1.073368
1.045754
1.095733
1.114673
1.076894
1.136333
1.118169
1.035820
1.055021
1.073023
1.142689
1.074094
1.107882
