1.072321
1.122486
1.071737
1.097440
1.097545
1.043244
1.045699
1.178787
1.127155
1.098029
1.069505
1.123433
1.042621
1.100340
1.040240
1.126502
1.072450
1.097157
1.040244
1.069481
1.068151
1.070268
1.097436
1.098908
1.128283
1.100494
1.129788
1.159038
1.038844
1.038806
1.038451
1.038396
1.158933
1.127817
1.006678
1.069797
1.099812
1.099955
1.069718
1.133030
1.064879
1.066936
1.064816
1.070765
1.094563
1.134097
1.100228
1.132221
1.101879
1.033001
1.197359
1.129186
1.064381
1.063878
1.067257
1.154787
1.155575
1.011405
1.133955
1.161272
1.133732
1.081374
1.020791
1.132442
1.094861
1.094708
1.064029
1.087368
1.124618
1.124275
1.049950
1.153615
1.135775
1.122505
1.091454
1.093024
1.102818
1.138206
1.119315
1.135004
1.072710
1.067298
1.116213
1.080294
1.103341
1.078876
1.067978
1.071941
1.076755
1.087793
1.096787
1.069390
1.105882
1.121845
1.074611
1.130784
1.091294
1.017333
1.165027
0.999679
1.140100
1.022415
1.097730
1.141789
1.101230
1.141960
1.032996
1.141532
1.083585
1.100964
1.099724
1.110144
1.131397
1.131461
1.131068
1.158672
1.107114
1.092041
1.133036
1.090103
1.106789
1.126210
1.124008
1.091686
1.090741
1.064729
1.132962
1.081039
1.077690
1.094191
1.080383
1.096557
1.103756
1.119284
1.106812
1.079255
1.116095
1.104077
1.104259
1.092425
1.081136
1.103978
1.114843
1.061367
1.125156
1.058929
1.070630
1.077625
1.119958
1.125698
1.141162
1.113315
1.092542
1.079838
1.105707
1.092947
1.088474
1.118708
1.090765
1.095744
1.098496
1.081022
1.118233
1.102808
1.102156
1.128858
1.094300
1.116280
1.083954
1.104734
1.093242
1.091429
1.091775
1.089364
1.107687
1.095231
1.089268
1.092299
1.101450
1.082814
1.118037
1.108191
1.088695
1.091557
1.097981
1.085388
1.103765
1.107868
1.106613
1.077761
1.086953
1.095413
1.109748
1.098367
1.089605
1.112572
1.092458
1.072261
1.093069
1.100472
1.123743
1.100865
1.100333
1.076824
1.083341
1.092194
1.065073
1.137792
1.120580
1.142575
1.095246
1.098406
1.120415
1.144122
1.091635
1.106010
1.093854
1.128153
1.106122
1.113613
1.101991
1.094105
1.092117
1.101820
1.094010
1.094206
1.091553
1.094484
1.074889
1.102824
1.088423
1.100496
1.106121
1.096811
1.105160
1.096566
1.100864
1.089586
1.101036
1.086646
1.101335
1.103255
1.104833
1.101751
1.118200
1.104658
1.110731
1.094318
1.079340
1.101105
1.102412
1.088625
1.072239
1.103286
1.100106
1.104045
1.105125
1.099584
1.093725
1.073536
1.076949
1.062670
1.094188
1.077031
1.133785
1.104427
1.099248
1.072011
1.115288
1.084323
1.081521
1.086114
1.085572
1.135874
1.102839
1.131655
1.134659
1.097410
1.079645
1.064994
1.112292
1.162434
1.082237
1.112102
1.111793
1.140960
1.096764
1.083441
1.122843
1.082978
1.072929
1.083571
1.121870
1.072016
1.109933
1.107968
1.108264
1.096890
1.096117
1.096571
1.118729
1.107391
1.106833
1.076406
1.086151
1.106228
1.116100
1.114899
1.096885
1.088064
1.087588
1.120176
1.088927
1.112533
1.089653
1.103783
1.090274
1.105301
1.087120
1.093760
1.102330
1.116418
1.097180
1.097163
1.091111
1.114725
1.095249
1.108780
1.088478
1.092499
1.098747
1.111847
1.102149
1.104651
1.104018
1.099239
1.102475
1.103060
