1.095322
1.093840
1.102594
1.094318
1.103313
1.094803
1.100661
1.097116
1.096156
1.099983
1.095112
1.105436
1.090882
1.093977
1.097449
1.100776
1.099654
1.080991
1.102855
1.095547
1.094649
1.109547
1.097738
1.093984
1.111872
1.118151
1.101744
1.091069
1.108263
1.090815
1.098632
1.085584
1.097167
1.101004
1.085791
1.081203
1.113508
1.080443
1.096065
1.092997
1.122777
1.120715
1.100594
1.087482
1.113505
1.098136
1.085968
1.089855
1.100725
1.098988
1.081726
1.097751
1.132637
1.075440
1.118712
1.118187
1.098435
1.094356
1.080634
1.118740
1.085316
1.066846
1.105913
1.121174
1.093547
1.107368
1.126837
1.086110
1.117388
1.094212
1.098628
1.102706
1.106240
1.120150
1.077170
1.110795
1.097711
1.088439
1.079623
1.094036
1.079234
1.092084
1.093714
1.099446
1.106085
1.088281
1.095643
1.087199
1.084435
1.120182
1.118302
1.085804
1.107808
1.130981
1.107538
1.107212
1.106840
1.094824
1.098549
1.098793
1.116660
1.103915
1.136668
1.089762
1.103274
1.103426
1.092957
1.089508
1.096612
1.102760
1.098661
1.104986
1.099451
1.096144
1.104375
1.112775
1.088460
1.102194
1.094012
1.095504
1.100375
1.095417
1.086924
1.090140
1.089410
1.110824
1.102069
1.103092
1.083402
1.090364
1.126116
1.098639
1.079235
1.098255
1.110003
1.078465
1.096748
1.121170
1.099390
1.088138
1.112550
1.125601
1.093597
1.112461
1.086875
1.123739
1.097827
1.104340
1.112153
1.099562
1.067145
1.085194
1.090939
1.095371
1.102819
1.092806
1.084382
1.092983
1.093795
1.092947
1.091456
1.094362
1.102975
1.094589
1.078971
1.128385
1.075377
1.091971
1.103322
1.088087
1.076217
1.107871
1.124720
1.103126
1.125080
1.058820
1.080751
1.097372
1.080223
1.120578
1.074247
1.091404
1.124042
1.110903
1.073709
1.120304
1.080716
1.073652
1.063178
1.138590
1.085460
1.092043
1.100643
1.072667
1.124266
1.124930
1.072768
1.080273
1.065270
1.057239
1.100664
1.084190
1.101246
1.078861
1.097662
1.059217
1.130539
1.126474
1.116552
1.136715
1.106414
1.092164
1.054763
1.111517
1.129562
1.092282
1.115103
1.069882
1.052726
1.110224
1.097633
1.131787
1.108954
1.071211
1.100224
1.106823
1.078664
1.114327
1.109451
1.114164
1.133567
1.113595
1.079133
1.100455
1.061764
1.062664
1.096115
1.095942
1.129839
1.095655
1.081695
1.129287
1.112838
1.098297
1.109638
1.080175
1.141655
1.115094
1.075914
1.081764
1.110265
1.137624
1.138914
1.108665
1.101656
1.091261
1.102607
1.126191
1.088430
1.099247
1.104077
1.112421
1.106350
1.085337
1.111425
1.107505
1.097637
1.082972
1.107718
1.100775
1.092288
1.098498
1.100536
1.112831
1.092200
1.097053
1.093968
1.097479
1.095777
1.097454
1.103528
1.100061
1.103745
1.113791
1.080136
1.122478
1.095496
1.087558
1.091126
1.090901
1.099439
1.086027
1.076293
1.100004
1.085547
1.109568
1.111992
1.107324
1.116075
1.110638
1.072223
1.105339
1.135815
1.116368
1.106593
1.110064
1.104951
1.099349
1.098977
1.117238
1.096165
1.103260
1.102725
1.096465
1.089666
1.103674
1.093467
1.095048
1.095108
1.097025
1.095242
1.089434
1.098113
1.092953
1.092817
1.102659
1.109138
1.098886
1.095264
1.107690
1.099523
1.103611
1.090688
1.081642
1.121324
1.082983
1.084534
1.076380
