1.111195
1.069239
1.051428
1.213860
1.144201
1.150612
1.167582
0.990565
1.195838
1.300706
1.109284
1.113862
1.100171
1.092869
1.098693
1.220946
1.214309
1.100296
1.041474
1.043240
1.191812
1.125379
1.091564
1.049545
1.147455
1.109921
1.129541
1.122131
1.133731
1.129275
1.066760
1.135558
1.107625
1.044197
1.207985
1.116549
1.084417
1.112625
1.162385
0.966109
1.723168
1.198253
1.147596
1.222473
1.387417
1.032909
0.960462
1.242745
1.290689
1.006549
1.086137
1.150648
1.234100
1.098544
1.113557
1.044804
1.138394
1.101705
1.194707
1.281441
1.477113
1.182336
1.103280
1.143607
1.093483
1.127529
1.170001
1.198757
1.504440
1.019264
1.211630
1.026711
1.131690
1.136008
1.113694
1.118009
1.227939
1.084851
1.186541
1.174582
1.033691
1.130695
1.125421
1.113324
1.196675
1.062867
1.147595
1.126251
1.216339
1.169714
1.174093
1.238691
1.167467
1.063989
1.165648
1.110584
0.998845
1.196549
1.324764
1.228241
1.228672
1.206356
1.243372
1.048146
1.243931
1.099417
1.197666
1.184756
1.168548
0.996378
1.194270
1.241208
1.098905
1.114150
1.132307
1.090463
1.295896
1.012812
1.145681
1.050407
1.063144
1.117048
1.144829
1.188336
1.112631
1.061015
1.168851
1.059662
1.041509
1.151804
1.090447
1.062603
1.072537
1.130590
1.308935
1.104964
1.011219
1.191773
1.113495
1.211007
1.123140
1.110400
1.187643
0.988029
1.358384
0.973944
1.031314
1.117684
1.096133
1.104717
1.047719
1.187484
1.224349
1.275742
1.115448
1.194191
1.134523
1.006155
1.176573
1.152411
1.312181
1.215883
1.143132
1.127523
1.090016
1.093213
1.154886
1.085330
1.130000
1.319347
1.025332
1.199007
0.997713
1.163522
1.191673
1.169016
1.043125
1.129444
1.266344
1.344618
1.262530
1.189869
1.117694
0.984232
1.216660
0.994971
1.300783
1.576056
1.069188
1.360947
1.217917
1.162434
1.039852
1.052879
1.039367
1.174132
1.273670
1.173515
1.180680
1.255944
1.209257
1.155079
1.163807
1.100375
1.096717
1.149891
1.118488
1.109179
1.077711
1.007653
1.115136
0.997572
0.948835
1.332461
1.031311
1.096288
1.137678
1.322702
0.938719
1.256666
1.040308
0.921246
1.315605
1.153318
1.354241
1.027744
1.067571
1.063269
1.134486
1.315148
1.128565
1.103398
1.096872
1.111356
1.090920
1.108878
1.106087
1.073231
1.140564
1.071499
1.081208
1.044008
0.860740
1.128573
1.062549
1.428918
1.072885
1.490069
1.210169
0.983560
1.129924
1.047570
1.140226
1.103192
1.116242
1.272013
1.158262
1.178426
1.176241
1.099296
1.102778
1.165926
1.052147
1.063596
1.335312
1.035782
1.106869
1.569067
1.336221
1.174154
1.173117
1.086472
1.096369
1.098640
1.268274
1.261037
0.951307
1.409513
1.475655
1.116746
1.175603
1.208773
1.117933
1.185363
1.070732
1.127837
1.017052
1.139245
1.197448
1.167876
1.144071
3.925309
1.230857
1.107833
0.938248
1.009904
1.303213
11.961929
3.857279
2.350708
3.974691
1.048476
1.140452
1.265806
1.158408
1.024239
1.121824
1.924500
1.205735
1.041084
1.483490
1.011935
1.215324
1.152223
1.139282
1.329296
1.463981
1.143007
0.957198
1.165295
1.260155
0.920976
1.171222
1.012702
1.160114
1.182611
1.160108
1.205580
1.501883
1.448004
1.235888
1.113084
1.257261
1.224585
1.068775
1.249972
1.124274
0.898535
