1.085530
1.091161
1.085843
1.082056
1.091897
1.091208
1.103959
1.075313
1.133918
1.105179
1.076784
1.115296
1.105002
1.090783
1.090769
1.077339
1.097632
1.142388
1.068958
1.099487
1.104447
1.077579
1.130235
1.126242
1.046517
1.113132
1.139622
1.092198
1.101214
1.130955
1.092932
1.114303
1.108109
1.078956
1.113639
1.069876
1.122377
1.119495
1.104404
1.121033
1.151906
1.094023
1.126447
1.078578
1.093932
1.108182
1.107608
1.103801
1.112271
1.093763
1.082397
1.086833
1.100949
1.090624
1.106458
1.070740
1.093217
1.114584
1.093004
1.104453
1.072043
1.103883
1.092586
1.103665
1.127375
1.080982
1.112931
1.104360
1.116377
1.114253
1.095176
1.090835
1.117652
1.090998
1.093585
1.081136
1.118361
1.107558
1.097565
1.111603
1.099632
1.077592
1.085342
1.109625
1.104214
1.098037
1.110907
1.106070
1.094691
1.096182
1.111642
1.103719
1.115700
1.102999
1.090885
1.091247
1.096662
1.089086
1.100146
1.103966
1.091866
1.087764
1.099131
1.091658
1.097516
1.102231
1.099066
1.104106
1.093190
1.117978
1.093474
1.101280
1.109345
1.087104
1.118597
1.101685
1.094785
1.073916
1.098561
1.086528
1.096634
1.106785
1.107103
1.100172
1.084312
1.094158
1.099882
1.110053
1.094059
1.071870
1.127933
1.087555
1.093650
1.088765
1.093348
1.121186
1.108956
1.093239
1.081064
1.083851
1.093220
1.085583
1.111996
1.079459
1.112298
1.106746
1.101541
1.078616
1.101813
1.097344
1.121108
1.111949
1.092461
1.091124
1.075302
1.105951
1.078819
1.081554
1.100521
1.100705
1.109152
1.073965
1.091978
1.107492
1.070948
1.086145
1.064612
1.095324
1.120691
1.120987
1.082961
1.101746
1.081969
1.072474
1.101120
1.096070
1.142738
1.113417
1.108706
1.082302
1.113341
1.079548
1.099173
1.128117
1.094044
1.056268
1.113302
1.052830
1.055868
1.071481
1.057783
1.085906
1.094400
1.138831
1.109860
1.113636
1.075633
1.091403
1.117795
1.049041
1.101120
1.089792
1.097958
1.124182
1.100138
1.120699
1.076971
1.141041
1.096062
1.162719
1.095502
1.075733
1.076068
1.116546
1.098504
1.098680
1.089301
1.105166
1.120933
1.050657
1.086450
1.057013
1.120614
1.141489
1.060228
1.114152
1.147253
1.135520
1.134332
1.090988
1.056945
1.076495
1.040900
1.074416
1.141430
1.143109
1.094037
1.129080
1.128786
1.145417
1.071440
1.140263
1.108590
1.093958
1.070144
1.082306
1.138697
1.074455
1.120273
1.124971
1.081186
1.102454
1.092180
1.107474
1.077577
1.101760
1.132517
1.097751
1.106238
1.101669
1.110395
1.077721
1.108323
1.104565
1.128802
1.098849
1.096994
1.089980
1.100473
1.105575
1.084925
1.092185
1.094994
1.089214
1.107361
1.079460
1.095026
1.116240
1.116170
1.098904
1.096805
1.095451
1.110977
1.103018
1.092769
1.105590
1.105835
1.108003
1.096066
1.099150
1.091653
1.092146
1.103421
1.085617
1.089936
1.101267
1.099501
1.093060
1.092451
1.089150
1.103116
1.100926
1.095645
1.102622
1.111456
1.111948
1.087337
1.099748
1.106485
1.096710
1.105317
1.090246
1.071902
1.095994
1.083234
1.124895
1.104646
1.115529
1.106836
1.126136
1.114592
1.113243
1.103746
1.104898
1.099454
1.110715
1.101979
1.093632
1.094344
1.093179
1.098782
1.094013
1.105159
1.093688
1.096040
1.097465
1.093737
1.110743
