1.102891
1.102193
1.095088
1.100909
1.090956
1.094249
1.107583
1.101649
1.097103
1.113359
1.097165
1.107650
1.097490
1.092537
1.097579
1.111317
1.094976
1.100115
1.108219
1.098701
1.094906
1.104643
1.099716
1.103409
1.100466
1.093500
1.102917
1.105394
1.089604
1.099409
1.091432
1.086220
1.098939
1.089416
1.095649
1.097875
1.082071
1.081616
1.116002
1.113037
1.115003
1.120308
1.104815
1.104953
1.127764
1.078329
1.067513
1.105824
1.088502
1.122531
1.123499
1.100720
1.096087
1.109603
1.095412
1.099248
1.071100
1.113191
1.094463
1.100001
1.101001
1.094226
1.080773
1.110308
1.091586
1.112715
1.118601
1.119931
1.085929
1.118230
1.100497
1.080974
1.106480
1.116740
1.099405
1.078189
1.108126
1.101598
1.102381
1.092367
1.101368
1.090693
1.107298
1.096277
1.101576
1.095466
1.094059
1.097199
1.093677
1.106897
1.109870
1.105095
1.096596
1.090718
1.094808
1.091404
1.096392
1.090738
1.084413
1.096629
1.112303
1.086588
1.112270
1.102637
1.107805
1.112414
1.109221
1.098465
1.098677
1.107280
1.113388
1.094936
1.099158
1.082821
1.090722
1.115903
1.115594
1.100556
1.111176
1.087718
1.105402
1.106194
1.090868
1.091551
1.098672
1.103014
1.094728
1.098158
1.090136
1.097109
1.098108
1.112524
1.098070
1.099495
1.100201
1.110124
1.101470
1.103747
1.103669
1.096115
1.088772
1.096163
1.096132
1.111097
1.083777
1.113501
1.108385
1.106434
1.099880
1.100256
1.099642
1.096777
1.096129
1.100986
1.100913
1.100668
1.099943
1.100506
1.098256
1.098010
1.098080
1.098441
1.098197
1.096333
1.096010
1.102264
1.098051
1.093575
1.094862
1.094331
1.104417
1.097167
1.087533
1.093684
1.108639
1.111119
1.092675
1.080284
1.111077
1.098994
1.082060
1.094936
1.104232
1.080456
1.119964
1.099332
1.095004
1.099515
1.110691
1.116129
1.104883
1.104581
1.088212
1.107662
1.103588
1.107556
1.109573
1.081088
1.078847
1.102033
1.086259
1.109864
1.078334
1.069022
1.093974
1.102977
1.102901
1.124182
1.092863
1.092806
1.092593
1.125869
1.114218
1.093063
1.072203
1.103460
1.092747
1.114092
1.113947
1.092942
1.110287
1.106093
1.129012
1.073220
1.104494
1.114089
1.090048
1.094659
1.074736
1.101967
1.095283
1.083440
1.080904
1.095656
1.098091
1.129514
1.118946
1.107534
1.096584
1.085158
1.095655
1.105928
1.107441
1.095160
1.067795
1.110752
1.120349
1.068513
1.085600
1.126217
1.093870
1.085618
1.069265
1.090876
1.081238
1.113341
1.098967
1.093833
1.104815
1.098792
1.110052
1.114937
1.107920
1.086707
1.094437
1.094649
1.082304
1.094970
1.112350
1.080215
1.125472
1.125176
1.111022
1.082507
1.068783
1.096447
1.082769
1.096373
1.082429
1.083594
1.096903
1.068061
1.098754
1.093674
1.126598
1.111887
1.097030
1.063549
1.078141
1.112418
1.112583
1.122975
1.097608
1.044431
1.130676
1.116469
1.090018
1.116650
1.107384
1.071178
1.068514
1.142164
1.111385
1.104844
1.134846
1.116866
1.070153
1.083916
1.093090
1.101524
1.085448
1.115769
1.091117
1.101549
1.091298
1.072507
1.087286
1.107592
1.123037
1.055985
1.107908
1.139891
1.117553
1.077080
1.098672
1.089671
1.086721
1.114614
1.098368
1.116082
1.084199
1.112760
1.101234
1.070957
1.111513
1.092816
1.106125
1.027358
