1.101915
1.106410
1.098194
1.063173
1.107174
1.102765
1.108888
1.123920
1.065102
1.065452
1.075110
1.097215
1.097722
1.079268
1.116194
1.110194
1.084636
1.071792
1.096680
1.088556
1.111889
1.070394
1.072423
1.113301
1.024883
1.102831
1.079236
1.067589
1.077708
1.087538
1.160886
1.172140
1.171838
1.083561
1.092703
1.068089
1.092894
1.069543
1.108890
1.092972
1.059459
1.125491
1.076030
1.075907
1.068686
1.043697
1.082155
1.151964
1.087894
1.086555
1.073870
1.125113
1.138331
1.098613
1.136742
1.073419
1.076193
1.139535
1.124356
1.097665
1.120545
1.054697
1.075460
1.053282
1.161654
1.094875
1.093914
1.117594
1.094892
1.139547
1.130205
1.176999
1.099201
1.078773
1.093312
1.145440
1.081030
1.107251
1.064641
1.107400
1.117110
1.099916
1.134829
1.078211
1.096374
1.099582
1.107439
1.080260
1.100603
1.106575
1.074252
1.093329
1.108976
1.097200
1.110208
1.098475
1.113582
1.098617
1.109666
1.097810
1.100756
1.104478
1.082282
1.090840
1.104567
1.104640
1.113868
1.098854
1.125756
1.104093
1.082104
1.093675
1.100063
1.117644
1.097723
1.100835
1.096003
1.101256
1.106880
1.095696
1.101286
1.094488
1.094740
1.096095
1.090284
1.106315
1.107368
1.099021
1.095199
1.094735
1.103914
1.090462
1.106881
1.103417
1.093228
1.092842
1.097049
1.084671
1.104804
1.105360
1.095500
1.105998
1.111623
1.090455
1.116171
1.104270
1.102130
1.095430
1.088408
1.096999
1.103267
1.098913
1.096769
1.099671
1.095394
1.110441
1.103968
1.095271
1.094513
1.106245
1.095706
1.098868
1.100628
1.100577
1.094987
1.099867
1.103215
1.097443
1.096499
1.101290
1.100105
1.099799
1.101327
1.099231
1.093874
1.103237
1.099339
1.100563
1.097601
1.098129
1.100777
1.094612
1.101194
1.097876
1.095156
1.102751
1.100535
1.098873
1.101170
1.102049
1.098500
1.101536
1.096102
1.099353
1.101277
1.099056
1.099336
1.100491
1.099189
1.096161
1.098150
1.106237
1.099954
1.096370
1.097989
1.097915
1.102419
1.098640
1.100004
1.096166
1.097553
1.099581
1.098915
1.097698
1.097056
1.099409
1.098199
1.097196
1.093048
1.096271
1.094816
1.106385
1.108527
1.092171
1.108296
1.109135
1.101778
1.084111
1.098374
1.091561
1.113283
1.104875
1.115103
1.115137
1.096986
1.093532
1.093930
1.108776
1.093600
1.100576
1.093596
1.103748
1.102630
1.101456
1.099780
1.087182
1.102346
1.102757
1.104975
1.097010
1.097571
1.099629
1.101805
1.095554
1.097500
1.102655
1.100466
1.102330
1.099215
1.097236
1.097683
1.100629
1.097023
1.098568
1.098877
1.096457
1.093201
1.086265
1.120999
1.076536
1.091474
1.121379
1.066464
1.100492
1.123366
1.116093
1.107922
1.097436
1.105691
1.087419
1.088338
1.105707
1.087417
1.096570
1.114655
1.089126
1.114882
1.088562
1.091748
1.084548
1.084404
1.115690
1.072117
1.090835
1.094863
1.097151
1.125834
1.103347
1.116527
1.075483
1.112938
1.109808
1.080017
1.086328
1.127760
1.133177
1.103113
1.098073
1.096836
1.093232
1.104841
1.075722
1.123755
1.085620
1.107133
1.088341
1.098801
1.088229
1.087479
1.072234
1.093624
1.129177
1.089614
1.105940
1.069488
1.068100
1.072841
1.107701
1.109719
1.124048
1.062437
1.124978
1.100707
1.126377
1.124388
1.108574
1.076749
1.079568
