1.114344
1.089527
1.086506
1.092323
1.097742
1.091962
1.092145
1.107616
1.086918
1.118064
1.091772
1.133263
1.092378
1.092525
1.077711
1.069319
1.051951
1.121684
1.098832
1.121883
1.111680
1.118157
1.076121
1.083949
1.092563
1.100992
1.125848
1.067793
1.093413
1.075806
1.142803
1.111105
1.108750
1.085438
1.076440
1.108348
1.094789
1.126146
1.108115
1.121966
1.115335
1.113434
1.113596
1.141385
1.084561
1.091869
1.107716
1.096031
1.095094
1.105487
1.102100
1.094601
1.111723
1.088098
1.092468
1.111013
1.107984
1.094297
1.113036
1.086818
1.091226
1.094098
1.095423
1.114306
1.087603
1.099332
1.081026
1.085553
1.096887
1.096494
1.095735
1.086035
1.127597
1.130073
1.087845
1.091643
1.101805
1.121309
1.094356
1.102768
1.108327
1.085480
1.121614
1.090418
1.115499
1.098691
1.106541
1.098653
1.101801
1.109842
1.094635
1.119357
1.112428
1.116390
1.113419
1.109510
1.094325
1.108780
1.107847
1.099593
1.099088
1.097839
1.102038
1.106473
1.094894
1.099923
1.102105
1.087278
1.102344
1.092283
1.083133
1.100580
1.090482
1.079723
1.105103
1.109975
1.101834
1.101714
1.128641
1.094759
1.111570
1.096668
1.101806
1.062694
1.101415
1.074164
1.084870
1.115381
1.101071
1.108228
1.084655
1.096374
1.112658
1.093397
1.109300
1.109283
1.118677
1.074992
1.099763
1.080553
1.090964
1.097684
1.140430
1.105746
1.106735
1.123024
1.093829
1.102378
1.112276
1.096522
1.070216
1.094376
1.087022
1.091181
1.094549
1.070598
1.106806
1.107070
1.097895
1.139122
1.070867
1.119279
1.073832
1.073739
1.131706
1.095089
1.075966
1.082940
1.117537
1.105008
1.120155
1.094889
1.079414
1.098162
1.081985
1.102752
1.077110
1.085438
1.089943
1.168530
1.081421
1.130231
1.103684
1.123874
1.077828
1.078062
1.110852
1.110774
1.089329
1.081600
1.094269
1.121425
1.109970
1.105001
1.080718
1.102855
1.110346
1.089422
1.098595
1.090571
1.092212
1.091309
1.081656
1.086785
1.087580
1.096365
1.116688
1.117270
1.096163
1.075131
1.085775
1.106665
1.095862
1.073022
1.083917
1.083409
1.126597
1.098158
1.065950
1.083755
1.097129
1.141758
1.111549
1.095505
1.065020
1.080553
1.145084
1.160002
1.070265
1.096938
1.140897
1.109404
1.093417
1.110957
1.085917
1.084690
1.081905
1.071848
1.097361
1.095888
1.108892
1.096232
1.121642
1.096364
1.145590
1.120553
1.083768
1.107081
1.097308
1.104164
1.108118
1.110257
1.093193
1.095568
1.095591
1.101097
1.106336
1.098606
1.112887
1.095095
1.098624
1.102916
1.089929
1.101574
1.093045
1.097616
1.105766
1.093918
1.109692
1.096690
1.094961
1.098305
1.104684
1.095819
1.098374
1.098460
1.092559
1.090978
1.106367
1.111580
1.091899
1.099992
1.092093
1.098190
1.100248
1.103029
1.099369
1.101594
1.093352
1.094297
1.106001
1.106182
1.088855
1.098070
1.113409
1.093642
1.093851
1.108640
1.103611
1.096508
1.095098
1.098747
1.090639
1.102984
1.101340
1.107460
1.096696
1.094723
1.098953
1.093269
1.096292
1.096706
1.098830
1.090119
1.101279
1.101181
1.099289
1.095494
1.110206
1.094158
1.097961
1.104371
1.076253
1.107798
1.086380
1.099291
1.095367
1.091605
1.095951
1.115888
1.090891
1.085503
1.084954
1.109993
1.094066
1.083323
1.117979
1.115494
