1.089210
1.075392
1.105032
1.108703
1.077478
1.101550
1.093096
1.092977
1.114382
1.080126
1.111249
1.098278
1.110956
1.101581
1.092943
1.104050
1.095065
1.100206
1.060523
1.105003
1.112618
1.080545
1.101030
1.094538
1.090108
1.077269
1.094774
1.104632
1.097651
1.074928
1.121672
1.111258
1.125069
1.124766
1.084464
1.110678
1.100557
1.107480
1.094863
1.094887
1.102666
1.125520
1.137495
1.119493
1.095442
1.117369
1.096473
1.078810
1.072567
1.139019
1.096608
1.097008
1.089828
1.109828
1.086343
1.086514
1.106939
1.103102
1.114790
1.089432
1.098459
1.094870
1.101148
1.088684
1.096208
1.104336
1.085668
1.094160
1.103058
1.108874
1.110185
1.096931
1.109131
1.109313
1.102638
1.090733
1.107767
1.097638
1.101480
1.097818
1.103780
1.091614
1.089164
1.105428
1.115149
1.092080
1.105608
1.105411
1.097784
1.118027
1.103932
1.103457
1.111237
1.103058
1.087891
1.102604
1.111880
1.086365
1.105416
1.101809
1.095724
1.089984
1.091537
1.090939
1.101428
1.106212
1.107830
1.100919
1.107126
1.100808
1.117827
1.105726
1.105830
1.096920
1.104077
1.090149
1.092265
1.098588
1.102543
1.105758
1.091883
1.105982
1.076435
1.110486
1.088622
1.074670
1.094966
1.082618
1.116859
1.104698
1.117666
1.091881
1.088701
1.091736
1.083039
1.099504
1.108050
1.107875
1.116217
1.090345
1.085121
1.103590
1.103646
1.133801
1.103040
1.097748
1.080024
1.108387
1.125279
1.079842
1.103636
1.135131
1.097682
1.112345
1.106251
1.105968
1.059228
1.101684
1.115295
1.104827
1.102757
1.116599
1.092291
1.073537
1.093182
1.092818
1.114301
1.121706
1.110879
1.108500
1.093925
1.120864
1.086204
1.110739
1.088819
1.083677
1.118814
1.093275
1.082843
1.095285
1.102950
1.094097
1.103152
1.089172
1.107243
1.095585
1.100657
1.083427
1.114001
1.100379
1.092291
1.110992
1.102903
1.088521
1.094924
1.090570
1.086690
1.085957
1.108574
1.108787
1.083119
1.094825
1.101765
1.091166
1.098241
1.120665
1.083884
1.086343
1.095260
1.109110
1.085456
1.080469
1.097124
1.095326
1.108311
1.125931
1.146057
1.111169
1.120489
1.118300
1.106344
1.085038
1.101150
1.094924
1.096852
1.085407
1.098953
1.099468
1.123704
1.085653
1.094654
1.122411
1.108042
1.107368
1.110624
1.106385
1.113314
1.102502
1.095480
1.099831
1.097278
1.096525
1.096377
1.101233
1.101495
1.098734
1.098896
1.100856
1.098456
1.097788
1.097630
1.097980
1.101496
1.096882
1.104596
1.106225
1.097315
1.098896
1.097773
1.100134
1.098168
1.093775
1.098800
1.099557
1.093027
1.100967
1.113879
1.109971
1.094939
1.095788
1.105113
1.097069
1.095927
1.101484
1.096128
1.096230
1.094673
1.094206
1.103314
1.094483
1.094257
1.113269
1.097594
1.082935
1.100134
1.106932
1.095411
1.107425
1.116676
1.119447
1.091860
1.089970
1.109830
1.096384
1.095876
1.084712
1.084000
1.090967
1.089738
1.089779
1.080912
1.105279
1.087677
1.136155
1.106030
1.095720
1.096027
1.085208
1.087347
1.119901
1.119969
1.106845
1.107792
1.096808
1.115640
1.114718
1.095676
1.097646
1.090618
1.089953
1.088701
1.112450
1.097736
1.081484
1.105387
1.089575
1.086176
1.110650
1.095173
1.091917
1.098307
1.081657
1.080910
1.106049
1.090817
1.086307
1.111562
1.085397
