1.117404
1.080068
1.108127
1.102918
1.066591
1.123675
1.105108
1.110373
1.078851
1.088409
1.098430
1.083055
1.106366
1.137374
1.097590
1.075030
1.067765
1.097577
1.113025
1.110202
1.110177
1.094806
1.092113
1.106998
1.067527
1.118123
1.082815
1.082881
1.078051
1.131489
1.099084
1.081734
1.043292
1.085409
1.038641
1.101449
1.144115
1.114676
1.144753
1.140981
1.116041
1.103572
1.091322
1.091370
1.086406
1.103473
1.115691
1.127512
1.068298
1.154646
1.086599
1.055247
1.098282
1.085858
1.119964
1.133477
1.087198
1.078840
1.130904
1.087531
1.087655
1.096063
1.087478
1.087207
1.052333
1.121680
1.128142
1.099622
1.093789
1.070428
1.118650
1.098240
1.094518
1.097803
1.054595
1.085371
1.058993
1.095238
1.067332
1.128043
1.129584
1.095967
1.114832
1.078782
1.112546
1.130662
1.095283
1.078794
1.102057
1.129627
1.129171
1.097325
1.129956
1.128844
1.083151
1.077720
1.078044
1.153319
1.082729
1.111707
1.113786
1.119078
1.117877
1.106881
1.108069
1.100393
1.120956
1.077554
1.108480
1.105762
1.092386
1.103242
1.084852
1.090351
1.106776
1.100689
1.093680
1.105715
1.109531
1.092027
1.105880
1.085554
1.101844
1.101916
1.100573
1.109877
1.103442
1.088022
1.094718
1.107621
1.099498
1.101864
1.089084
1.105208
1.097696
1.101487
1.111053
1.106511
1.104668
1.094896
1.100729
1.090825
1.100369
1.099225
1.095590
1.105511
1.095816
1.102304
1.097835
1.095983
1.097115
1.100690
1.099648
1.099765
1.101656
1.096419
1.100050
1.098052
1.098038
1.101213
1.097568
1.102320
1.098755
1.099727
1.099095
1.097346
1.099643
1.096749
1.094994
1.095474
1.097988
1.097689
1.096454
1.092797
1.091824
1.101750
1.105877
1.085500
1.100929
1.090969
1.108860
1.121006
1.096106
1.096168
1.088312
1.097109
1.122781
1.094499
1.096331
1.099790
1.082936
1.115060
1.087396
1.101072
1.079275
1.101217
1.111751
1.112008
1.104988
1.100098
1.110084
1.078458
1.088730
1.105046
1.073442
1.112180
1.097532
1.115225
1.083401
1.104358
1.105361
1.099372
1.110571
1.105101
1.109068
1.100417
1.120014
1.095067
1.103792
1.109891
1.099664
1.102342
1.092198
1.091887
1.097750
1.100302
1.110935
1.100934
1.099877
1.103387
1.102491
1.089039
1.094565
1.094949
1.092590
1.096485
1.092992
1.111020
1.114928
1.089156
1.104170
1.095688
1.098454
1.097417
1.088843
1.090320
1.097421
1.103912
1.096173
1.109549
1.092688
1.119035
1.107240
1.098854
1.087501
1.122928
1.116407
1.096698
1.101293
1.087433
1.098117
1.089511
1.095005
1.092270
1.098448
1.099447
1.095615
1.108552
1.099833
1.094698
1.100628
1.107351
1.113794
1.094578
1.113420
1.095334
1.095935
1.085600
1.111100
1.099985
1.086732
1.110385
1.099337
1.109918
1.081188
1.112539
1.085851
1.086769
1.095053
1.095929
1.109602
1.085417
1.099582
1.091081
1.081920
1.094547
1.113734
1.093921
1.117953
1.077971
1.084685
1.105605
1.102242
1.081288
1.080794
1.127702
1.105036
1.112371
1.103396
1.128017
1.106588
1.111360
1.092722
1.086726
1.100766
1.065044
1.090732
1.093836
1.103179
1.113485
1.076349
1.097143
1.141620
1.096078
1.095588
1.095132
1.111514
1.104191
1.080970
1.075461
1.117542
1.104389
1.100959
1.081856
1.072139
1.102381
1.102671
1.064462
