1.124784
1.125296
1.120329
1.094675
1.106328
1.070161
1.103622
1.155775
1.061442
1.140696
1.063700
1.084747
1.125414
1.077913
1.065318
1.132722
1.084348
1.081059
1.101240
1.110548
1.134030
1.131645
1.062271
1.082368
1.139912
1.065213
1.082933
1.092333
1.074102
1.083100
1.092170
1.102010
1.101588
1.054093
1.091299
1.093777
1.092196
1.131402
1.092203
1.133500
1.130667
1.035292
1.080878
1.069080
1.112990
1.142286
1.100738
1.141103
1.085605
1.079004
1.119301
1.082892
1.112713
1.075193
1.124583
1.068065
1.094063
1.063353
1.094337
1.126252
1.108691
1.094460
1.083935
1.094456
1.094458
1.118930
1.143288
1.128338
1.091955
1.081833
1.115531
1.067788
1.090720
1.119308
1.083205
1.109016
1.086791
1.090177
1.086793
1.131120
1.097468
1.108366
1.097270
1.116861
1.076379
1.128160
1.097052
1.062616
1.106701
1.087705
1.073553
1.076251
1.108985
1.086845
1.120060
1.091704
1.098524
1.120800
1.093988
1.087736
1.081429
1.093772
1.104428
1.099959
1.084067
1.086944
1.099478
1.108927
1.075650
1.107811
1.114929
1.093774
1.089276
1.083665
1.099443
1.109478
1.077264
1.066967
1.123888
1.073057
1.082893
1.120705
1.128512
1.120349
1.108954
1.109916
1.092658
1.116956
1.116704
1.085721
1.108260
1.084416
1.101321
1.112008
1.099361
1.094030
1.106979
1.114914
1.071349
1.103449
1.078095
1.102552
1.110182
1.095853
1.117161
1.086454
1.107405
1.088289
1.082791
1.117426
1.092108
1.122157
1.120555
1.105492
1.105011
1.098547
1.097455
1.113311
1.069047
1.120726
1.075177
1.065111
1.112746
1.121104
1.093085
1.125250
1.098871
1.113835
1.080018
1.134822
1.100711
1.105871
1.085688
1.102799
1.090968
1.086063
1.119270
1.069451
1.105806
1.083439
1.110611
1.132736
1.095921
1.119251
1.096144
1.096522
1.096250
1.106777
1.106362
1.127138
1.087886
1.133125
1.113648
1.097151
1.111248
1.096223
1.103010
1.106117
1.097659
1.098278
1.106866
1.098135
1.099567
1.096869
1.095893
1.102710
1.104024
1.105284
1.111344
1.101021
1.095287
1.111065
1.100169
1.099838
1.100450
1.091643
1.115775
1.108698
1.095701
1.102585
1.092926
1.101428
1.108585
1.087109
1.096320
1.098031
1.103783
1.105221
1.102558
1.098618
1.107477
1.095057
1.097218
1.102833
1.104822
1.095518
1.104872
1.100753
1.090813
1.100487
1.095293
1.106084
1.098984
1.101628
1.098504
1.113742
1.115048
1.092185
1.091510
1.105305
1.104912
1.102631
1.098206
1.098412
1.090778
1.104251
1.097742
1.100218
1.100535
1.098629
1.101671
1.093276
1.100348
1.104105
1.097659
1.096156
1.095509
1.105649
1.095322
1.089828
1.093457
1.108228
1.100441
1.117727
1.091385
1.074304
1.104068
1.109726
1.109653
1.135553
1.079112
1.095057
1.095226
1.095352
1.088260
1.117115
1.099280
1.114545
1.113296
1.088164
1.088663
1.112618
1.088904
1.120403
1.081713
1.098112
1.103119
1.098219
1.110229
1.097280
1.109348
1.090416
1.095976
1.098629
1.090678
1.102533
1.085890
1.107198
1.113295
1.102450
1.090579
1.105889
1.094835
1.106876
1.094985
1.107200
1.090007
1.085884
1.090255
1.097144
1.102999
1.092203
1.086269
1.090985
1.104110
1.089746
1.088817
1.104977
1.088468
1.095970
1.088834
1.103511
1.130464
1.085290
1.116099
1.072926
1.102212
1.065539
