1.084214
1.097127
1.109169
1.123524
1.123586
1.082000
1.068473
1.081254
1.053461
1.125705
1.110888
1.095165
1.099352
1.111416
1.090425
1.111509
1.086762
1.094651
1.089971
1.092018
1.145672
1.073451
1.066684
1.075278
1.097654
1.164679
1.083712
1.080562
1.111744
1.105926
1.114472
1.075099
1.094541
1.127542
1.085400
1.098061
1.106697
1.113878
1.070819
1.086201
1.082622
1.100708
1.082322
1.092811
1.099202
1.091817
1.098695
1.079820
1.109549
1.144509
1.099615
1.097456
1.081255
1.095816
1.098012
1.109545
1.094143
1.098780
1.123344
1.097279
1.097381
1.082809
1.104226
1.112205
1.105970
1.102087
1.094400
1.089902
1.121844
1.093811
1.093652
1.053134
1.065196
1.084729
1.092460
1.107747
1.119012
1.091644
1.132759
1.116683
1.095182
1.133232
1.088166
1.066762
1.088419
1.053687
1.120987
1.096288
1.111264
1.122085
1.107068
1.090392
1.137125
1.060284
1.091105
1.077667
1.131389
1.104350
1.112115
1.132956
1.085715
1.108706
1.085256
1.061314
1.099407
1.119620
1.094314
1.119160
1.056835
1.126980
1.109541
1.110995
1.117607
1.125916
1.092069
1.087919
1.122602
1.121564
1.085683
1.092676
1.074719
1.089296
1.106299
1.113620
1.090031
1.107846
1.102980
1.127093
1.112022
1.111203
1.099084
1.103530
1.081647
1.110962
1.105524
1.098386
1.103152
1.099810
1.100173
1.096755
1.102037
1.091904
1.092699
1.096470
1.090308
1.101155
1.104447
1.104208
1.104628
1.096478
1.082139
1.094083
1.094049
1.111527
1.104650
1.095347
1.098195
1.088830
1.090795
1.089381
1.096693
1.113032
1.105053
1.098528
1.114251
1.122315
1.088402
1.104652
1.104244
1.097056
1.103873
1.096856
1.090431
1.084201
1.103763
1.103339
1.096947
1.096842
1.097657
1.092180
1.103482
1.102425
1.100838
1.090614
1.097749
1.101720
1.099933
1.075202
1.105260
1.117990
1.090048
1.083318
1.089057
1.108446
1.084299
1.112532
1.104923
1.101422
1.095056
1.090842
1.082028
1.095591
1.127665
1.087202
1.106731
1.117902
1.097212
1.078963
1.095155
1.083007
1.082392
1.088672
1.107967
1.118107
1.098509
1.094126
1.089004
1.098731
1.088686
1.085045
1.109148
1.098736
1.072708
1.087806
1.125982
1.082436
1.114471
1.094293
1.110454
1.088648
1.123406
1.128373
1.069238
1.082238
1.083104
1.082363
1.110057
1.108410
1.083651
1.102726
1.081533
1.058641
1.084720
1.111823
1.089694
1.112441
1.117839
1.060983
1.112895
1.118920
1.112991
1.099386
1.099351
1.080113
1.131717
1.093595
1.106846
1.080702
1.111799
1.111573
1.109609
1.062149
1.077151
1.111096
1.097950
1.104885
1.088667
1.042030
1.107510
1.098447
1.119573
1.099114
1.111538
1.069733
1.153124
1.092960
1.100289
1.062193
1.069550
1.127227
1.127510
1.048285
1.110669
1.136383
1.089858
1.092758
1.120840
1.131152
1.116481
1.077301
1.062180
1.077902
1.109069
1.068318
1.099667
1.109319
1.115755
1.096727
1.096333
1.090923
1.133513
1.101450
1.092119
1.122899
1.121722
1.113802
1.086640
1.074428
1.099208
1.106238
1.090173
1.102748
1.090980
1.102243
1.102127
1.116287
1.119333
1.120738
1.109647
1.104820
1.102635
1.104625
1.103132
1.100476
1.089725
1.097284
1.100625
1.095478
1.098145
1.093284
1.101465
2.480415
1.114680
1.115600
1.109299
1.094157
1.131269
1.074594
