1.102060
1.109157
1.102719
1.107493
1.092093
1.099288
1.103604
1.097174
1.097802
1.081609
1.102212
1.091861
1.088143
1.103112
1.099377
1.090410
1.113832
1.080250
1.114585
1.084424
1.094381
1.093749
1.066303
1.118334
1.079263
1.107073
1.122389
1.044670
1.094096
1.108704
1.093938
1.109404
1.115262
1.109853
1.130919
1.078195
1.124877
1.113853
1.089709
1.094179
1.122405
1.103734
1.080579
1.133104
1.119141
1.090090
1.077252
1.089350
1.099611
1.096387
1.104261
1.116195
1.111388
1.080559
1.098568
1.107043
1.105473
1.105388
1.094723
1.081907
1.088221
1.112119
1.091805
1.105416
1.112413
1.080784
1.095257
1.082095
1.095579
1.097157
1.085468
1.095202
1.106213
1.096716
1.108231
1.119780
1.085649
1.096295
1.085499
1.117847
1.096789
1.107415
1.085297
1.073393
1.129819
1.095102
1.092255
1.110436
1.103684
1.064955
1.081729
1.103293
1.112152
1.075986
1.098946
1.076210
1.113374
1.059728
1.108815
1.078210
1.089196
1.126307
1.093426
1.076540
1.110504
1.128067
1.132403
1.093159
1.093090
1.085917
1.100368
1.126988
1.125227
1.052458
1.114405
1.103046
1.126502
1.091923
1.104004
1.091819
1.104999
1.104687
1.118906
1.079761
1.118909
1.090536
1.113410
1.090157
1.081892
1.126049
1.099338
1.095136
1.092827
1.105677
1.109344
1.076060
1.132558
1.130048
1.093693
1.108483
1.071124
1.090363
1.104130
1.105783
1.115344
1.077445
1.107227
1.114599
1.081054
1.105904
1.090240
1.081201
1.113678
1.105993
1.072713
1.129690
1.094794
1.105134
1.099007
1.074399
1.081063
1.126368
1.084381
1.076548
1.089177
1.092457
1.130260
1.113302
1.119923
1.112468
1.089583
1.100107
1.102575
1.104978
1.114238
1.116043
1.090938
1.103860
1.073703
1.099169
1.101128
1.084255
1.100722
1.071175
1.087246
1.075827
1.100752
1.069557
1.131490
1.087724
1.106640
1.104883
1.131743
1.117083
1.120659
1.080007
1.093659
1.074049
1.088029
1.093819
1.114916
1.078186
1.123546
1.093863
1.099292
1.118032
1.120021
1.101865
1.106352
1.071230
1.101310
1.103703
1.070520
1.094435
1.101175
1.096874
1.101394
1.094436
1.108561
1.103359
1.112941
1.121671
1.089644
1.079672
1.080894
1.081173
1.102423
1.095070
1.115708
1.092414
1.091519
1.103179
1.079137
1.133963
1.110406
1.063791
1.096824
1.112586
1.087180
1.097607
1.096561
1.104126
1.104202
1.097901
1.071329
1.123649
1.098807
1.114962
1.130423
1.069341
1.106804
1.106567
1.117561
1.069904
1.114621
1.103351
1.129047
1.103076
1.082509
1.114113
1.103831
1.102446
1.113833
1.094136
1.093867
1.085246
1.086973
1.100985
1.109589
1.091216
1.097532
1.112562
1.109081
1.089049
1.089119
1.102957
1.092020
1.105792
1.097401
1.094600
1.083804
1.088710
1.117920
1.094324
1.091762
1.100569
1.076108
1.091114
1.077327
1.089904
1.109335
1.098221
1.080906
1.080198
1.100139
1.129263
1.121225
1.099482
1.108667
1.089026
1.094028
1.094100
1.096143
1.063779
1.073214
1.104940
1.122187
1.099487
1.172131
1.109963
1.077518
1.124976
1.093620
1.088063
1.087880
1.093527
1.096943
1.077673
1.121983
1.107720
1.104668
1.120921
1.103201
1.073617
1.077159
1.110817
1.083112
1.114056
1.104316
1.088911
1.112633
1.074319
1.094607
1.074004
1.081606
1.087223
1.102755
1.147552
