1.083776
1.090271
1.104588
1.090046
1.103272
1.117828
1.132132
1.107897
1.120710
1.084513
1.094909
1.097643
1.092107
1.077137
1.106559
1.093501
1.088820
1.132224
1.124088
1.106386
1.105503
1.078491
1.101507
1.126940
1.056377
1.104706
1.115214
1.104059
1.092165
1.079894
1.116781
1.067406
1.091886
1.090875
1.095081
1.077230
1.106939
1.063242
1.136396
1.075962
1.106218
1.090904
1.074145
1.092426
1.100906
1.108751
1.130525
1.075194
1.112391
1.137232
1.118093
1.126914
1.080458
1.118565
1.111455
1.113661
1.076100
1.103404
1.088178
1.109094
1.068158
1.116288
1.069521
1.084154
1.121993
1.103311
1.086348
1.079124
1.063601
1.123595
1.117309
1.064683
1.063849
1.118212
1.110205
1.059105
1.100418
1.145287
1.115332
1.099298
1.105465
1.092002
1.087636
1.099689
1.118727
1.136421
1.100631
1.124588
1.101021
1.093240
1.113022
1.108581
1.081179
1.100924
1.105911
1.099352
1.089274
1.083735
1.099497
1.104566
1.098650
1.108952
1.094983
1.094957
1.093201
1.088476
1.103592
1.103953
1.114235
1.097936
1.113434
1.096571
1.089198
1.119615
1.089515
1.111261
1.117036
1.096653
1.086466
1.091289
1.091527
1.093235
1.106912
1.093627
1.090383
1.117751
1.102388
1.102188
1.116146
1.101515
1.103332
1.088898
1.106339
1.099892
1.101825
1.097321
1.100901
1.095234
1.097173
1.103625
1.095924
1.100632
1.097252
1.096979
1.098438
1.099862
1.099309
1.097289
1.102918
1.094892
1.095695
1.103976
1.095056
1.096789
1.099086
1.098716
1.101152
1.088186
1.100094
1.100892
1.111899
1.098149
1.102239
1.091758
1.087859
1.091877
1.109741
1.107837
1.108009
1.100795
1.088884
1.098237
1.095872
1.098263
1.108061
1.101007
1.086868
1.112543
1.110049
1.104780
1.096302
1.099645
1.102041
1.107662
1.106609
1.101029
1.096896
1.091451
1.096082
1.099999
1.092635
1.095061
1.101328
1.097079
1.099289
1.091431
1.099021
1.089890
1.119960
1.130849
1.124459
1.094994
1.091540
1.091474
1.076719
1.077050
1.084855
1.094018
1.105951
1.111334
1.105913
1.093524
1.123783
1.088957
1.105049
1.108705
1.070737
1.078302
1.109519
1.113367
1.081070
1.125787
1.100990
1.085883
1.112849
1.105416
1.121824
1.102592
1.081458
1.087872
1.106423
1.100147
1.120054
1.099854
1.111806
1.098506
1.122008
1.099688
1.095868
1.099584
1.097641
1.093219
1.109552
1.093780
1.094192
1.102465
1.093873
1.098644
1.093247
1.098162
1.100874
1.110547
1.097142
1.097594
1.102116
1.088056
1.086035
1.102784
1.078931
1.109171
1.086376
1.086677
1.104935
1.087847
1.113737
1.095024
1.098046
1.094826
1.061761
1.103707
1.090372
1.084219
1.084791
1.109113
1.093671
1.099303
1.076651
1.121356
1.097073
1.103376
1.080453
1.092501
1.072399
1.112620
1.110314
1.131364
1.101419
1.120631
1.139155
1.102908
1.110627
1.075569
1.073669
1.093042
1.083369
1.099827
1.070381
1.053506
1.099884
1.082418
1.063971
1.077579
1.143747
1.137385
1.097754
1.084974
1.108989
1.092477
1.055094
1.132784
1.143358
1.131966
1.100839
1.072589
1.079919
1.091330
1.120775
1.059317
1.072848
1.121336
1.092773
1.138372
1.056170
1.109303
1.090426
1.073097
1.125564
1.091321
1.128922
1.051780
1.033880
1.090253
1.087290
1.114338
1.058793
1.104237
1.089900
1.178479
