1.110112
1.250882
1.242286
1.118936
1.108064
1.073503
1.272224
1.185708
0.984280
1.126816
1.074216
1.214872
1.002639
1.121582
0.961844
1.306224
1.283356
1.185744
1.156995
1.193242
1.156377
1.257271
1.130706
1.074469
1.203532
1.167256
1.170299
4.667846
1.158996
1.086091
1.061365
0.998770
2.870219
1.034270
1.162848
1.093023
1.101000
1.062451
1.166340
1.101227
1.068072
1.270033
1.121424
1.111245
1.117652
1.036583
1.108660
1.174015
1.078493
1.241740
1.161113
1.103404
1.121635
1.089427
1.125177
1.113180
1.127363
1.076648
1.099230
1.133771
1.106969
1.133513
1.108563
1.096498
1.087209
1.090449
1.207691
1.198569
1.047539
1.203861
1.091539
1.105974
1.152668
1.260029
1.246318
1.099451
1.089664
1.140607
1.089411
1.079255
1.251315
1.036989
1.200980
1.226029
1.134296
1.092983
1.071543
1.143047
1.100082
1.149445
1.117942
1.179656
1.176292
1.147462
1.098147
1.096951
1.105072
1.059214
1.092570
1.145324
1.187687
1.048669
1.210283
1.196877
1.013202
1.057741
1.293269
1.137021
1.099834
1.098130
1.144523
1.092578
1.117130
1.102320
1.254650
1.123699
1.257817
1.069405
1.116431
1.091486
1.100280
1.193916
1.134295
1.083674
1.110040
1.116329
1.072541
1.129403
1.123322
1.157222
1.095280
1.092744
1.106442
1.126947
1.158340
1.180800
1.118543
1.102528
1.074757
1.179415
1.060794
1.099536
0.949930
6.244870
6.407536
2.116169
1.709719
1.967994
1.092054
1.061629
1.054133
1.444313
1.184020
1.045533
0.999585
6.701459
7.430882
4.325819
1.101617
1.091037
1.136723
1.109711
2.299147
1.049739
1.064142
1.148823
1.063297
1.038358
1.174915
4.139421
1.707370
1.185927
0.993826
1.141550
1.069713
1.284227
1.138955
1.093527
1.040644
1.081331
1.174338
1.234902
1.077757
1.113287
1.067724
1.175087
1.082899
1.090358
1.131898
1.141880
1.154303
1.011883
1.283630
1.133870
1.211985
1.133802
4.810326
1.054126
1.106120
1.048389
1.358723
1.366583
1.079507
1.423104
1.318625
1.144371
1.052547
1.054147
1.172099
1.003414
1.184756
1.491938
14.120176
11.688447
4.535367
0.897794
1.480043
1.102258
0.993701
1.004120
3.196756
0.915232
1.000715
13.372487
1.424298
1.457776
1.231227
1.134886
1.105893
0.986865
1.122144
1.407331
1.234041
1.492127
1.019433
0.859562
1.353799
1.439955
1.161574
1.110651
1.075472
1.112300
1.228490
1.080460
1.091655
1.237625
1.170464
1.238373
1.177326
1.116544
1.143806
1.165200
1.083297
1.005771
0.932715
1.150822
1.111707
0.981431
1.089500
1.153742
1.107726
1.311782
1.248212
1.166119
1.107305
1.080626
1.035652
1.340834
1.340828
1.317937
1.257585
1.131226
1.099829
1.078868
1.158742
1.128995
1.220420
1.290863
1.094168
0.984583
1.287351
1.357480
1.014204
1.079925
1.113639
0.932201
1.035522
1.267754
1.123764
1.186125
1.173882
1.098420
1.103047
1.081761
1.116761
1.095384
1.096270
1.097391
1.179053
1.051261
1.098519
1.065245
1.113145
1.022752
0.969744
1.268020
1.156105
1.030387
1.307188
1.061580
1.246717
1.316990
1.194438
1.123665
1.112450
1.111984
1.114223
1.143566
1.134115
1.006537
1.169290
1.176827
1.101469
1.213847
1.131399
1.072491
1.065408
0.962390
1.092365
1.192375
1.332749
1.379578
1.148295
1.256300
1.296760
1.214462
1.195550
0.897678
