1.116146
1.130637
1.112153
1.134349
1.104456
1.063998
1.115740
1.067871
1.086154
1.097403
1.170253
1.082515
1.064376
1.097391
1.108016
1.133490
1.071938
1.125948
1.118977
1.104257
1.104241
1.097267
1.061356
1.107777
1.150486
1.107696
1.125246
1.125097
1.107500
1.093864
1.128380
1.107288
1.107218
1.014617
1.107113
1.086303
1.107038
1.069469
1.094228
1.127689
1.131684
1.090246
1.053015
1.140007
1.073733
1.106783
1.069711
1.090286
1.106725
1.049167
1.110881
1.123082
1.098773
1.115124
1.106647
1.118753
1.045124
1.069832
1.074112
1.127094
1.106534
1.090340
1.090344
1.102054
1.143123
1.074322
1.106378
1.110911
1.167833
1.110852
1.095015
1.095011
1.090449
1.038917
1.038915
1.063423
1.070238
1.094743
1.113801
1.074378
1.126729
1.110673
1.126772
1.090368
1.147002
1.114710
1.130692
1.114488
1.058318
1.102583
1.070534
1.106462
1.086658
1.122496
1.145926
1.082975
1.079198
1.106295
1.110102
1.137565
1.106107
1.075043
1.098703
1.086477
1.153001
1.079421
1.075352
1.105847
1.129077
1.094586
1.079349
1.082923
1.121049
1.090637
1.102026
1.143622
1.086822
1.102437
1.094638
1.067982
1.094677
1.079870
1.090728
1.136084
1.068150
1.075870
1.057150
1.154215
1.094463
1.098154
1.146626
1.120671
1.109232
1.075786
1.124066
1.105673
1.105659
1.057702
1.102339
1.127048
1.054616
1.105594
1.126909
1.054776
1.102291
1.105536
1.141511
1.141401
1.076288
1.087537
1.090882
1.090892
1.112032
1.084214
1.108633
1.133895
1.059036
1.073317
1.115466
1.073343
1.143800
1.055820
1.126100
1.073434
1.073446
1.130209
1.146920
1.076863
1.097670
1.101813
1.062816
1.136579
1.108328
1.122372
1.091030
1.153428
1.080221
1.118947
1.097216
1.088093
1.071321
1.097074
1.094070
1.107843
1.091138
1.107769
1.104976
1.138059
1.110316
1.080028
1.091187
1.104976
1.096064
1.093563
1.107301
1.093409
1.091215
1.121021
1.091224
1.107030
1.089404
1.093027
1.108634
1.077308
1.103628
1.091251
1.047759
1.123730
1.136293
1.105341
1.063051
1.092470
1.075922
1.106552
1.092275
1.107477
1.091228
1.092872
1.121563
1.107609
1.106267
1.149891
1.106426
1.120998
1.106015
1.105853
1.119826
1.105325
1.119586
1.118179
1.106683
1.106822
1.093428
1.105937
1.132483
1.075080
1.064307
1.092899
1.092961
1.103208
1.117347
1.107344
1.105887
1.132669
1.077660
1.091763
1.079297
1.080868
1.087219
1.132215
1.088669
1.065470
1.091807
1.093481
1.104147
1.107565
1.119896
1.141107
1.065591
1.090121
1.107532
1.105777
1.097062
1.105719
1.093513
1.105634
1.102554
1.076763
1.078266
1.102604
1.107036
1.105542
1.126881
1.093418
1.078376
1.093454
1.106998
1.105469
1.125124
1.120359
1.090524
1.081616
1.118655
1.100995
1.105278
1.116985
1.128574
1.106623
1.106555
1.092180
1.090832
1.127729
1.094951
1.104861
1.102246
1.093589
1.070078
1.115812
1.056700
1.092365
1.115763
1.102399
1.067920
1.102368
1.082418
1.080077
1.089986
1.114638
1.103472
1.114563
1.128326
1.071763
1.081366
1.092360
1.076985
1.090855
1.090798
1.090733
1.101662
1.116017
1.132388
1.095998
1.054169
1.099529
1.105111
1.117935
1.096246
1.103177
1.101227
1.094311
1.105105
1.077676
1.101156
1.101103
1.103077
1.081722
1.109455
1.142779
