1.077559
1.092413
1.102980
1.090304
1.056617
1.130485
1.109123
1.113381
1.079798
1.087863
1.102793
1.107640
1.082276
1.100183
1.100107
1.095143
1.095191
1.105290
1.079767
1.092528
1.095269
1.085205
1.105330
1.110724
1.120333
1.107903
1.122952
1.107783
1.087469
1.105139
1.110067
1.130063
1.099973
1.082862
1.117283
1.092707
1.061260
1.097776
1.095214
1.083054
1.126630
1.128886
1.080763
1.090552
1.059221
1.130586
1.080876
1.104592
1.096686
1.059239
1.126295
1.100926
1.118006
1.092711
1.102769
1.082653
1.105918
1.091217
1.092713
1.094130
1.114463
1.070966
1.105525
1.082415
1.104194
1.114546
1.090539
1.093724
1.090640
1.102097
1.092668
1.114583
1.079065
1.103069
1.105358
1.124926
1.091480
1.111996
1.082510
1.127255
1.078519
1.092753
1.081276
1.112738
1.102714
1.102674
1.091100
1.106113
1.084872
1.091004
1.084943
1.084929
1.090978
1.102584
1.090957
1.094616
1.114301
1.134015
1.104446
1.077428
1.094695
1.090884
1.088907
1.092806
1.106569
1.114173
1.092816
1.104532
1.104527
1.090715
1.094979
1.119298
1.088530
1.125598
1.104518
1.127680
1.099869
1.104445
1.115820
1.111016
1.101976
1.073135
1.115415
1.126400
1.101820
1.116523
1.071635
1.080118
1.090866
1.125622
1.098992
1.109585
1.096127
1.090724
1.096308
1.099282
1.104124
1.101178
1.101147
1.111636
1.128073
1.086231
1.127691
1.090757
1.083534
1.098111
1.116807
1.088082
1.113764
1.086718
1.110790
1.114970
1.077135
1.103634
1.100820
1.096723
1.087095
1.103556
1.106279
1.107549
1.104609
1.100653
1.094064
1.106573
1.078296
1.097205
1.116073
1.112925
1.081779
1.091132
1.097224
1.084887
1.097214
1.128379
1.094467
1.084945
1.078721
1.097217
1.091156
1.100452
1.087871
1.112890
1.125319
1.103825
1.075548
1.097153
1.103463
1.094158
1.106389
1.091248
1.112677
1.100536
1.103371
1.096977
1.075894
1.096912
1.096869
1.108618
1.112372
1.118847
1.103152
1.116266
1.105315
1.105167
1.096338
1.090215
1.102765
1.062401
1.082946
1.100900
1.107649
1.079051
1.085752
1.102670
1.121314
1.099530
1.113478
1.101092
1.075772
1.099482
1.095812
1.094184
1.102696
1.100997
1.109516
1.094194
1.110901
1.083868
1.094231
1.111362
1.085692
1.111415
1.107059
1.090077
1.094291
1.083619
1.111415
1.081351
1.106991
1.098312
1.079425
1.104353
1.117940
1.116953
1.085664
1.106462
1.100381
1.105759
1.108940
1.091717
1.085920
1.094480
1.117308
1.091689
1.083212
1.091670
1.097293
1.088895
1.094515
1.106063
1.106069
1.100378
1.094490
1.108794
1.097294
1.077396
1.088992
1.120192
1.097154
1.097648
1.105662
1.091803
1.108885
1.099656
1.099578
1.103840
1.097926
1.096924
1.102841
1.092054
1.095588
1.100384
1.109645
1.094516
1.085613
1.100268
1.113789
1.086257
1.091954
1.094554
1.100236
1.105907
1.108840
1.119508
1.105630
1.075418
1.089320
1.108214
1.113429
1.096915
1.096802
1.081630
1.096565
1.098098
1.081795
1.084677
1.099637
1.099604
1.123575
1.090145
1.095835
1.103244
1.094010
1.069669
1.107941
1.086355
1.090970
1.103383
1.104206
1.090091
1.094779
1.103482
1.082018
1.098773
1.077818
1.108408
1.067879
1.085645
1.085519
1.112395
1.085279
1.094536
1.099621
1.094474
1.101355
1.104082
1.113806
1.049735
