1.098217
1.095173
1.114167
1.094312
1.088812
1.100842
1.110942
1.100813
1.078632
1.089612
1.084055
1.094239
1.110047
1.103911
1.120470
1.062485
1.100429
1.100406
1.109586
1.078785
1.099699
1.088718
1.099682
1.078125
1.094556
1.120357
1.115547
1.078328
1.099284
1.099258
1.090091
1.104864
1.126373
1.121167
1.094156
1.083962
1.115028
1.105124
1.083712
1.099632
1.094248
1.109796
1.099344
1.099896
1.088980
1.083958
1.114684
1.109595
1.104568
1.119655
1.094869
1.114557
1.078885
1.089684
1.089721
1.105986
1.088941
1.099705
1.104292
1.074459
1.109647
1.108920
1.098953
1.098928
1.108799
1.104220
1.115002
1.108533
1.080310
1.123445
1.094385
1.089016
1.099794
1.101104
1.089044
1.103865
1.086337
1.113251
1.095743
1.107871
1.079859
1.098500
1.081149
1.099787
1.111808
1.102560
1.094475
1.123654
1.100858
1.085283
1.107921
1.080314
1.098730
1.090424
1.089525
1.117156
1.090435
1.108858
1.108844
1.084412
1.103719
1.099673
1.104796
1.112768
1.112697
1.099659
1.104664
1.089693
1.094676
1.102448
1.103456
1.082191
1.108337
1.077363
1.088392
1.076177
1.098512
1.098506
1.111153
1.085781
1.085728
1.101191
1.096016
1.111127
1.094544
1.105068
1.116380
1.089265
1.092387
1.090808
1.108836
1.089274
1.108829
1.094540
1.108809
1.084098
1.084065
1.090790
1.107296
1.083766
1.112657
1.099940
1.090871
1.118209
1.112609
1.109063
1.074317
1.085451
1.091059
1.094416
1.094402
1.097715
1.081996
1.093567
1.109329
1.101033
1.097666
1.110185
1.094296
1.115426
1.100266
1.109057
1.078831
1.094322
1.097587
1.100188
1.096874
1.094347
1.090979
1.070260
1.102406
1.109360
1.118668
1.075752
1.107383
1.113047
1.094373
1.101805
1.094395
1.120633
1.099903
1.102000
1.092396
1.098211
1.105279
1.103597
1.099843
1.094520
1.101357
1.108767
1.111091
1.116152
1.099717
1.109780
1.099668
1.099633
1.095906
1.120162
1.093926
1.106872
1.091272
1.090435
1.098564
1.099468
1.090499
1.099481
1.110928
1.107417
1.110763
1.095041
1.107230
1.110436
1.090750
1.087599
1.093926
1.100807
1.099517
1.087743
1.100850
1.114295
1.104374
1.106797
1.080700
1.095224
1.102453
1.105393
1.101067
1.096666
1.113752
1.102312
1.096803
1.084101
1.089901
1.092589
1.106478
1.084139
1.093979
1.098103
1.096643
1.113614
1.107748
1.098287
1.102377
1.098375
1.084395
1.092335
1.105426
1.089283
1.091370
1.083337
1.081069
1.096347
1.103618
1.093202
1.098376
1.100436
1.096115
1.103565
1.095890
1.099286
1.106904
1.106871
1.087696
1.079882
1.095271
1.099019
1.095279
1.110496
1.095297
1.098132
1.091819
1.087394
1.099877
1.095333
1.075783
1.108095
1.078929
1.105884
1.091682
1.108362
1.090409
1.083090
1.103664
1.098861
1.097803
1.095098
1.095089
1.125043
1.098858
1.106349
1.095116
1.074131
1.081384
1.114815
1.105435
1.109073
1.117814
1.098728
1.107396
1.107338
1.079986
1.085041
1.073058
1.084845
1.109164
1.084574
1.083351
1.112740
1.112807
1.095268
1.098477
1.098465
1.100921
1.112910
1.095290
1.080870
1.101576
1.086497
1.089589
1.092185
1.119317
1.095290
1.083307
1.116242
1.095642
1.116202
1.098201
1.098323
1.104191
1.089491
1.083668
1.074796
1.107132
1.080542
1.101357
1.101188
1.107230
1.059754
