1.107308
1.101215
1.074071
1.092289
1.101490
1.098259
1.110886
1.104618
1.107766
1.088911
1.095217
1.098338
1.088845
1.088833
1.095142
1.088780
1.088898
1.120955
1.069359
1.085387
1.114680
1.085138
1.095091
1.091601
1.098278
1.097767
1.112028
1.109058
1.094203
1.099218
1.071059
1.091004
1.090917
1.102428
1.098031
1.102547
1.109960
1.115557
1.105366
1.122829
1.080626
1.095223
1.108053
1.092470
1.089695
1.102407
1.093782
1.080969
1.080947
1.085164
1.112457
1.093762
1.095177
1.076244
1.100872
1.087781
1.097960
1.115778
1.092594
1.105547
1.090062
1.115895
1.084937
1.126241
1.092622
1.084943
1.113175
1.113116
1.095208
1.095196
1.093392
1.092350
1.115660
1.098041
1.102485
1.098065
1.095160
1.090872
1.080747
1.085014
1.108254
1.105335
1.082067
1.130096
1.093815
1.087921
1.115487
1.090867
1.108197
1.102421
1.110949
1.080791
1.088009
1.097970
1.092632
1.122541
1.119873
1.102594
1.107765
1.095335
1.119316
1.117282
1.114510
1.114330
1.086053
1.086152
1.104651
1.091429
1.107123
1.088964
1.096563
1.084096
1.089023
1.099654
1.097950
1.111000
1.095540
1.089051
1.104446
1.086630
1.086609
1.106936
1.115909
1.101964
1.099455
1.091633
1.098030
1.091679
1.098028
1.098018
1.106884
1.097988
1.086715
1.102003
1.076222
1.091446
1.084351
1.078112
1.126931
1.102433
1.100138
1.095434
1.088756
1.086610
1.083738
1.130017
1.101570
1.099481
1.092092
1.113806
1.106376
1.087027
1.088471
1.087157
1.080812
1.096034
1.079432
1.097149
1.085007
1.106133
1.097102
1.072888
1.089890
1.086887
1.105348
1.096950
1.106255
1.106241
1.106207
1.096191
1.088023
1.078600
1.105610
1.096289
1.086605
1.077525
1.096635
1.095614
1.114668
1.105861
1.096216
1.086496
1.105907
1.134653
1.115670
1.096796
1.087797
1.085711
1.106529
1.097585
1.106505
1.105034
1.115330
1.096131
1.078496
1.096146
1.096149
1.078557
1.096825
1.087988
1.097448
1.096780
1.104589
1.105171
1.114692
1.087246
1.087817
1.077172
1.086638
1.105166
1.106420
1.114151
1.096809
1.105070
1.078226
1.096857
1.114723
1.076599
1.089715
1.106671
1.104988
1.104158
1.087102
1.107586
1.095153
1.097790
1.088860
1.068362
1.096050
1.077164
1.095279
1.085315
1.125265
1.085944
1.106091
1.125482
1.104185
1.105071
1.106062
1.080072
1.085697
1.098206
1.104853
1.125227
1.122697
1.089463
1.098359
1.079490
1.097074
1.117064
1.087082
1.093732
1.142176
1.089351
1.123191
1.123009
1.095966
1.097049
1.122314
1.087663
1.106454
1.105278
1.096006
1.112070
1.098300
1.090442
1.088206
1.103868
1.104934
1.112636
1.088402
1.111372
1.087408
1.119786
1.086277
1.120621
1.094735
1.088832
1.080354
1.118603
1.085830
1.119902
1.099327
1.097629
1.106158
1.124168
1.079009
1.106134
1.106128
1.101776
1.089543
1.085665
1.089598
1.100070
1.106186
1.087573
1.110076
1.091928
1.109937
1.095690
1.076820
1.101463
1.099962
1.100701
1.120565
1.095600
1.089201
1.114620
1.087446
1.106255
1.095695
1.095714
1.092188
1.077309
1.111986
1.089851
1.103884
1.091311
1.115749
1.101607
1.122513
1.098043
1.089979
1.085325
1.086729
1.103762
1.109442
1.114195
1.090941
1.092522
1.077325
1.090124
1.090101
1.092583
1.106851
1.103297
1.109430
1.099194
