1.098680
1.092590
1.079227
1.101185
1.092904
1.101118
1.092727
1.092672
1.089922
1.117887
1.101764
1.106466
1.075524
1.109396
1.100854
1.109313
1.102961
1.103822
1.090093
1.103760
1.125752
1.095255
1.116899
1.120180
1.091720
1.086130
1.096150
1.102553
1.111274
1.098373
1.083711
1.098962
1.103124
1.103098
1.103069
1.091611
1.099012
1.091582
1.095471
1.079873
1.091422
1.099034
1.083671
1.099242
1.102986
1.099309
1.110926
1.090776
1.091442
1.091441
1.107428
1.086125
1.103026
1.095950
1.090390
1.091398
1.099539
1.103092
1.103104
1.083096
1.090136
1.103152
1.107959
1.104428
1.086449
1.110340
1.082867
1.103192
1.106743
1.074440
1.092636
1.091193
1.096072
1.108237
1.111953
1.104489
1.090973
1.121571
1.068197
1.103405
1.082249
1.103447
1.086134
1.112801
1.086623
1.086510
1.099033
1.103630
1.112894
1.116982
1.099176
1.086107
1.103711
1.107856
1.082186
1.094282
1.099802
1.098951
1.103788
1.107639
1.080335
1.100069
1.103826
1.112544
1.100976
1.086526
1.098693
1.115900
1.101984
1.098570
1.101717
1.084675
1.081568
1.098360
1.101047
1.092633
1.123519
1.086664
1.123994
1.083907
1.095665
1.115859
1.100228
1.094158
1.115939
1.089813
1.097842
1.107709
1.091709
1.107351
1.099333
1.079076
1.094634
1.103823
1.083558
1.091168
1.080785
1.088444
1.102704
1.092117
1.082890
1.097379
1.096173
1.089301
1.089224
1.082113
1.089042
1.104459
1.096161
1.109872
1.098263
1.096133
1.098262
1.103644
1.112258
1.095056
1.120866
1.087497
1.097228
1.103516
1.120687
1.089935
1.103366
1.096044
1.105860
1.090161
1.096038
1.096039
1.096036
1.127173
1.104447
1.077895
1.097436
1.105836
1.079267
1.104349
1.099070
1.101202
1.102722
1.112692
1.087548
1.097618
1.094540
1.104239
1.104228
1.091041
1.105901
1.094327
1.104190
1.101132
1.099007
1.097491
1.094683
1.097453
1.088076
1.096110
1.089391
1.121566
1.105424
1.090631
1.096179
1.088271
1.087171
1.089372
1.089336
1.099565
1.082299
1.102160
1.087018
1.112542
1.103287
1.089031
1.098422
1.091258
1.119992
1.109504
1.078452
1.105600
1.088950
1.084173
1.120043
1.088931
1.084629
1.104497
1.090313
1.104528
1.111671
1.111654
1.097422
1.084747
1.098835
1.103122
1.105841
1.105789
1.096073
1.090177
1.088960
1.079505
1.112815
1.093984
1.096145
1.086657
1.101061
1.096074
1.082940
1.068968
1.094522
1.103142
1.104710
1.086875
1.115596
1.093857
1.084628
1.104829
1.106967
1.116317
1.107059
1.100026
1.086304
1.104520
1.084138
1.104807
1.093392
1.107006
1.093380
1.095567
1.107028
1.104788
1.098052
1.086332
1.086408
1.093311
1.109370
1.107113
1.125598
1.109352
1.100114
1.115986
1.077612
1.106755
1.095299
1.099816
1.106492
1.095773
1.100840
1.119897
1.106136
1.112815
1.114299
1.097544
1.087866
1.102663
1.102646
1.078786
1.109049
1.081756
1.083295
1.086574
1.097613
1.094348
1.113744
1.104001
1.092426
1.089646
1.092160
1.124572
1.089680
1.103962
1.102209
1.124094
1.112005
1.109676
1.105990
1.100252
1.105853
1.111319
1.101347
1.098025
1.105496
1.093852
1.101188
1.095967
1.100147
1.083798
1.095097
1.093005
1.101103
1.098015
1.090965
1.101186
1.090949
1.089040
1.097965
1.083790
1.096501
1.097920
1.096074
1.123148
