1.101570
1.088937
1.094441
1.090613
1.092280
1.108922
1.105046
1.088279
1.103384
1.103393
1.087423
1.107973
1.107672
1.107683
1.103372
1.097672
1.089157
1.086424
1.107532
1.094902
1.090609
1.097635
1.096287
1.116125
1.091847
1.094297
1.096359
1.085810
1.111360
1.083565
1.103399
1.110323
1.091936
1.103424
1.096015
1.103428
1.128972
1.083759
1.096695
1.078135
1.091360
1.104147
1.090451
1.123268
1.109959
1.109861
1.097018
1.090717
1.103400
1.109630
1.097062
1.078559
1.103177
1.091011
1.090309
1.109770
1.103672
1.091213
1.091107
1.090852
1.090731
1.078219
1.084125
1.090701
1.097248
1.083407
1.089946
1.097032
1.089648
1.116769
1.097068
1.096009
1.103878
1.103236
1.089680
1.097998
1.090446
1.104007
1.104900
1.089516
1.082635
1.101496
1.111042
1.095351
1.083474
1.104174
1.091403
1.088235
1.090281
1.088130
1.105387
1.112541
1.111531
1.111529
1.101262
1.096185
1.090250
1.086856
1.104319
1.119486
1.097376
1.087913
1.120622
1.087918
1.082566
1.107042
1.087911
1.104200
1.096048
1.094607
1.089329
1.099728
1.095984
1.105831
1.094272
1.095907
1.094100
1.112578
1.097731
1.097758
1.097778
1.093422
1.104178
1.087396
1.091395
1.097781
1.102223
1.087344
1.112698
1.093762
1.121191
1.097798
1.112623
1.104160
1.083156
1.081444
1.118716
1.089536
1.097873
1.087431
1.085225
1.107978
1.078881
1.099319
1.087079
1.086961
1.112787
1.100992
1.109818
1.095404
1.095391
1.109990
1.107067
1.109980
1.109909
1.095356
1.095266
1.089649
1.109920
1.092258
1.090493
1.075267
1.095588
1.098062
1.091984
1.100438
1.093253
1.110422
1.104204
1.100254
1.104209
1.097910
1.097891
1.108530
1.085132
1.106225
1.103577
1.104201
1.119045
1.081180
1.096007
1.093119
1.089389
1.090782
1.096079
1.104191
1.120401
1.093557
1.094839
1.117646
1.102793
1.088096
1.098923
1.105498
1.098983
1.081671
1.083114
1.096082
1.094655
1.090963
1.097505
1.086579
1.110779
1.102673
1.089381
1.101078
1.100777
1.087725
1.104207
1.099269
1.076050
1.087594
1.127783
1.112686
1.107575
1.112594
1.127469
1.097527
1.089431
1.084327
1.104067
1.086896
1.080355
1.089531
1.094837
1.090796
1.074771
1.114871
1.112270
1.104201
1.093678
1.113517
1.117864
1.101727
1.113348
1.073642
1.098675
1.081641
1.107816
1.111919
1.082889
1.105160
1.117435
1.089584
1.096292
1.119302
1.083959
1.095459
1.095500
1.080447
1.117239
1.118091
1.086849
1.111394
1.094078
1.089896
1.110063
1.091305
1.100943
1.099065
1.096116
1.090081
1.090088
1.084104
1.091718
1.106393
1.119232
1.103736
1.099531
1.084735
1.099594
1.105528
1.090068
1.093712
1.111439
1.097759
1.117351
1.101122
1.106920
1.073575
1.085656
1.099036
1.090081
1.088749
1.093704
1.104918
1.095241
1.083346
1.102925
1.096362
1.096371
1.098059
1.103984
1.119198
1.119845
1.091569
1.094875
1.089159
1.081344
1.125153
1.081792
1.090197
1.096522
1.104520
1.082176
1.096496
1.102801
1.090832
1.096452
1.095773
1.089466
1.089427
1.082380
1.110459
1.086837
1.102487
1.106222
1.125448
1.099474
1.095052
1.090400
1.126185
1.089279
1.089307
1.119070
1.125716
1.082781
1.092184
1.111974
1.094824
1.119664
1.098774
1.098739
1.101385
1.103809
1.112489
1.107641
1.082406
