1.094103
1.111925
1.125097
1.097398
1.109472
1.110230
1.096532
1.121595
1.100823
1.097399
1.096630
1.108370
1.092110
1.089731
1.101887
1.094879
1.118824
1.108575
1.091771
1.096604
1.094268
1.100021
1.101133
1.090816
1.095212
1.092168
1.090711
1.098003
1.106537
1.091302
1.098073
1.102291
1.106507
1.088779
1.092196
1.096348
1.089831
1.095789
1.100543
1.106640
1.100568
1.092623
1.087799
1.098168
1.089671
1.096220
1.115077
1.100551
1.102505
1.104467
1.094249
1.100149
1.098174
1.113024
1.085742
1.089613
1.098649
1.098147
1.094345
1.100557
1.096222
1.087610
1.098182
1.092183
1.091822
1.089702
1.100354
1.107033
1.093834
1.109351
1.120340
1.096040
1.098301
1.107163
1.102568
1.096057
1.100254
1.104754
1.079225
1.091534
1.080967
1.101777
1.095981
1.094522
1.098535
1.089245
1.089156
1.109322
1.095779
1.120196
1.091860
1.095724
1.108634
1.088094
1.099522
1.095700
1.091151
1.085724
1.094133
1.096510
1.094788
1.105809
1.102753
1.105823
1.092630
1.097574
1.114114
1.117055
1.115682
1.081763
1.093086
1.116546
1.084791
1.095871
1.098429
1.089148
1.111911
1.084873
1.091586
1.095984
1.111702
1.098267
1.087028
1.100535
1.100553
1.107313
1.102814
1.100464
1.089009
1.107521
1.086725
1.094232
1.100056
1.098509
1.102639
1.118998
1.097318
1.095834
1.093112
1.083656
1.098611
1.105371
1.097593
1.098637
1.095807
1.101432
1.091866
1.101344
1.093127
1.093152
1.103931
1.099729
1.089101
1.102682
1.116294
1.089165
1.102703
1.102702
1.098324
1.102691
1.116020
1.113629
1.098195
1.096203
1.085475
1.087661
1.108854
1.091902
1.095978
1.087915
1.089470
1.100054
1.087272
1.089871
1.093365
1.097975
1.106107
1.088175
1.097853
1.093277
1.109577
1.111117
1.109617
1.096330
1.084542
1.101568
1.112353
1.093660
1.091149
1.104301
1.114731
1.084662
1.089872
1.096385
1.101569
1.080831
1.109532
1.099126
1.096358
1.102968
1.089759
1.095153
1.103000
1.086989
1.101800
1.090972
1.098772
1.093157
1.107686
1.103150
1.103156
1.085113
1.103173
1.090769
1.103199
1.087367
1.089935
1.098004
1.096625
1.090545
1.115697
1.089968
1.096673
1.091394
1.102524
1.116097
1.097138
1.116975
1.102957
1.089540
1.096681
1.096668
1.089968
1.108839
1.083170
1.084523
1.104147
1.103364
1.083615
1.094643
1.088467
1.090388
1.097482
1.096298
1.082953
1.091512
1.100326
1.090033
1.083754
1.096145
1.091169
1.106712
1.105343
1.093467
1.110756
1.105258
1.103026
1.105155
1.073730
1.096293
1.082372
1.097178
1.096322
1.089175
1.089116
1.096333
1.105154
1.111130
1.095627
1.095601
1.097066
1.097076
1.079809
1.120300
1.128623
1.088836
1.097133
1.103592
1.106333
1.105374
1.098050
1.099718
1.094759
1.089061
1.104356
1.105687
1.126839
1.105421
1.082010
1.104638
1.089696
1.088774
1.103650
1.103896
1.096874
1.097326
1.097045
1.082087
1.096900
1.104022
1.089438
1.104159
1.104210
1.118794
1.089409
1.089754
1.118643
1.089513
1.082233
1.111338
1.089932
1.118491
1.096624
1.111261
1.103941
1.103905
1.096820
1.089808
1.110822
1.096722
1.082825
1.096745
1.096715
1.090870
1.104392
1.097312
1.096407
1.096416
1.096983
1.083755
1.089888
1.103060
1.090081
1.103849
1.090019
1.104404
1.118349
1.122547
