1.089906
1.110810
1.097076
1.089880
1.089909
1.089812
1.096896
1.096738
1.103770
1.111164
1.103417
1.103732
1.102883
1.103207
1.089541
1.103017
1.111358
1.089463
1.103541
1.098164
1.090311
1.096456
1.089417
1.108594
1.104478
1.117550
1.102333
1.089410
1.095235
1.089394
1.090606
1.103302
1.092195
1.117408
1.078076
1.087513
1.085175
1.094378
1.103342
1.103362
1.096355
1.110802
1.103393
1.094007
1.088542
1.120316
1.112839
1.095961
1.088621
1.095971
1.101272
1.112655
1.092781
1.087568
1.100001
1.092696
1.097561
1.105146
1.106743
1.090734
1.096063
1.099774
1.097909
1.096081
1.094342
1.094339
1.099600
1.081816
1.094038
1.090582
1.105006
1.099318
1.090426
1.097657
1.110804
1.110811
1.094951
1.109496
1.102257
1.106962
1.111883
1.097562
1.089241
1.095038
1.091866
1.093678
1.097629
1.110365
1.107526
1.093556
1.094796
1.105798
1.114121
1.094602
1.106471
1.099650
1.111709
1.089302
1.111621
1.107772
1.085620
1.089447
1.106846
1.105232
1.102452
1.093783
1.093956
1.102541
1.108994
1.098210
1.100530
1.085489
1.093785
1.100618
1.108204
1.091050
1.117760
1.091828
1.102504
1.099393
1.091882
1.091891
1.097775
1.108487
1.105789
1.107102
1.099936
1.103637
1.106914
1.095394
1.089725
1.103508
1.086630
1.087939
1.104842
1.104816
1.100970
1.095393
1.086697
1.095385
1.094761
1.094092
1.100433
1.087712
1.110601
1.097812
1.090863
1.090852
1.090815
1.124735
1.096613
1.091886
1.090769
1.107242
1.094091
1.090714
1.098819
1.103623
1.092805
1.117306
1.095639
1.095636
1.097659
1.102531
1.092831
1.102521
1.080012
1.102536
1.090671
1.081930
1.103706
1.085516
1.103777
1.108900
1.103798
1.114103
1.108897
1.096615
1.097569
1.103589
1.103529
1.102629
1.092431
1.093137
1.096798
1.107712
1.109358
1.102522
1.096530
1.118188
1.101724
1.082035
1.092386
1.102611
1.097594
1.081558
1.102482
1.097122
1.102573
1.102393
1.107414
1.102280
1.087088
1.092300
1.102258
1.102257
1.092393
1.112337
1.086591
1.087321
1.102564
1.091832
1.097030
1.091338
1.092058
1.088030
1.095945
1.091332
1.097437
1.103793
1.103846
1.098034
1.096248
1.085706
1.102701
1.086621
1.097336
1.091310
1.091239
1.102913
1.091526
1.085243
1.091300
1.103750
1.121647
1.109501
1.097036
1.084323
1.103202
1.115716
1.084547
1.090723
1.096938
1.090761
1.090644
1.084053
1.103153
1.109919
1.109974
1.096479
1.077196
1.109315
1.110156
1.097171
1.102297
1.091677
1.102750
1.090445
1.098014
1.077456
1.098044
1.110401
1.104209
1.081978
1.103503
1.089550
1.116832
1.098026
1.083232
1.103546
1.097264
1.118431
1.083201
1.104957
1.109881
1.123141
1.089117
1.084723
1.096615
1.116469
1.097775
1.097196
1.091020
1.109042
1.076419
1.090067
1.083865
1.097754
1.102830
1.091596
1.096026
1.075996
1.088975
1.109911
1.091679
1.088481
1.085309
1.097275
1.097267
1.098129
1.088005
1.104818
1.088724
1.095487
1.104974
1.103223
1.088459
1.119957
1.105141
1.097238
1.104168
1.103203
1.117949
1.112925
1.088512
1.103032
1.105007
1.097314
1.104940
1.097323
1.076756
1.081347
1.083229
1.096343
1.104851
1.110611
1.111528
1.103037
1.090595
1.090589
1.097231
1.089702
1.104711
1.091170
1.097829
1.095260
1.104552
1.124048
