1.096082
1.097014
1.089278
1.088931
1.097371
1.097348
1.110575
1.111547
1.104202
1.104137
1.103847
1.131779
1.096901
1.103943
1.110367
1.116883
1.103355
1.109582
1.115738
1.084363
1.084936
1.084631
1.103576
1.085320
1.092275
1.089162
1.083357
1.103036
1.083701
1.103089
1.090873
1.097493
1.103176
1.114532
1.103194
1.116796
1.100683
1.109883
1.117853
1.097696
1.095036
1.101551
1.084790
1.109304
1.102796
1.089970
1.095987
1.092996
1.092978
1.096391
1.107633
1.093623
1.090097
1.101273
1.106097
1.093066
1.083524
1.097900
1.091477
1.084983
1.091369
1.111005
1.109482
1.102895
1.104420
1.101407
1.088294
1.092723
1.101419
1.082509
1.088977
1.104403
1.096345
1.107065
1.104355
1.093517
1.090951
1.089750
1.104254
1.097534
1.115515
1.095478
1.103154
1.110760
1.102186
1.083421
1.098381
1.090912
1.090013
1.095660
1.098351
1.077624
1.102264
1.101334
1.116737
1.082937
1.108984
1.104339
1.110054
1.086232
1.091891
1.089604
1.090710
1.081568
1.099849
1.083601
1.095201
1.109346
1.096316
1.111903
1.104730
1.096294
1.087860
1.102261
1.097548
1.103525
1.109478
1.116712
1.085883
1.104844
1.098986
1.091780
1.096279
1.095025
1.090453
1.091693
1.116447
1.091639
1.096331
1.104591
1.101166
1.102290
1.095223
1.097513
1.091668
1.102197
1.080007
1.103400
1.109308
1.097515
1.102241
1.109285
1.095164
1.098751
1.104560
1.105736
1.092943
1.110178
1.097486
1.114796
1.085003
1.096522
1.089926
1.090810
1.104003
1.084220
1.102371
1.084962
1.089944
1.092270
1.115921
1.076433
1.083793
1.092025
1.089642
1.083346
1.102028
1.102022
1.095582
1.111022
1.099292
1.101765
1.097359
1.103783
1.102697
1.084635
1.110203
1.091028
1.102650
1.111391
1.106180
1.118843
1.092225
1.085828
1.109069
1.110049
1.084630
1.124395
1.089366
1.090929
1.097919
1.104169
1.089698
1.090262
1.097573
1.090248
1.089888
1.089892
1.097295
1.096252
1.090070
1.090020
1.090447
1.103767
1.096919
1.103834
1.111107
1.082752
1.110941
1.082637
1.103938
1.096773
1.096758
1.096740
1.118334
1.082531
1.082156
1.089133
1.096356
1.126093
1.096151
1.104051
1.103489
1.102775
1.111594
1.097189
1.102237
1.102980
1.103883
1.103846
1.091041
1.089909
1.096215
1.094883
1.097542
1.116075
1.114248
1.099119
1.093116
1.094699
1.105042
1.097612
1.087119
1.108172
1.090273
1.108222
1.089022
1.082273
1.115522
1.091500
1.095141
1.083062
1.104700
1.116918
1.097445
1.096350
1.101403
1.083083
1.103540
1.096337
1.104678
1.103538
1.083069
1.091414
1.110785
1.090234
1.097455
1.099672
1.107615
1.124180
1.089204
1.109620
1.109541
1.103439
1.130309
1.099601
1.093762
1.108913
1.108800
1.085353
1.091833
1.090350
1.095984
1.102248
1.091171
1.093226
1.103541
1.097337
1.109012
1.092188
1.096842
1.108508
1.096901
1.091542
1.097385
1.097135
1.091089
1.091265
1.102819
1.091251
1.091192
1.097040
1.091164
1.085132
1.096951
1.096846
1.090865
1.109454
1.096521
1.102473
1.103682
1.097740
1.108694
1.089437
1.089973
1.090647
1.103284
1.103298
1.102331
1.097469
1.089502
1.091735
1.089361
1.091761
1.111771
1.100845
1.097586
1.091765
1.089054
1.091731
1.094428
1.104874
1.084187
1.098739
1.096284
1.102563
1.103713
1.074442
