1.102719
1.111307
1.100553
1.082311
1.098294
1.102027
1.111461
1.096365
1.077229
1.106426
1.082841
1.094421
1.102720
1.104051
1.097769
1.104079
1.104085
1.075442
1.111154
1.083510
1.104676
1.104635
1.088501
1.089701
1.081301
1.081881
1.081730
1.104079
1.104412
1.119723
1.073083
1.104224
1.081730
1.096816
1.112715
1.112751
1.112499
1.088455
1.104391
1.104614
1.104343
1.105420
1.096800
1.096315
1.112232
1.096804
1.104213
1.081109
1.104684
1.089274
1.096831
1.081201
1.112231
1.081397
1.096594
1.112278
1.088599
1.097152
1.127841
1.088952
1.112093
1.089003
1.096742
1.081399
1.088948
1.096763
1.112176
1.096699
1.081237
1.096604
1.104352
1.088907
1.104484
1.127811
1.103882
1.073434
1.105291
1.097820
1.096472
1.103992
1.096468
1.095988
1.096952
1.120371
1.095889
1.087911
1.096400
1.087727
1.105852
1.120400
1.103505
1.095457
1.096286
1.096266
1.112196
1.096231
1.097300
1.110954
1.099648
1.088338
1.083983
1.089511
1.096210
1.083889
1.098446
1.105206
1.105173
1.091300
1.110251
1.091012
1.098663
1.111964
1.088739
1.082609
1.096120
1.095847
1.081525
1.104285
1.097193
1.095700
1.080938
1.111925
1.097280
1.104847
1.120381
1.089744
1.128194
1.104398
1.096577
1.119776
1.104628
1.096570
1.089387
1.118926
1.096661
1.082179
1.082200
1.090421
1.125901
1.096958
1.103606
1.090033
1.104332
1.111221
1.096227
1.111486
1.097016
1.096644
1.089197
1.104115
1.104484
1.097033
1.124248
1.089206
1.096716
1.103878
1.090271
1.090302
1.097406
1.097059
1.090333
1.097036
1.096522
1.103731
1.084061
1.090084
1.116636
1.090242
1.090572
1.096950
1.096819
1.096826
1.103536
1.090183
1.090144
1.103663
1.090035
1.103667
1.076355
1.110737
1.110677
1.110676
1.103933
1.110934
1.090109
1.103444
1.096642
1.090036
1.083515
1.097127
1.103849
1.097046
1.090083
1.089978
1.096850
1.103690
1.110757
1.082895
1.090256
1.089846
1.090008
1.103469
1.083392
1.111179
1.118304
1.118160
1.089535
1.096860
1.096860
1.082770
1.103991
1.103913
1.089695
1.096901
1.089624
1.111046
1.082274
1.082538
1.089579
1.096428
1.103779
1.118403
1.081892
1.090380
1.089369
1.075580
1.082027
1.104298
1.096984
1.096969
1.111434
1.088367
1.096408
1.104547
1.096377
1.105809
1.094547
1.081074
1.104646
1.111620
1.096278
1.119911
1.097084
1.091374
1.104627
1.105506
1.080375
1.096233
1.106341
1.112943
1.104574
1.119511
1.111935
1.081578
1.072051
1.097865
1.096318
1.095545
1.089789
1.089779
1.087370
1.097907
1.089686
1.088832
1.105344
1.104596
1.090162
1.112963
1.088661
1.112970
1.073141
1.080791
1.088960
1.097160
1.095927
1.104866
1.080539
1.113213
1.105057
1.121731
1.104949
1.096719
1.087992
1.088459
1.088248
1.138730
1.096117
1.130029
1.105260
1.096830
1.112255
1.096418
1.104651
1.113295
1.097444
1.113518
1.088980
1.082001
1.080581
1.112452
1.112060
1.096091
1.095855
1.111579
1.096910
1.104906
1.089008
1.104104
1.103258
1.104496
1.111008
1.095542
1.088002
1.089064
1.103887
1.111336
1.098169
1.087970
1.096332
1.103785
1.088792
1.104955
1.104989
1.087445
1.096199
1.103725
1.116008
1.087121
1.088545
1.086855
1.103666
1.105474
1.095954
1.107533
1.092140
1.107612
1.084451
1.079967
