0.831177
1.614181
1.345266
1.879877
1.416349
1.170932
1.046000
1.089938
1.118645
1.158521
1.060920
1.279910
1.111373
1.190062
1.073487
1.057831
1.054147
1.159296
1.069003
1.073571
1.217111
1.188971
1.082898
1.091543
1.107560
1.117961
1.038854
0.952630
1.252875
1.156461
1.134873
1.073865
1.218503
1.046079
1.236040
1.181838
0.918288
1.233439
1.108259
1.093426
1.148356
1.141993
1.134746
1.051628
1.090674
0.954171
1.125362
1.207302
1.208611
1.245020
1.135108
1.168522
1.100260
1.118528
1.255565
1.053383
1.065173
0.972912
1.439163
1.218639
1.083395
1.061899
1.128807
1.103579
1.107088
1.129106
1.189267
1.175735
1.162547
1.065127
1.104018
1.080725
1.074501
1.198581
1.113730
0.982594
1.132503
1.250583
1.458213
1.415436
1.101017
1.037916
1.163648
1.193436
1.224919
1.171505
1.203061
1.363709
1.266129
1.034382
1.177349
1.094715
1.206527
1.132726
1.100786
1.166715
1.098220
1.084671
1.167711
1.303469
1.243971
1.101359
1.037019
1.191566
1.106269
1.103928
1.126976
1.092572
1.157446
1.034827
1.014288
1.107259
1.038274
1.444519
1.052865
1.213628
1.072357
1.062019
1.066730
1.173415
1.185130
1.032731
1.167337
1.128670
1.211094
1.127149
1.123050
1.144376
1.080469
0.963585
1.124580
1.292262
1.232703
0.971938
1.175813
1.082492
1.215089
1.333730
1.102726
1.117753
1.064357
1.095856
1.292878
1.285829
1.135980
1.065414
1.172900
1.116454
1.011484
1.130062
1.111234
1.128897
1.058814
1.111059
1.123546
1.211303
1.096519
1.038409
1.047964
1.445792
1.088395
1.093416
1.189906
1.047057
1.200033
1.223926
1.228892
1.138124
1.361415
1.310130
1.099536
1.145738
1.114684
1.180644
0.973272
0.841729
1.282424
1.653936
1.461841
1.347734
1.109367
1.076391
2.872819
0.993156
1.165094
0.992911
1.316850
1.329274
1.190389
1.134715
1.184738
1.270723
1.182542
1.158998
1.146244
1.153447
1.318194
1.319991
1.295124
1.358974
1.360153
1.178177
1.053794
1.213026
1.181740
1.214005
1.240865
1.097799
1.047961
1.182132
1.094307
1.108204
1.156771
1.096932
1.186533
1.082741
1.078685
1.193256
1.124557
1.101804
0.857340
0.976043
1.320267
1.144232
1.331521
1.365979
1.116169
1.088932
1.041234
1.231077
1.282694
1.415132
1.359913
1.401932
1.408392
1.213687
1.174566
1.121961
1.094358
1.267794
1.214259
1.079337
1.782374
1.298307
1.138722
1.184542
1.089047
1.250039
1.012165
1.333246
1.052432
1.420850
1.464568
1.748819
1.138282
1.187459
1.084592
1.070414
1.053920
1.162530
1.301357
1.071582
1.220629
1.476613
1.145127
1.304443
1.155445
1.157337
1.161993
1.138641
1.184448
1.042792
1.513096
1.196976
0.931973
1.150913
1.088972
1.112333
1.098076
1.123216
1.242168
1.060880
1.109203
1.277190
1.200713
1.113487
1.115795
1.061723
1.039672
1.202908
1.030274
1.247636
1.168051
2.768818
1.752371
1.215669
1.291385
1.072459
1.104125
1.153362
1.086814
1.206940
1.161154
1.200449
1.137964
1.119459
1.117662
1.072892
1.206465
1.172058
1.119958
1.284195
1.238867
1.094136
1.149358
1.098713
1.103272
1.108237
1.108144
1.103532
1.093807
1.083612
1.069870
1.048129
1.246937
1.266862
1.173768
1.094767
1.090452
1.091089
1.044481
1.138050
1.168336
1.064821
1.045136
1.046546
1.052830
1.153082
