1.117216
1.090592
1.113818
1.091029
1.084280
1.114765
1.102892
1.102805
1.096014
1.087058
1.111729
1.102525
1.080301
1.082788
1.083318
1.092532
1.081711
1.099107
1.110390
1.113447
1.091911
1.105943
1.103810
1.108943
1.092062
1.099605
1.096715
1.099634
1.088930
1.117545
1.096896
1.110786
1.094451
1.090405
1.099783
1.092242
1.102334
1.112183
1.104899
1.083495
1.083488
1.097565
1.090339
1.109376
1.104952
1.107163
1.092082
1.091024
1.085959
1.096941
1.109285
1.077230
1.105823
1.105843
1.094823
1.098008
1.100521
1.103389
1.093451
1.100700
1.103024
1.088624
1.101803
1.095518
1.094653
1.121589
1.094123
1.101111
1.102382
1.088224
1.114239
1.108019
1.094918
1.094816
1.094802
1.119947
1.114193
1.095671
1.100854
1.083537
1.118298
1.112319
1.111961
1.111066
1.100950
1.096636
1.096149
1.095671
1.100665
1.101039
1.095858
1.100435
1.104539
1.091910
1.091978
1.104217
1.084102
1.095819
1.104232
1.096085
1.109285
1.105592
1.094729
1.098965
1.104817
1.106338
1.107914
1.095333
1.081562
1.088399
1.106064
1.101949
1.096206
1.101669
1.102491
1.090041
1.098893
1.096594
1.105019
1.096449
1.096342
1.103212
1.102704
1.105743
1.099024
1.094914
1.096568
1.103997
1.094196
1.096618
1.094236
1.091011
1.098188
1.100667
1.100676
1.102229
1.103331
1.095052
1.097871
1.093690
1.102138
1.095177
1.095165
1.092198
1.084847
1.084390
1.086957
1.087817
1.085701
1.095792
1.098037
1.109885
1.099753
1.097373
1.092943
1.113071
1.099866
1.105111
1.088368
1.102125
1.078746
1.109443
1.108508
1.114074
1.113965
1.092114
1.106408
1.106253
1.102551
1.102538
1.102076
1.103180
1.098714
1.106179
1.091143
1.093376
1.082061
1.100910
1.110398
1.089800
1.094285
1.102427
1.100385
1.102270
1.094370
1.096288
1.104221
1.095066
1.090294
1.097837
1.096488
1.097719
1.091514
1.107890
1.085215
1.102823
1.095699
1.098417
1.107502
1.097481
1.095711
1.090203
1.101999
1.101933
1.114892
1.096425
1.102900
1.107929
1.097844
1.104293
1.104259
1.090109
1.104169
1.091868
1.100833
1.093621
1.085977
1.110116
1.090371
1.097993
1.087479
1.107021
1.096406
1.105563
1.091810
1.099277
1.089635
1.091643
1.091531
1.100935
1.091305
1.084931
1.097403
1.103099
1.103174
1.097931
1.089467
1.103906
1.096659
1.097157
1.102556
1.103510
1.103520
1.090798
1.103531
1.109920
1.116719
1.084138
1.103399
1.109536
1.097717
1.090675
1.098083
1.078673
1.109122
1.103212
1.078042
1.090671
1.115993
1.109707
1.103476
1.090678
1.090738
1.090742
1.109582
1.109725
1.090714
1.097042
1.102723
1.115323
1.103776
1.115834
1.102925
1.102145
1.079867
1.097320
1.101668
1.092819
1.090544
1.091733
1.104031
1.102561
1.102551
1.101773
1.091015
1.113156
1.097618
1.108066
1.098618
1.096759
1.102220
1.105741
1.096807
1.107238
1.093693
1.087758
1.091829
1.088812
1.100858
1.092727
1.100845
1.099066
1.106122
1.099113
1.103186
1.088516
1.110346
1.091562
1.092625
1.091526
1.095843
1.093502
1.086001
1.086711
1.098567
1.118012
1.090946
1.104217
1.098261
1.085688
1.097384
1.080433
1.090772
1.084822
1.096823
1.110329
1.083898
1.083836
1.103634
1.103794
1.082847
1.096813
1.104103
1.096711
1.089158
1.089532
1.104428
1.073001
