1.096729
1.088855
1.113302
1.121638
1.096562
1.088063
1.096220
1.079766
1.087976
1.097475
1.098221
1.095540
1.096856
1.095468
1.106325
1.116649
1.115117
1.107506
1.141766
1.078877
1.087452
1.105309
1.087752
1.096529
1.105172
1.105119
1.088214
1.105185
1.105056
1.113450
1.088268
1.088307
1.113048
1.129218
1.104705
1.104592
1.103658
1.096979
1.104257
1.104889
1.081850
1.106561
1.095551
1.088073
1.082381
1.105829
1.109279
1.082426
1.103782
1.083582
1.105012
1.084731
1.103849
1.095102
1.083221
1.080766
1.106408
1.088268
1.111061
1.081170
1.103110
1.091584
1.104432
1.103241
1.104506
1.112978
1.104496
1.088942
1.103176
1.088989
1.103102
1.103040
1.097445
1.090581
1.095974
1.080677
1.095936
1.082060
1.078605
1.076549
1.104748
1.114021
1.125498
1.095620
1.093524
1.086207
1.128806
1.088384
1.107323
1.107341
1.095441
1.107304
1.107253
1.102249
1.091237
1.109447
1.124537
1.102143
1.095617
1.093327
1.089451
1.098014
1.078749
1.082598
1.101654
1.104126
1.101698
1.091957
1.099237
1.098065
1.094531
1.118934
1.091940
1.106569
1.104129
1.106370
1.124675
1.093667
1.095809
1.092400
1.089987
1.109704
1.084813
1.088325
1.094234
1.099612
1.086360
1.080262
1.103816
1.099979
1.115896
1.095762
1.106137
1.102549
1.101625
1.081820
1.097979
1.107537
1.097988
1.120020
1.098001
1.092264
1.103701
1.088633
1.095899
1.097841
1.088290
1.092514
1.090014
1.117596
1.088182
1.105593
1.089943
1.088100
1.083801
1.107611
1.075442
1.122063
1.110539
1.091181
1.104096
1.095960
1.087800
1.126928
1.076009
1.095846
1.095788
1.099704
1.100341
1.089627
1.095561
1.081049
1.121445
1.098493
1.098307
1.095077
1.098447
1.090718
1.088557
1.124082
1.107605
1.095109
1.095087
1.106318
1.098821
1.095081
1.087615
1.091263
1.092952
1.099964
1.098942
1.116794
1.095980
1.095889
1.094227
1.090843
1.113191
1.108325
1.103606
1.099366
1.112122
1.095134
1.094917
1.098986
1.086553
1.086560
1.099412
1.111687
1.082715
1.082688
1.090201
1.102468
1.099576
1.100753
1.090924
1.099616
1.098582
1.107438
1.098558
1.080783
1.113728
1.081918
1.092184
1.089398
1.081515
1.094504
1.081033
1.102787
1.122102
1.104021
1.094310
1.125062
1.107995
1.096034
1.099970
1.102087
1.107441
1.103737
1.088930
1.088651
1.096036
1.106445
1.098613
1.113721
1.072228
1.094972
1.094803
1.080914
1.089941
1.103461
1.089657
1.095968
1.085257
1.096184
1.093364
1.113029
1.100498
1.114678
1.098881
1.094759
1.111081
1.098779
1.106896
1.081309
1.104703
1.106186
1.102307
1.115380
1.095074
1.088918
1.085706
1.120451
1.098131
1.095406
1.096412
1.084144
1.093378
1.088711
1.108892
1.083480
1.088502
1.095782
1.106562
1.095863
1.103645
1.095922
1.106400
1.069766
1.102761
1.106447
1.114534
1.107644
1.085650
1.104077
1.097139
1.097142
1.114327
1.081136
1.086983
1.097078
1.087968
1.113384
1.086087
1.097974
1.096084
1.112596
1.085871
1.097088
1.114599
1.082100
1.107615
1.079629
1.089785
1.086810
1.124067
1.114723
1.115203
1.114438
1.096384
1.070330
1.113818
1.088008
1.105165
1.088009
1.113693
1.096558
1.105000
1.105140
1.113416
1.105047
1.104521
1.096729
1.080791
1.080676
1.088935
1.105057
1.097029
1.099411
