1.104654
1.073365
1.120788
1.088607
1.080854
1.089226
1.105544
1.113457
1.086209
1.121437
1.104863
1.111674
1.105755
1.097175
1.095051
1.076404
1.113059
1.105657
1.074231
1.097167
1.111100
1.089670
1.097076
1.079800
1.088010
1.113035
1.113083
1.102573
1.097800
1.113001
1.103809
1.097082
1.104484
1.111741
1.111551
1.098930
1.104151
1.089495
1.083548
1.097145
1.096482
1.103930
1.090228
1.090616
1.097305
1.118392
1.118127
1.082739
1.117730
1.110821
1.103626
1.089577
1.102661
1.081675
1.102231
1.090590
1.083537
1.092797
1.090581
1.098002
1.093596
1.103474
1.108742
1.095595
1.108551
1.088662
1.106634
1.093773
1.093785
1.095380
1.114942
1.098600
1.087291
1.114824
1.108522
1.096612
1.095509
1.096331
1.103939
1.103454
1.093286
1.093434
1.116403
1.105648
1.090614
1.090651
1.101250
1.088653
1.095969
1.110634
1.107352
1.096004
1.088847
1.094669
1.115657
1.094277
1.099547
1.099788
1.096103
1.090994
1.099823
1.084042
1.092745
1.097888
1.096137
1.089029
1.110506
1.092835
1.087134
1.118174
1.094169
1.105363
1.110858
1.090568
1.094732
1.103348
1.095964
1.085266
1.105342
1.112683
1.108814
1.106879
1.096142
1.100023
1.082366
1.110054
1.104674
1.103044
1.082855
1.088028
1.085987
1.101360
1.091022
1.097918
1.097930
1.099467
1.088896
1.105245
1.099122
1.086388
1.105610
1.087992
1.090619
1.098230
1.106192
1.087771
1.090339
1.108868
1.103677
1.119831
1.093210
1.092607
1.106080
1.122775
1.103597
1.095819
1.094877
1.088372
1.086354
1.084227
1.098050
1.095828
1.101164
1.100571
1.093272
1.098214
1.087771
1.095611
1.092896
1.108990
1.119991
1.101251
1.105390
1.074249
1.125338
1.113603
1.103640
1.111143
1.097760
1.100320
1.094730
1.094771
1.076841
1.104741
1.092342
1.090778
1.090739
1.103267
1.089137
1.100308
1.094580
1.089935
1.109128
1.094406
1.086894
1.096006
1.101667
1.111329
1.097973
1.113562
1.111310
1.084909
1.095849
1.108905
1.094893
1.121690
1.098047
1.098043
1.088753
1.090851
1.098023
1.099996
1.092790
1.101339
1.097891
1.096142
1.101171
1.101630
1.094751
1.090788
1.083810
1.101823
1.099148
1.090573
1.089084
1.102030
1.104946
1.079963
1.104998
1.115898
1.101098
1.111075
1.115772
1.118113
1.098912
1.104586
1.095160
1.101917
1.100612
1.084689
1.095073
1.115734
1.099341
1.086791
1.096377
1.094858
1.096359
1.104215
1.107141
1.091829
1.093590
1.110372
1.100772
1.099703
1.099635
1.093607
1.093505
1.101051
1.096591
1.092037
1.102381
1.095617
1.093004
1.092923
1.102476
1.108305
1.098401
1.086075
1.087333
1.081211
1.097303
1.091599
1.085286
1.090931
1.109435
1.084272
1.110219
1.090217
1.097735
1.089324
1.082434
1.089613
1.089420
1.117562
1.091037
1.086970
1.083711
1.119576
1.072384
1.113664
1.085931
1.095974
1.105096
1.070854
1.111788
1.090865
1.081171
1.094192
1.108776
1.105687
1.105737
1.105768
1.122907
1.108684
1.088719
1.097169
1.105639
1.093525
1.105575
1.095916
1.098325
1.086396
1.107818
1.106567
1.096007
1.098014
1.087710
1.114588
1.105323
1.087810
1.079411
1.104289
1.087330
1.096782
1.105323
1.113882
1.096292
1.095770
1.087830
1.104635
1.104549
1.115115
1.085409
1.104182
1.090255
1.122119
1.095981
1.069336
