1.120332
1.118539
1.115602
1.122707
1.099476
1.097656
1.084324
1.116404
1.087618
1.095951
1.091114
1.102508
1.126381
1.086827
1.111576
1.087049
1.103687
1.093016
1.116875
1.096057
1.094221
1.079784
1.088733
1.092496
1.094345
1.092302
1.097810
1.097750
1.082646
1.100656
1.097610
1.094318
1.111698
1.110445
1.118244
1.091973
1.104892
1.104722
1.089842
1.089865
1.103794
1.111258
1.096733
1.089975
1.110562
1.090134
1.090331
1.090058
1.096902
1.103857
1.083097
1.083190
1.103743
1.103892
1.103771
1.104160
1.096908
1.125581
1.111111
1.089615
1.103328
1.089716
1.097753
1.110221
1.103576
1.083847
1.089900
1.116677
1.096226
1.096658
1.097803
1.102741
1.097921
1.103940
1.098527
1.091787
1.103600
1.097093
1.109397
1.103165
1.091244
1.091369
1.090800
1.096521
1.079081
1.103127
1.103174
1.090722
1.097160
1.104154
1.109128
1.103707
1.097489
1.097094
1.090380
1.096843
1.084297
1.116491
1.090379
1.096944
1.096924
1.090451
1.110045
1.103457
1.083773
1.116460
1.109860
1.103394
1.117060
1.103239
1.084401
1.085665
1.085696
1.091927
1.103135
1.097144
1.096842
1.084738
1.109549
1.096938
1.109682
1.103239
1.090726
1.097022
1.077878
1.103350
1.103191
1.084272
1.090337
1.103313
1.096993
1.096250
1.110336
1.097049
1.089997
1.083316
1.090397
1.090287
1.097047
1.104047
1.102780
1.082693
1.119204
1.104245
1.088708
1.089720
1.127357
1.081870
1.082325
1.088223
1.119372
1.112342
1.104841
1.111765
1.111629
1.082051
1.126149
1.111114
1.103018
1.090895
1.103718
1.090109
1.104110
1.090310
1.084614
1.102978
1.103415
1.091267
1.103708
1.096807
1.097173
1.096902
1.109730
1.096983
1.084382
1.090766
1.109735
1.077980
1.090506
1.103412
1.110020
1.090329
1.103459
1.103413
1.090101
1.076978
1.103591
1.111080
1.097567
1.096167
1.089531
1.083902
1.097102
1.103851
1.083418
1.096550
1.126071
1.097789
1.096922
1.082303
1.081977
1.111561
1.096735
1.089215
1.089151
1.104545
1.088986
1.096689
1.112366
1.104537
1.104544
1.073088
1.080800
1.088746
1.104744
1.080190
1.087937
1.096694
1.096713
1.130995
1.079808
1.104860
1.104854
1.104293
1.104072
1.095376
1.081433
1.104276
1.076070
1.106707
1.101075
1.098996
1.107205
1.087659
1.099448
1.107432
1.087627
1.093607
1.091552
1.091299
1.087534
1.126110
1.087513
1.105599
1.090186
1.090216
1.095199
1.087438
1.084628
1.116410
1.100758
1.087242
1.079239
1.100456
1.095125
1.078830
1.097895
1.086766
1.123099
1.117570
1.095047
1.089492
1.137270
1.120258
1.072984
1.125418
1.086946
1.089705
1.108595
1.127277
1.137422
1.113610
1.084316
1.093427
1.087886
1.095640
1.124061
1.106769
1.115662
1.089964
1.088614
1.103458
1.073032
1.111924
1.087033
1.112742
1.096254
1.102636
1.096250
1.105304
1.090222
1.089246
1.089251
1.112256
1.103255
1.091264
1.092118
1.110449
1.095632
1.094950
1.112729
1.088626
1.082463
1.096356
1.091008
1.112047
1.103452
1.111273
1.075285
1.082968
1.104224
1.118135
1.096440
1.088642
1.103593
1.118514
1.105760
1.118025
1.104018
1.104806
1.110333
1.105516
1.097327
1.103441
1.085341
1.103260
1.085486
1.084880
1.084384
1.077564
1.103609
1.084173
1.090550
1.090181
1.090012
1.110791
1.110977
1.099175
