1.111009
1.125325
1.083251
1.097281
1.090355
1.104152
1.111239
1.096845
1.089717
1.110713
1.083099
1.104275
1.089884
1.089870
1.083195
1.103881
1.105549
1.096400
1.103972
1.119153
1.103176
1.083791
1.111319
1.081752
1.089787
1.096480
1.097819
1.110707
1.111319
1.103867
1.083683
1.102803
1.103291
1.096051
1.097133
1.076863
1.103113
1.082631
1.110458
1.103838
1.095586
1.097276
1.110403
1.099427
1.098381
1.089868
1.088916
1.088890
1.098237
1.097267
1.089642
1.113351
1.081166
1.090155
1.088107
1.127010
1.103051
1.098302
1.105404
1.081046
1.089235
1.112029
1.096912
1.096563
1.096579
1.088871
1.089094
1.111911
1.096549
1.120143
1.112532
1.089136
1.104527
1.096837
1.111405
1.103994
1.082556
1.096619
1.096667
1.096722
1.097083
1.082602
1.103968
1.103979
1.103767
1.096907
1.089637
1.104210
1.089634
1.089614
1.111309
1.096695
1.097026
1.097059
1.096789
1.111192
1.097062
1.103757
1.089478
1.089648
1.096641
1.117578
1.089658
1.118177
1.095761
1.097240
1.103786
1.086889
1.108794
1.085955
1.096073
1.111293
1.082543
1.101330
1.087850
1.116845
1.101233
1.099356
1.095488
1.098506
1.113415
1.090579
1.082660
1.092252
1.101898
1.103459
1.095360
1.100123
1.095321
1.098760
1.098784
1.110521
1.110434
1.095330
1.108092
1.094021
1.100107
1.089111
1.106468
1.103226
1.087769
1.091007
1.094256
1.106414
1.087773
1.092287
1.090901
1.123543
1.103248
1.075387
1.083090
1.098725
1.113410
1.103858
1.090612
1.073640
1.095504
1.101287
1.100901
1.076160
1.101132
1.106784
1.098465
1.104294
1.086730
1.110087
1.104127
1.083829
1.080685
1.095287
1.110531
1.100417
1.101472
1.095237
1.092053
1.082503
1.114175
1.069634
1.126781
1.085776
1.097874
1.109878
1.109648
1.099689
1.089813
1.113118
1.092280
1.093475
1.104231
1.070202
1.106261
1.096902
1.106753
1.088012
1.096345
1.132862
1.096483
1.114466
1.105449
1.095775
1.104870
1.105895
1.087170
1.081649
1.105145
1.068906
1.078827
1.090307
1.105322
1.106668
1.097178
1.079302
1.094631
1.105596
1.098434
1.086035
1.095849
1.107078
1.089645
1.089444
1.114891
1.105965
1.095984
1.086045
1.106007
1.104417
1.086857
1.097719
1.079313
1.096801
1.086693
1.087795
1.086048
1.076612
1.116445
1.106771
1.096548
1.096327
1.117125
1.096221
1.085836
1.116794
1.085625
1.117808
1.107237
1.084299
1.097387
1.085303
1.096771
1.116521
1.126233
1.095833
1.095796
1.097011
1.095728
1.079995
1.095694
1.112767
1.095652
1.117004
1.107908
1.084989
1.114992
1.097347
1.095541
1.104086
1.082504
1.095507
1.105877
1.095508
1.107806
1.114100
1.097492
1.105668
1.105601
1.097503
1.115331
1.097495
1.093834
1.095672
1.092013
1.101375
1.099474
1.123734
1.082687
1.108312
1.119756
1.084041
1.113430
1.097229
1.096188
1.089676
1.073939
1.081788
1.104232
1.104630
1.080593
1.096637
1.080506
1.096378
1.121616
1.096434
1.089005
1.121493
1.097763
1.080409
1.097149
1.088086
1.122200
1.105212
1.105081
1.130491
1.104949
1.096083
1.104423
1.080855
1.096952
1.097003
1.105277
1.111939
1.088966
1.079259
1.112528
1.104353
1.105387
1.096184
1.104210
1.074581
1.094924
1.105464
1.105492
1.098773
1.094825
1.104110
1.126659
1.121006
1.094964
1.082204
