1.110050
1.098293
1.090168
1.111216
1.109335
1.103407
1.084317
1.097242
1.084416
1.122016
1.103185
1.103120
1.090954
1.108086
1.106966
1.098480
1.089223
1.096470
1.099257
1.102660
1.096319
1.098026
1.105220
1.098149
1.087666
1.104488
1.106699
1.087774
1.096212
1.100480
1.100164
1.097783
1.104289
1.102460
1.111391
1.114300
1.105278
1.093857
1.111754
1.103374
1.103238
1.091705
1.101635
1.099448
1.108143
1.099412
1.101244
1.091689
1.086015
1.101510
1.102320
1.104995
1.099756
1.108588
1.099406
1.102022
1.091537
1.097148
1.099175
1.093305
1.103680
1.099054
1.097635
1.095474
1.095518
1.101882
1.100255
1.090618
1.092489
1.095029
1.102846
1.094549
1.101637
1.106414
1.099309
1.095780
1.099374
1.097418
1.098642
1.097355
1.104628
1.102412
1.101760
1.101647
1.099394
1.104380
1.098456
1.095299
1.098309
1.092780
1.100105
1.100126
1.102342
1.090672
1.098016
1.101207
1.094787
1.102291
1.096906
1.100104
1.103290
1.103204
1.098294
1.093151
1.092701
1.093104
1.093814
1.100078
1.095890
1.100175
1.102705
1.095687
1.097759
1.088271
1.104162
1.093904
1.099261
1.100508
1.096449
1.095161
1.096376
1.092016
1.098000
1.089999
1.091469
1.092744
1.092506
1.097979
1.113639
1.099637
1.088583
1.105349
1.103019
1.104657
1.094038
1.111633
1.101256
1.104343
1.101104
1.104446
1.081566
1.108957
1.108910
1.100861
1.102465
1.090861
1.104175
1.095869
1.095234
1.109357
1.099914
1.094649
1.094562
1.096073
1.093443
1.102252
1.091499
1.101951
1.106448
1.090119
1.104158
1.108849
1.105605
1.089998
1.100277
1.094503
1.098979
1.101022
1.098735
1.091983
1.094352
1.098704
1.096520
1.105135
1.098600
1.098532
1.093761
1.087202
1.104845
1.099867
1.104504
1.084902
1.088244
1.096851
1.097783
1.106305
1.100601
1.106600
1.092393
1.107406
1.117889
1.107860
1.091494
1.097557
1.087430
1.097553
1.101441
1.092275
1.102421
1.105661
1.089153
1.089735
1.092730
1.101960
1.101578
1.087213
1.093305
1.102141
1.093348
1.102502
1.107456
1.102307
1.107491
1.081213
1.096980
1.092059
1.098352
1.108099
1.106242
1.087261
1.089570
1.088284
1.124227
1.108519
1.097679
1.103508
1.086094
1.095836
1.101599
1.090063
1.094741
1.094010
1.106178
1.091763
1.096474
1.076507
1.090000
1.093247
1.099935
1.100965
1.114895
1.088949
1.100816
1.079106
1.105662
1.105824
1.088158
1.093685
1.084977
1.084670
1.079416
1.098662
1.086830
1.092414
1.107606
1.088304
1.114968
1.107954
1.098719
1.096967
1.100654
1.083667
1.098731
1.100682
1.094914
1.096797
1.094849
1.096465
1.094748
1.092191
1.109002
1.090260
1.114720
1.083472
1.110281
1.099110
1.100154
1.105630
1.109235
1.103862
1.109811
1.084752
1.089940
1.119201
1.079930
1.113889
1.089761
1.089823
1.128120
1.099133
1.089431
1.112818
1.067069
1.080360
1.089492
1.093111
1.100820
1.095018
1.110725
1.079248
1.101320
1.111132
1.095026
1.095013
1.099066
1.091998
1.098387
1.108356
1.101761
1.085189
1.095074
1.081662
1.101801
1.091554
1.111994
1.094813
1.098302
1.119159
1.098258
1.102018
1.094492
1.101316
1.111158
1.084014
1.097985
1.075801
1.095404
1.085128
1.105323
1.087749
1.123257
1.119690
1.095662
1.077972
1.116870
1.084363
1.087704
1.105102
