1.068290
1.097299
1.105555
1.104172
1.077577
1.105676
1.077353
1.107170
1.095789
1.107233
1.097121
1.070592
1.108364
1.086807
1.116283
1.106935
1.114947
1.125583
1.096659
1.114988
1.105206
1.068374
1.096658
1.097060
1.104664
1.087239
1.096699
1.079228
1.124644
1.087251
1.086661
1.087226
1.087469
1.087108
1.077240
1.105972
1.096021
1.115653
1.115300
1.098090
1.116556
1.105670
1.106045
1.086880
1.086166
1.105521
1.097652
1.069041
1.086536
1.125852
1.095382
1.125080
1.115252
1.105482
1.114860
1.104201
1.096811
1.086123
1.102740
1.106405
1.103966
1.095864
1.100625
1.095767
1.086522
1.075341
1.106986
1.086194
1.097804
1.109784
1.085897
1.097910
1.088305
1.124407
1.088279
1.083082
1.112135
1.112086
1.105010
1.100931
1.094145
1.087270
1.114499
1.088452
1.102413
1.100294
1.090766
1.104888
1.099790
1.093715
1.097577
1.090168
1.092458
1.103298
1.099075
1.077570
1.080636
1.088121
1.112969
1.098921
1.089393
1.097283
1.113523
1.094532
1.072537
1.098426
1.114021
1.104483
1.131292
1.078980
1.123555
1.113882
1.131371
1.096024
1.122150
1.103820
1.097225
1.103443
1.094815
1.104383
1.109647
1.102594
1.103984
1.091606
1.107863
1.095931
1.102051
1.106781
1.088513
1.103233
1.112715
1.083929
1.086448
1.102951
1.095843
1.095816
1.091405
1.096938
1.107201
1.092945
1.088598
1.107078
1.091480
1.097665
1.101806
1.095611
1.095612
1.098659
1.097385
1.077979
1.095611
1.094173
1.104752
1.107831
1.098613
1.101733
1.103262
1.090829
1.092508
1.100274
1.096888
1.089417
1.106457
1.087561
1.114511
1.095452
1.092318
1.082639
1.098623
1.113258
1.095396
1.092245
1.101735
1.090375
1.087218
1.092316
1.098503
1.084800
1.112383
1.117916
1.112449
1.098447
1.089997
1.093004
1.112221
1.100943
1.087221
1.095504
1.103765
1.103748
1.087305
1.079075
1.093011
1.098385
1.103401
1.092364
1.093076
1.112518
1.089906
1.098552
1.075763
1.110679
1.107357
1.074349
1.096014
1.110041
1.101118
1.092502
1.104330
1.089264
1.089208
1.116649
1.098018
1.101652
1.098120
1.098059
1.100508
1.102167
1.082227
1.111358
1.088837
1.108619
1.099525
1.101139
1.102950
1.081708
1.094366
1.094381
1.103079
1.095871
1.094168
1.095796
1.092405
1.104711
1.125990
1.097681
1.097713
1.090878
1.102521
1.093028
1.104538
1.097718
1.095738
1.109364
1.086148
1.104448
1.097647
1.097618
1.082210
1.094261
1.094296
1.106128
1.102906
1.113136
1.113062
1.104419
1.095941
1.090788
1.077355
1.112544
1.105651
1.097388
1.099677
1.098255
1.090933
1.082131
1.119256
1.104233
1.081780
1.089588
1.096308
1.081749
1.081108
1.098238
1.103922
1.088675
1.104722
1.122660
1.121101
1.103987
1.104689
1.081122
1.088724
1.113712
1.120394
1.088864
1.105762
1.111807
1.081275
1.088717
1.119332
1.111449
1.090264
1.097721
1.096645
1.089951
1.096849
1.104068
1.110927
1.090109
1.097037
1.097072
1.117231
1.089931
1.089983
1.097206
1.090756
1.110187
1.104443
1.105138
1.090128
1.103593
1.083790
1.088708
1.096613
1.096589
1.117264
1.095911
1.089398
1.074957
1.090019
1.103769
1.097426
1.088501
1.100259
1.096098
1.102619
1.097533
1.092492
1.107234
1.100375
1.102941
1.097350
1.097295
1.105317
1.096278
1.097125
1.099251
