1.088517
1.103777
1.098050
1.088626
1.096507
1.104042
1.096518
1.088592
1.096892
1.081704
1.096469
1.112379
1.112828
1.080902
1.104658
1.096824
1.105001
1.097045
1.088268
1.104841
1.104792
1.120808
1.096706
1.088560
1.119992
1.096905
1.096427
1.095089
1.113136
1.071447
1.104242
1.089280
1.100236
1.107129
1.112394
1.082672
1.096063
1.074545
1.094687
1.109708
1.087713
1.121087
1.082390
1.112762
1.090802
1.117905
1.104298
1.084298
1.097637
1.099488
1.099519
1.107792
1.081157
1.077916
1.095975
1.104299
1.111251
1.105694
1.104339
1.097328
1.111311
1.092415
1.094414
1.095425
1.075240
1.097994
1.089931
1.095027
1.103741
1.097032
1.097695
1.105132
1.096959
1.089300
1.104968
1.104306
1.080698
1.104314
1.081065
1.096795
1.121007
1.104809
1.096594
1.121145
1.104669
1.112428
1.096628
1.081024
1.104598
1.119864
1.088948
1.081402
1.111438
1.089375
1.105109
1.088443
1.097053
1.102846
1.089511
1.111702
1.104016
1.102193
1.097303
1.109353
1.097424
1.115068
1.111162
1.106455
1.088800
1.110588
1.101238
1.110194
1.086727
1.093511
1.094101
1.106901
1.103784
1.094948
1.115543
1.085836
1.115597
1.105434
1.086260
1.086443
1.098503
1.104518
1.096446
1.085922
1.102609
1.101582
1.102506
1.092726
1.092681
1.111638
1.108578
1.089477
1.104962
1.098785
1.112484
1.075965
1.111629
1.095326
1.081283
1.104801
1.117026
1.098732
1.104685
1.092816
1.101924
1.102626
1.085456
1.099242
1.095381
1.107129
1.101374
1.098704
1.104215
1.100167
1.098505
1.102407
1.091358
1.100255
1.098033
1.110818
1.091899
1.091156
1.101847
1.097708
1.101186
1.101866
1.097024
1.092830
1.098836
1.096542
1.097076
1.097077
1.097553
1.103361
1.088563
1.102510
1.102115
1.102033
1.087892
1.083248
1.098382
1.091293
1.087774
1.086378
1.119157
1.096229
1.087505
1.115442
1.096788
1.102856
1.103769
1.096868
1.102890
1.090989
1.102544
1.102900
1.096930
1.103135
1.090980
1.103433
1.102592
1.085127
1.108781
1.091288
1.108435
1.102052
1.090910
1.103886
1.091424
1.098030
1.091423
1.108755
1.098548
1.097830
1.107840
1.086301
1.086126
1.091295
1.097069
1.102980
1.097050
1.097020
1.091031
1.084935
1.109244
1.097108
1.090698
1.084241
1.109849
1.090656
1.077231
1.103596
1.103237
1.096430
1.089832
1.089173
1.084857
1.073303
1.089216
1.104417
1.088807
1.088615
1.105931
1.089373
1.097140
1.122465
1.106326
1.085751
1.105339
1.106426
1.093936
1.095986
1.078185
1.113806
1.087562
1.087521
1.097217
1.090291
1.124035
1.104273
1.101455
1.095830
1.089869
1.097068
1.086247
1.097926
1.104040
1.106574
1.134753
1.114584
1.086827
1.096760
1.114666
1.105388
1.070256
1.086921
1.105268
1.105612
1.097459
1.096703
1.096445
1.104636
1.113792
1.113673
1.087749
1.096462
1.105221
1.112845
1.105149
1.103821
1.119859
1.104983
1.089153
1.089293
1.090073
1.088767
1.097850
1.103342
1.106191
1.111507
1.103918
1.096038
1.097578
1.090390
1.110380
1.103649
1.097251
1.076772
1.090456
1.103575
1.110417
1.090549
1.096622
1.089996
1.089615
1.104402
1.124163
1.116074
1.084501
1.105220
1.090414
1.097651
1.090885
1.084182
1.103204
1.097111
1.077161
1.096898
1.096872
1.090092
1.089876
1.089818
1.118166
1.099180
