1.097125
1.097113
1.103888
1.089261
1.082480
1.081898
1.119439
1.127212
1.096778
1.104341
1.081706
1.111796
1.096725
1.096707
1.096796
1.096668
1.096839
1.097290
1.074624
1.111668
1.089280
1.096723
1.134691
1.104264
1.089483
1.104082
1.104128
1.089566
1.111369
1.103990
1.111037
1.089821
1.103779
1.089973
1.090098
1.090122
1.096874
1.090039
1.110521
1.110484
1.103908
1.090008
1.096945
1.096348
1.103554
1.111019
1.090315
1.117274
1.096760
1.097080
1.091391
1.096879
1.109524
1.103179
1.103123
1.096513
1.103008
1.102054
1.103491
1.080559
1.108927
1.097514
1.087183
1.101832
1.107887
1.102684
1.108651
1.093676
1.101582
1.103408
1.091934
1.104100
1.085745
1.101601
1.107080
1.103016
1.086141
1.097595
1.080786
1.086724
1.081759
1.085185
1.086668
1.095462
1.093526
1.096396
1.096338
1.097600
1.077159
1.090087
1.083555
1.096084
1.094588
1.109725
1.109840
1.092390
1.104625
1.084584
1.100062
1.095485
1.116848
1.092778
1.098029
1.111813
1.085555
1.114695
1.082344
1.101745
1.101691
1.121294
1.098470
1.118147
1.088793
1.088862
1.085374
1.104653
1.094999
1.114265
1.091382
1.104553
1.094967
1.094952
1.102549
1.094935
1.100564
1.100492
1.093354
1.093411
1.100348
1.094885
1.085443
1.124578
1.093668
1.117822
1.093793
1.084508
1.112236
1.118613
1.091162
1.091243
1.102596
1.095066
1.098785
1.088454
1.110796
1.084767
1.105611
1.107421
1.077841
1.091645
1.109019
1.090040
1.102507
1.103864
1.107569
1.082707
1.103829
1.103815
1.103790
1.093999
1.086461
1.081572
1.107599
1.098872
1.091292
1.107664
1.102641
1.102556
1.098766
1.077678
1.140818
1.105547
1.107165
1.093282
1.093163
1.101238
1.111944
1.084726
1.098142
1.093431
1.108140
1.097977
1.109299
1.084569
1.090258
1.099480
1.081093
1.103654
1.096142
1.098975
1.103758
1.102523
1.111317
1.117550
1.117304
1.096353
1.110551
1.109266
1.094501
1.085302
1.098613
1.097555
1.099604
1.102885
1.098338
1.089882
1.096049
1.097418
1.098733
1.097369
1.114078
1.085263
1.114275
1.113410
1.102264
1.102466
1.097332
1.091237
1.102235
1.097022
1.097002
1.092449
1.100118
1.087376
1.094383
1.108389
1.097793
1.101034
1.103139
1.093612
1.079867
1.098943
1.107579
1.088017
1.106613
1.093354
1.093271
1.096702
1.102349
1.100480
1.098644
1.107172
1.091960
1.107167
1.092936
1.091979
1.097638
1.101540
1.095836
1.109119
1.088977
1.107293
1.107289
1.093505
1.090632
1.087784
1.096273
1.092450
1.108144
1.096398
1.095910
1.092231
1.090455
1.107911
1.097470
1.096688
1.080117
1.109036
1.103838
1.103869
1.090248
1.096554
1.090140
1.098612
1.091022
1.109671
1.103096
1.097512
1.097497
1.098443
1.090838
1.092443
1.090716
1.097252
1.103836
1.115901
1.090189
1.109952
1.097018
1.103341
1.097027
1.090618
1.096624
1.097293
1.097101
1.097133
1.091424
1.110007
1.090090
1.090059
1.089531
1.103987
1.104067
1.111011
1.109254
1.095465
1.110902
1.104733
1.116623
1.085490
1.103113
1.098135
1.079109
1.102986
1.085152
1.096996
1.091140
1.097110
1.109369
1.096825
1.090107
1.090796
1.090729
1.092514
1.084431
1.091554
1.096112
1.117259
1.082898
1.118149
1.083056
1.111478
1.089434
1.096915
1.089424
1.089687
1.103981
1.074424
