1.089099
1.104525
1.104429
1.073478
1.104598
1.096544
1.080060
1.096484
1.096747
1.105404
1.105130
1.113973
1.087924
1.087885
1.104940
1.096710
1.097053
1.104726
1.114667
1.095768
1.096359
1.087377
1.131337
1.096265
1.105186
1.095468
1.113138
1.113868
1.112639
1.086239
1.088647
1.088737
1.083157
1.094339
1.099174
1.104605
1.074698
1.099289
1.085250
1.088568
1.088466
1.084842
1.099345
1.095683
1.099599
1.105265
1.122774
1.110787
1.095460
1.100457
1.080758
1.083513
1.096990
1.090904
1.125576
1.094119
1.119467
1.084126
1.091147
1.095129
1.085040
1.090988
1.083678
1.098055
1.078419
1.082174
1.092553
1.097745
1.133267
1.118912
1.106020
1.097454
1.086926
1.099063
1.097247
1.104586
1.106032
1.097069
1.103690
1.098125
1.104902
1.095947
1.095962
1.078145
1.083196
1.098027
1.098082
1.125051
1.093748
1.086959
1.088151
1.094618
1.107276
1.086888
1.085526
1.084047
1.095695
1.092952
1.103153
1.117002
1.097214
1.109548
1.089612
1.087934
1.083764
1.078279
1.088653
1.117324
1.129019
1.105869
1.116524
1.096105
1.096579
1.126610
1.076288
1.096081
1.116468
1.086437
1.106182
1.115904
1.106053
1.115475
1.105892
1.068645
1.087083
1.077986
1.106035
1.106127
1.086792
1.077796
1.096147
1.116168
1.114679
1.084737
1.116410
1.076535
1.089506
1.094749
1.097095
1.095838
1.093125
1.097206
1.100363
1.078471
1.116171
1.105943
1.109038
1.104449
1.103004
1.066827
1.098747
1.114573
1.116066
1.100310
1.088630
1.091310
1.098296
1.086130
1.124495
1.097605
1.106360
1.096690
1.114497
1.115031
1.096573
1.105472
1.106378
1.087771
1.087851
1.088948
1.104675
1.078502
1.105805
1.105835
1.122403
1.079172
1.106401
1.088717
1.103952
1.113730
1.088743
1.096839
1.096390
1.104508
1.088741
1.096791
1.079971
1.112446
1.113000
1.097198
1.105224
1.080492
1.088462
1.113158
1.105076
1.080019
1.112843
1.104566
1.096973
1.088365
1.096531
1.097006
1.104706
1.112847
1.104650
1.112458
1.104518
1.104562
1.119695
1.089295
1.096685
1.111206
1.082681
1.096627
1.111960
1.095645
1.090590
1.077138
1.082326
1.097185
1.096482
1.096450
1.103861
1.109692
1.103886
1.088760
1.117984
1.105016
1.082357
1.094915
1.122432
1.106693
1.082649
1.097705
1.116882
1.105188
1.086530
1.103385
1.110543
1.092252
1.117251
1.088269
1.098924
1.103071
1.094640
1.092803
1.096646
1.091074
1.096161
1.097281
1.108784
1.121663
1.097615
1.097191
1.108845
1.085739
1.097003
1.102873
1.102934
1.091638
1.102981
1.107745
1.096921
1.097911
1.086967
1.096934
1.092901
1.091483
1.096552
1.091786
1.096469
1.091123
1.090943
1.090052
1.102042
1.096557
1.110646
1.103030
1.109725
1.100421
1.120332
1.106832
1.088966
1.095045
1.102768
1.096415
1.091554
1.086749
1.096404
1.091516
1.104198
1.085031
1.086313
1.096345
1.092507
1.097710
1.103167
1.097634
1.105841
1.106776
1.082408
1.085796
1.090367
1.103549
1.097439
1.102583
1.102627
1.082496
1.084632
1.111546
1.089666
1.097344
1.104070
1.088379
1.111058
1.090375
1.096222
1.098303
1.098232
1.111490
1.098883
1.105083
1.081808
1.089072
1.119776
1.096342
1.104016
1.096798
1.104514
1.111597
1.096807
1.104217
1.081631
1.096382
1.126468
1.096967
1.089113
1.099183
