1.111820
1.243366
1.222010
2.048433
1.290377
1.156435
0.958006
1.159655
0.995146
1.313795
1.378800
1.225132
1.133512
1.078560
0.993367
1.063130
1.354565
1.230968
1.099684
1.491588
1.064001
1.045543
1.164578
1.143478
1.091109
1.025307
1.404346
1.305401
1.188943
1.263750
1.196968
1.294680
1.132656
1.220038
1.357875
1.331904
1.224140
1.256273
1.145083
1.195946
1.094627
1.195317
1.096999
1.172833
1.080666
1.118226
0.996559
1.109355
1.110364
1.159721
1.181702
1.146251
1.087364
1.088129
1.092361
1.110015
1.107074
1.093518
1.081223
1.200000
1.089563
1.011152
1.100632
1.144191
1.186129
1.185105
1.226974
0.991605
1.067755
1.139033
1.066422
1.148034
1.036686
1.131345
1.104681
1.147699
1.276356
1.203394
1.140885
1.071358
1.119495
0.943642
1.433469
1.149630
1.033694
0.889782
0.957025
1.323519
1.271144
1.215781
1.450108
1.042108
1.160614
1.233501
1.363905
0.979329
1.232891
0.916757
1.292364
1.193364
1.057300
1.259833
1.242039
1.099521
1.121836
1.109166
1.069683
1.169763
1.002995
1.122027
1.201470
1.190308
1.057250
1.257335
1.181043
1.153526
1.124079
1.118241
1.148510
1.092202
1.272334
1.160662
1.174354
1.030506
1.204345
1.047902
1.045554
0.964770
1.960619
1.050375
1.484210
1.130571
1.074740
1.092286
1.087511
1.259072
1.275434
1.128637
1.184890
1.069474
1.050524
1.112069
1.118999
1.055399
1.328957
1.202873
0.974998
1.178834
1.049855
1.079806
1.142897
1.114248
1.082754
1.057817
1.184463
1.110468
1.109602
1.096942
1.064623
1.007610
1.284962
0.987442
1.168262
1.073476
1.155966
1.102917
1.153919
1.103836
1.112683
1.093315
1.161876
1.183920
1.154206
0.973399
1.177558
1.033100
1.040728
1.306412
1.294915
1.259876
1.394999
1.180446
1.122511
1.105267
1.123423
1.356352
1.169823
0.964989
1.177739
1.382838
1.187366
1.122633
1.226533
1.098570
1.107409
1.028126
1.204720
1.216018
1.063633
1.115330
1.264170
1.233079
1.064300
1.023579
1.209500
1.036002
1.122193
1.051346
1.149961
1.287324
1.169795
1.137423
1.086022
1.092134
1.119849
1.075861
0.996198
1.176797
1.139361
0.967905
1.251110
1.308478
1.129065
1.004618
1.272657
1.296273
1.145083
1.094521
1.120162
1.154272
0.850316
1.442220
1.181955
1.173786
1.229071
1.159613
1.111511
1.071557
1.082267
1.311514
1.146669
1.341504
1.310697
1.244833
1.220406
1.148942
1.094772
1.200702
1.072528
1.413181
1.175672
1.052229
1.474188
1.113099
1.197325
1.145686
1.106605
1.253648
1.228619
1.076419
1.279983
1.298273
1.080765
1.127510
1.118762
1.112120
1.110689
1.087135
1.146815
1.180601
1.463207
1.062797
1.268077
1.109885
1.017854
1.237905
1.251256
1.329585
1.146598
1.235198
1.336953
1.062062
1.121696
1.151757
1.091703
1.125087
1.143425
1.039540
1.201255
1.108976
1.136747
1.042838
1.166484
1.068886
1.142669
1.166192
1.120016
1.103828
1.121168
1.127986
1.217709
1.046390
1.168514
1.175849
1.118437
1.186355
1.099396
1.207888
1.415323
1.088334
1.144863
1.092245
1.122896
1.105343
1.106280
1.006998
1.118991
1.268338
1.137498
1.057513
0.949242
1.168773
1.327988
1.280751
1.058483
1.095800
1.068555
1.134171
1.137966
1.092324
1.130404
1.108707
1.081744
1.070873
1.121799
1.324110
1.243345
1.378091
