1.117636
1.105164
1.118319
1.097192
1.089595
1.102180
1.091165
1.097300
1.095111
1.116636
1.084172
1.094736
1.109723
1.093168
1.095336
1.117316
1.083488
1.108158
1.089996
1.099089
1.091342
1.095000
1.081980
1.105993
1.099490
1.106158
1.097844
1.088149
1.102962
1.096286
1.091701
1.116592
1.097895
1.097925
1.104714
1.101480
1.117812
1.097925
1.089848
1.101068
1.089981
1.115253
1.096311
1.104215
1.108512
1.098069
1.103927
1.093242
1.094073
1.096489
1.094178
1.087072
1.098912
1.100451
1.098138
1.098160
1.092526
1.093877
1.103844
1.097129
1.092245
1.093415
1.101261
1.092905
1.101647
1.085898
1.098147
1.097965
1.108301
1.090600
1.085201
1.097421
1.091148
1.096917
1.090679
1.090532
1.103436
1.090553
1.090273
1.082727
1.096907
1.096675
1.083021
1.103820
1.089077
1.112138
1.096334
1.104895
1.104065
1.112568
1.104243
1.098028
1.082051
1.089123
1.112606
1.113048
1.097154
1.097016
1.112774
1.104631
1.080908
1.104566
1.104184
1.097865
1.096431
1.074546
1.104479
1.095333
1.088255
1.111398
1.094707
1.120290
1.112872
1.110325
1.089119
1.097498
1.077599
1.102574
1.120821
1.108921
1.089523
1.104020
1.097784
1.075646
1.095854
1.093824
1.089750
1.093613
1.097957
1.101704
1.100451
1.096969
1.100437
1.095648
1.087196
1.095673
1.110576
1.102021
1.084817
1.106591
1.109002
1.115239
1.082505
1.104185
1.087960
1.104161
1.093422
1.091705
1.084977
1.084872
1.099596
1.102915
1.075429
1.095468
1.101763
1.097477
1.083212
1.123410
1.124014
1.117063
1.098404
1.101506
1.101560
1.077415
1.080228
1.098195
1.095247
1.098373
1.107295
1.104409
1.085971
1.104385
1.098519
1.070797
1.088088
1.104453
1.104483
1.108308
1.091030
1.098819
1.094834
1.089200
1.097480
1.075171
1.114542
1.114626
1.101613
1.088950
1.114654
1.102758
1.081161
1.098685
1.088802
1.120827
1.104769
1.091395
1.114461
1.115323
1.098505
1.099051
1.073577
1.070444
1.098834
1.079431
1.127504
1.113099
1.090014
1.095374
1.093901
1.079194
1.109231
1.095410
1.100478
1.088413
1.100373
1.097852
1.105026
1.105041
1.100637
1.100633
1.086024
1.085962
1.097842
1.114683
1.083639
1.100036
1.097922
1.121928
1.086435
1.085699
1.076007
1.081002
1.093248
1.090474
1.102907
1.092901
1.118213
1.082686
1.092889
1.095290
1.068909
1.103048
1.116652
1.116740
1.092045
1.116753
1.106000
1.089233
1.097546
1.089003
1.107885
1.081668
1.095602
1.086871
1.104426
1.079606
1.095629
1.095634
1.075955
1.083317
1.086353
1.103175
1.073193
1.119991
1.061035
1.102726
1.073857
1.128775
1.095063
1.122235
1.119606
1.097769
1.107238
1.073223
1.110161
1.128872
1.094888
1.119279
1.143309
1.097877
1.094967
1.097861
1.074911
1.137841
1.089340
1.136900
1.097790
1.089571
1.100161
1.087256
1.082950
1.085226
1.091584
1.103653
1.105683
1.101758
1.101692
1.085428
1.099726
1.099786
1.095463
1.091864
1.117749
1.103506
1.079618
1.115428
1.091305
1.103735
1.116839
1.111931
1.132347
1.087971
1.097267
1.104987
1.112552
1.104774
1.096097
1.119179
1.081867
1.097278
1.106396
1.120954
1.105795
1.097166
1.111599
1.089293
1.096744
1.110169
1.103467
1.103307
1.090568
1.097536
1.096877
1.109077
1.091866
1.085325
1.102829
1.098977
