1.079925
1.108707
1.102813
1.103038
1.102775
1.097312
1.085955
1.102635
1.097189
1.091452
1.085522
1.085310
1.109084
1.092854
1.091058
1.090946
1.090817
1.090671
1.104373
1.105461
1.089343
1.088333
1.094475
1.103754
1.097399
1.103876
1.087220
1.103972
1.094640
1.118553
1.104035
1.086076
1.097770
1.099850
1.099941
1.099833
1.089644
1.104021
1.095698
1.094283
1.095669
1.101732
1.105401
1.078736
1.095545
1.104077
1.106902
1.118505
1.081102
1.103997
1.101520
1.095340
1.107056
1.081354
1.095338
1.097628
1.109325
1.091986
1.121135
1.084976
1.105711
1.093644
1.103745
1.105448
1.113763
1.115287
1.083816
1.090640
1.095338
1.098778
1.095333
1.115691
1.114597
1.087618
1.106550
1.087834
1.084419
1.098930
1.080331
1.118125
1.098781
1.087522
1.098971
1.106542
1.080822
1.087109
1.103094
1.098857
1.097966
1.081976
1.087422
1.093822
1.100404
1.095387
1.100671
1.095366
1.103908
1.098448
1.098434
1.104042
1.121535
1.121032
1.103952
1.089948
1.106800
1.098416
1.106589
1.090314
1.095565
1.090098
1.111810
1.082683
1.103662
1.095630
1.098169
1.095813
1.092512
1.084674
1.105491
1.100230
1.100962
1.094623
1.091340
1.096190
1.088580
1.083165
1.094035
1.102989
1.098490
1.103084
1.082247
1.103175
1.135165
1.103136
1.087852
1.105661
1.086427
1.120781
1.102679
1.097577
1.071573
1.128647
1.094107
1.085886
1.107982
1.085760
1.085587
1.100052
1.094005
1.110153
1.101927
1.089633
1.085410
1.101899
1.097934
1.104090
1.087208
1.095614
1.112697
1.127311
1.107424
1.098177
1.109526
1.095541
1.084834
1.098362
1.103595
1.106422
1.098410
1.100604
1.101262
1.095613
1.098409
1.108742
1.088201
1.108047
1.090948
1.090979
1.105622
1.086164
1.090956
1.098189
1.085214
1.083338
1.114289
1.094254
1.116730
1.109328
1.094535
1.110886
1.101982
1.119364
1.091964
1.093266
1.091868
1.102205
1.084063
1.098200
1.084076
1.090618
1.097194
1.097134
1.097757
1.103329
1.103476
1.090171
1.096894
1.110396
1.090056
1.096748
1.096977
1.103124
1.110827
1.096617
1.123975
1.109460
1.089550
1.089529
1.105373
1.102300
1.098672
1.097560
1.087122
1.110042
1.090854
1.090890
1.087055
1.099295
1.108641
1.104681
1.088233
1.103203
1.091993
1.097536
1.103264
1.092470
1.095786
1.109395
1.091144
1.090509
1.102950
1.090039
1.109788
1.090739
1.123681
1.097327
1.084066
1.096954
1.096898
1.103409
1.103163
1.097454
1.103795
1.084309
1.097157
1.083773
1.096673
1.089821
1.083294
1.097164
1.082124
1.105265
1.089667
1.111657
1.103367
1.090129
1.096374
1.096359
1.089919
1.104366
1.087493
1.071753
1.105473
1.096182
1.104748
1.097168
1.090606
1.112700
1.094983
1.080391
1.080239
1.121151
1.090288
1.098264
1.089955
1.086778
1.087625
1.107120
1.113631
1.104985
1.115030
1.089032
1.087400
1.096331
1.096138
1.095991
1.105892
1.105423
1.105378
1.114267
1.115256
1.096280
1.086622
1.079780
1.096859
1.122319
1.096171
1.104462
1.130719
1.130153
1.091478
1.105853
1.089694
1.098148
1.096247
1.080923
1.091402
1.134252
1.097015
1.082588
1.104150
1.097134
1.103958
1.104048
1.097112
1.110758
1.096671
1.096250
1.110371
1.103658
1.085390
1.109788
1.109621
1.106085
1.084688
1.102422
1.109818
1.096405
