1.103040
1.086263
1.089271
1.096578
1.109479
1.103905
1.098341
1.092780
1.095706
1.102142
1.091895
1.091024
1.114138
1.103009
1.103872
1.094859
1.097455
1.090178
1.103870
1.102991
1.098343
1.120430
1.094835
1.091087
1.091094
1.095692
1.109342
1.109335
1.096578
1.110226
1.120176
1.096582
1.097503
1.102901
1.104733
1.107332
1.103783
1.097515
1.125970
1.084188
1.090418
1.102804
1.104620
1.090458
1.101867
1.086157
1.103681
1.108900
1.091411
1.096631
1.096633
1.095727
1.094811
1.099980
1.095681
1.099485
1.097574
1.088509
1.091442
1.095578
1.101720
1.096568
1.090370
1.084145
1.103857
1.097643
1.110141
1.086282
1.100498
1.107898
1.109051
1.083955
1.103953
1.087841
1.093792
1.105194
1.095271
1.101570
1.097694
1.092608
1.102787
1.101559
1.091378
1.119292
1.090141
1.106608
1.097716
1.096454
1.092681
1.101490
1.109090
1.085101
1.099037
1.097740
1.099037
1.091420
1.078781
1.091406
1.107830
1.092672
1.093943
1.104073
1.106628
1.101544
1.090093
1.091349
1.095185
1.093869
1.083682
1.097707
1.101569
1.107984
1.106709
1.098999
1.102847
1.081035
1.089995
1.099010
1.101566
1.087410
1.089965
1.102878
1.095123
1.110662
1.100292
1.082168
1.109386
1.106820
1.102900
1.076949
1.097704
1.095100
1.108107
1.108102
1.104236
1.086033
1.097726
1.086035
1.099069
1.100401
1.102914
1.091188
1.093773
1.097705
1.102927
1.089862
1.091162
1.100314
1.097695
1.100360
1.116063
1.089845
1.083293
1.091129
1.095097
1.104268
1.084524
1.091097
1.089771
1.091071
1.108315
1.081737
1.115006
1.091028
1.097707
1.082944
1.091000
1.116510
1.097717
1.085634
1.093771
1.085591
1.096314
1.094921
1.111295
1.090897
1.104506
1.092261
1.093618
1.090857
1.092195
1.088010
1.089489
1.096332
1.100604
1.098914
1.088178
1.098894
1.098882
1.091962
1.111412
1.110166
1.090670
1.103262
1.111365
1.095185
1.097549
1.103262
1.090662
1.096387
1.096390
1.097530
1.115874
1.089531
1.091790
1.102137
1.116984
1.105494
1.108981
1.086068
1.111151
1.110036
1.111077
1.109977
1.086079
1.090761
1.103185
1.093734
1.091745
1.107957
1.103170
1.096524
1.095631
1.090805
1.097425
1.098302
1.090807
1.101435
1.104016
1.103156
1.103154
1.121234
1.103982
1.104803
1.089205
1.099046
1.090876
1.085170
1.090880
1.097384
1.090872
1.114596
1.083600
1.103878
1.103876
1.085109
1.096614
1.109632
1.103861
1.096622
1.090852
1.077859
1.097344
1.083608
1.098770
1.098044
1.104562
1.103167
1.102496
1.116237
1.097302
1.102523
1.102527
1.084290
1.103161
1.108396
1.103155
1.109639
1.114829
1.103131
1.109574
1.090873
1.085752
1.096031
1.092189
1.090907
1.097313
1.102455
1.101828
1.115251
1.103074
1.089656
1.096031
1.097330
1.096669
1.085241
1.108083
1.102360
1.091664
1.103764
1.097364
1.097366
1.088800
1.103778
1.089492
1.103050
1.109472
1.102285
1.095850
1.115106
1.084566
1.108647
1.091817
1.091005
1.091007
1.103023
1.095750
1.109457
1.091009
1.091010
1.096580
1.096577
1.096573
1.087210
1.103921
1.090987
1.103041
1.103925
1.096571
1.111267
1.098302
1.098282
1.103878
1.103859
1.103838
1.110230
1.090235
1.084615
1.097376
1.092426
1.103724
1.096671
1.090990
1.109380
1.101763
1.089733
1.091613
1.077895
