1.103664
1.093451
1.103053
1.096702
1.103652
1.085157
1.102503
1.079320
1.097269
1.121126
1.097258
1.089834
1.085033
1.104148
1.091376
1.128146
1.109979
1.109470
1.108523
1.096765
1.091348
1.108508
1.085497
1.116055
1.103059
1.098405
1.097575
1.109249
1.090984
1.091312
1.102720
1.114743
1.090741
1.091290
1.091285
1.120582
1.096894
1.085197
1.079116
1.096673
1.091267
1.090805
1.102324
1.096893
1.091007
1.090241
1.102759
1.096579
1.108615
1.091293
1.103042
1.109619
1.097185
1.115864
1.084753
1.096818
1.090974
1.097194
1.091352
1.096434
1.090579
1.103049
1.109300
1.083912
1.103056
1.097205
1.108495
1.109759
1.097216
1.096350
1.097222
1.079758
1.085125
1.102616
1.103503
1.108912
1.084646
1.103068
1.108485
1.097218
1.097665
1.109801
1.097655
1.101774
1.085101
1.084246
1.097214
1.089640
1.096777
1.097669
1.121108
1.103078
1.114769
1.097233
1.089984
1.102572
1.102058
1.084141
1.103047
1.108263
1.104174
1.097296
1.104205
1.096124
1.103018
1.092218
1.102407
1.108694
1.113747
1.097944
1.084795
1.107989
1.109227
1.114821
1.102946
1.107857
1.097366
1.092505
1.098704
1.097374
1.109039
1.085727
1.108998
1.091869
1.096134
1.107736
1.085177
1.102236
1.096753
1.102224
1.108298
1.097373
1.091302
1.091941
1.081067
1.098009
1.102205
1.091288
1.097365
1.102230
1.109540
1.102842
1.091273
1.084602
1.091267
1.090076
1.102857
1.119994
1.097355
1.108971
1.096135
1.091874
1.090018
1.091256
1.102855
1.098654
1.115108
1.092522
1.091879
1.090637
1.097356
1.102261
1.096753
1.108381
1.096163
1.097944
1.085135
1.104053
1.092412
1.092387
1.077879
1.085090
1.091744
1.109053
1.103460
1.090076
1.091666
1.114233
1.101892
1.090582
1.108067
1.096209
1.086019
1.108601
1.091097
1.103540
1.085449
1.102965
1.091668
1.107454
1.097319
1.091666
1.091662
1.102388
1.091648
1.110449
1.101822
1.085360
1.097306
1.114390
1.085340
1.089891
1.097875
1.101864
1.085307
1.107573
1.103018
1.096118
1.091609
1.109341
1.090380
1.103650
1.092258
1.095438
1.096692
1.097968
1.103673
1.091621
1.097325
1.092233
1.097315
1.096700
1.085206
1.102467
1.097293
1.089766
1.097867
1.097860
1.102519
1.096710
1.091448
1.102545
1.085034
1.096711
1.103118
1.097259
1.103674
1.102589
1.127727
1.096715
1.096179
1.096716
1.108958
1.085039
1.103656
1.115309
1.090340
1.090904
1.108888
1.091482
1.097848
1.090359
1.114658
1.103067
1.096716
1.103629
1.109959
1.108801
1.103034
1.084136
1.103019
1.091580
1.096730
1.098430
1.102443
1.085326
1.104104
1.102455
1.102459
1.089970
1.097825
1.109235
1.097286
1.080180
1.092092
1.104011
1.102503
1.089599
1.090555
1.085745
1.115481
1.097706
1.091004
1.096787
1.090555
1.096790
1.103036
1.109289
1.085146
1.090963
1.078022
1.108908
1.090506
1.085057
1.084596
1.084558
1.097208
1.104022
1.097203
1.097198
1.095441
1.102723
1.097197
1.102723
1.090287
1.091692
1.116143
1.076823
1.109210
1.115214
1.103716
1.109195
1.084230
1.097229
1.091264
1.116211
1.090198
1.090197
1.102655
1.084229
1.085331
1.103767
1.096683
1.103216
1.103219
1.084162
1.091261
1.097240
1.122916
1.097235
1.090131
1.103235
1.104862
1.096691
1.097741
1.103232
1.102731
1.100691
