1.097198
1.083740
1.102771
1.104117
1.085521
1.104063
1.102428
1.096379
1.102847
1.089945
1.091068
1.083482
1.090299
1.109720
1.097544
1.084956
1.084541
1.083349
1.085261
1.091366
1.109485
1.102576
1.089803
1.097118
1.096364
1.109584
1.091278
1.122086
1.096727
1.104167
1.077223
1.096722
1.102549
1.096715
1.110031
1.096707
1.115376
1.090486
1.096229
1.090494
1.103850
1.078134
1.096674
1.097180
1.096667
1.110084
1.103374
1.097710
1.090474
1.096663
1.103896
1.109571
1.090990
1.089962
1.103374
1.109569
1.096156
1.103369
1.089444
1.089957
1.090486
1.116805
1.103923
1.122952
1.096648
1.085508
1.096652
1.110579
1.090533
1.101703
1.089998
1.109439
1.096658
1.083898
1.089988
1.083883
1.108241
1.089939
1.096003
1.109416
1.095946
1.085829
1.097971
1.103345
1.089813
1.096575
1.109421
1.085171
1.104094
1.091962
1.081496
1.104109
1.116291
1.098769
1.104113
1.089020
1.110922
1.103379
1.097282
1.097988
1.097276
1.103369
1.094548
1.109461
1.115537
1.102662
1.083768
1.096582
1.101907
1.103328
1.084539
1.098806
1.096565
1.104820
1.095819
1.091313
1.090564
1.104064
1.101838
1.085293
1.092035
1.097303
1.084506
1.096576
1.104055
1.097980
1.091189
1.097265
1.089162
1.116936
1.089179
1.084323
1.096602
1.097873
1.102773
1.104035
1.076811
1.090411
1.096603
1.110887
1.097216
1.115906
1.089160
1.089761
1.103447
1.089743
1.083500
1.098497
1.096585
1.084722
1.090320
1.084029
1.110426
1.097205
1.090262
1.084533
1.097189
1.096584
1.109945
1.084384
1.089601
1.082021
1.110038
1.110633
1.094839
1.081893
1.110686
1.095312
1.102992
1.089435
1.098566
1.097210
1.088676
1.090786
1.110095
1.089323
1.097232
1.096480
1.094183
1.097247
1.103685
1.111734
1.098082
1.089205
1.102036
1.084445
1.096434
1.097277
1.091709
1.103704
1.123851
1.098969
1.090004
1.098935
1.102879
1.116577
1.089209
1.084394
1.104488
1.108544
1.104474
1.089247
1.101316
1.090837
1.089245
1.103673
1.123711
1.111700
1.084502
1.111669
1.105268
1.117179
1.088531
1.111543
1.084576
1.112248
1.115517
1.097250
1.097247
1.082446
1.084620
1.111286
1.103549
1.102172
1.096546
1.097227
1.103531
1.110498
1.109812
1.084660
1.102845
1.105465
1.104136
1.085309
1.097206
1.110355
1.084046
1.090892
1.116073
1.090864
1.103467
1.097153
1.109779
1.110730
1.110229
1.096231
1.109735
1.109279
1.096697
1.096699
1.096265
1.096700
1.128737
1.097153
1.096238
1.102398
1.097176
1.084423
1.102809
1.096683
1.097203
1.103297
1.096673
1.096123
1.096666
1.103282
1.096657
1.096652
1.097851
1.090020
1.091858
1.095407
1.089996
1.103914
1.109296
1.097271
1.085260
1.086559
1.084577
1.103299
1.084523
1.104550
1.077775
1.096047
1.104514
1.089358
1.097776
1.103932
1.096648
1.097729
1.097183
1.110139
1.084702
1.096671
1.096198
1.103888
1.122719
1.089952
1.110147
1.096243
1.103410
1.097139
1.109665
1.091331
1.077495
1.090004
1.096265
1.110545
1.103838
1.110103
1.095852
1.097988
1.090867
1.115924
1.097125
1.110049
1.090066
1.117069
1.109607
1.103353
1.097120
1.102958
1.102579
1.110254
1.090951
1.110199
1.097488
1.097122
1.103264
1.077705
1.103900
1.121984
1.090973
1.090972
1.090684
1.103767
1.090691
1.078562
