1.103676
1.103230
1.090678
1.097206
1.084608
1.090276
1.103252
1.090640
1.109533
1.109726
1.097149
1.084269
1.096971
1.096964
1.103253
1.103299
1.103282
1.090604
1.103294
1.084237
1.103286
1.096924
1.096962
1.077742
1.103298
1.116035
1.109456
1.077954
1.109954
1.097116
1.103539
1.090690
1.096991
1.096889
1.103120
1.096892
1.109620
1.090768
1.109704
1.097158
1.103215
1.090665
1.084160
1.103288
1.084272
1.090735
1.115981
1.084144
1.103303
1.103333
1.109639
1.090545
1.103304
1.096954
1.084159
1.096957
1.090479
1.109661
1.109598
1.090487
1.084229
1.109743
1.096881
1.103663
1.097340
1.096775
1.090555
1.109846
1.084128
1.109914
1.096971
1.109792
1.115977
1.103228
1.090616
1.096923
1.109713
1.103281
1.109624
1.109586
1.103253
1.096964
1.084387
1.090688
1.097038
1.090755
1.078116
1.109586
1.078087
1.103297
1.115865
1.090550
1.109552
1.115927
1.103289
1.097036
1.096937
1.097011
1.115704
1.090711
1.109422
1.103182
1.103183
1.090765
1.096954
1.090837
1.096982
1.090811
1.096966
1.090806
1.090789
1.090783
1.090770
1.096963
1.109381
1.090781
1.096939
1.097021
1.103197
1.109408
1.090748
1.096973
1.109413
1.103244
1.109405
1.103193
1.096976
1.096977
1.090759
1.103175
1.096946
1.090770
1.103169
1.078378
1.096931
1.090792
1.103147
1.103145
1.103140
1.096993
1.078300
1.090667
1.109323
1.090807
1.103113
1.084401
1.103450
1.097016
1.096774
1.090930
1.090542
1.109346
1.090652
1.090645
1.090343
1.096712
1.103276
1.077927
1.090398
1.115626
1.090785
1.096587
1.103568
1.090539
1.090531
1.103339
1.091078
1.110488
1.103354
1.103356
1.109651
1.122230
1.103882
1.122678
1.116090
1.103558
1.102787
1.097319
1.103009
1.089944
1.103475
1.102964
1.090978
1.090993
1.103708
1.090497
1.109767
1.116069
1.103163
1.084731
1.115273
1.103548
1.078741
1.084612
1.084788
1.090837
1.096753
1.102842
1.090965
1.103143
1.097193
1.084837
1.097039
1.090783
1.097027
1.091076
1.084577
1.096927
1.115750
1.103163
1.103247
1.103237
1.103202
1.096961
1.090727
1.096966
1.084448
1.096967
1.084420
1.078175
1.096944
1.115887
1.096961
1.084313
1.115909
1.090585
1.077981
1.097026
1.090644
1.103373
1.103447
1.103320
1.077929
1.096909
1.090484
1.103348
1.096936
1.096948
1.096925
1.090468
1.090483
1.103389
1.096907
1.116418
1.096865
1.096950
1.116385
1.109924
1.109905
1.116309
1.084028
1.084041
1.090455
1.103397
1.084024
1.097147
1.116180
1.096961
1.096805
1.090404
1.084008
1.103255
1.077479
1.109756
1.116285
1.096684
1.116277
1.103368
1.084147
1.083950
1.103796
1.090707
1.116024
1.090038
1.103361
1.083935
1.103609
1.090738
1.103364
1.097050
1.084163
1.090473
1.103377
1.103381
1.083369
1.103135
1.096786
1.103397
1.090987
1.103682
1.097330
1.090420
1.110043
1.090675
1.103921
1.090409
1.091094
1.116445
1.103030
1.097003
1.103065
1.103588
1.097162
1.084474
1.096843
1.103410
1.103522
1.103408
1.103405
1.090573
1.083858
1.090426
1.090345
1.090516
1.103442
1.103423
1.096906
1.096904
1.090372
1.109977
1.103463
1.103466
1.090317
1.090374
1.083896
1.116488
1.090361
1.116539
1.103348
1.116519
1.116556
1.109905
1.103267
1.083992
1.103389
1.103475
1.090570
1.077762
