1.084182
1.096793
1.096963
1.103373
1.090466
1.083968
1.103384
1.090581
1.090498
1.109916
1.103406
1.097000
1.083927
1.109923
1.103425
1.109934
1.096898
1.103413
1.083854
1.096835
1.096814
1.103171
1.090202
1.116424
1.103260
1.090593
1.116589
1.096394
1.097257
1.096797
1.109985
1.090192
1.090462
1.090176
1.084155
1.096454
1.084144
1.084130
1.089743
1.090763
1.084055
1.110161
1.096717
1.109830
1.097093
1.091104
1.083931
1.090304
1.110293
1.083478
1.097077
1.084176
1.103168
1.096339
1.089847
1.097062
1.083675
1.096690
1.089781
1.096682
1.110930
1.117132
1.103242
1.117520
1.110178
1.103226
1.097063
1.089756
1.096280
1.089352
1.083651
1.109670
1.104466
1.097540
1.103586
1.097545
1.102247
1.089271
1.110971
1.090179
1.110975
1.110965
1.083281
1.083289
1.097111
1.102637
1.090663
1.091127
1.103567
1.083266
1.098013
1.097543
1.110511
1.110508
1.096669
1.110092
1.110087
1.096684
1.123059
1.096307
1.082203
1.097084
1.110391
1.091084
1.097942
1.091924
1.097089
1.109567
1.097078
1.103143
1.097433
1.123515
1.083864
1.110250
1.097057
1.084207
1.096750
1.090039
1.090046
1.097035
1.090317
1.103482
1.103223
1.084105
1.084341
1.097014
1.103504
1.097001
1.116340
1.090056
1.096578
1.090049
1.110046
1.096776
1.096772
1.096768
1.104011
1.097255
1.103523
1.103763
1.090255
1.103286
1.103517
1.090493
1.110252
1.110465
1.103933
1.077078
1.083400
1.103314
1.096619
1.083945
1.096800
1.089910
1.084087
1.090245
1.096794
1.082934
1.083613
1.096588
1.103987
1.103596
1.089924
1.097185
1.103622
1.096540
1.117402
1.096529
1.090310
1.076291
1.083627
1.103425
1.083581
1.103678
1.110640
1.104152
1.103471
1.089999
1.117617
1.083668
1.089798
1.103890
1.097111
1.103706
1.096920
1.097055
1.089854
1.089975
1.103610
1.124496
1.076317
1.096960
1.096874
1.096866
1.076124
1.089949
1.131314
1.089938
1.110666
1.103737
1.117526
1.103727
1.083076
1.103730
1.103711
1.103706
1.096832
1.124256
1.090049
1.096868
1.090069
1.103605
1.110450
1.103618
1.110411
1.103728
1.103624
1.083346
1.096891
1.076667
1.103602
1.096794
1.090082
1.103602
1.103537
1.090208
1.096984
1.090287
1.096903
1.117156
1.096838
1.096892
1.096845
1.090171
1.076784
1.096858
1.083361
1.103639
1.096873
1.110433
1.096877
1.090152
1.103611
1.096953
1.096840
1.096898
1.103660
1.117288
1.110457
1.096857
1.090070
1.103665
1.096864
1.103642
1.096861
1.096859
1.096868
1.103672
1.110395
1.096867
1.096868
1.103614
1.096874
1.096837
1.096880
1.103614
1.103556
1.083410
1.096769
1.110311
1.103441
1.090179
1.090182
1.110317
1.103566
1.117061
1.096812
1.110003
1.116697
1.103525
1.110221
1.083772
1.089930
1.116847
1.097405
1.077623
1.096607
1.083112
1.090143
1.103460
1.083223
1.116364
1.083639
1.089791
1.103763
1.110211
1.090316
1.103480
1.097064
1.103138
1.096721
1.116284
1.110239
1.110609
1.090346
1.110584
1.090369
1.096713
1.089997
1.102644
1.096710
1.109728
1.102998
1.091277
1.103840
1.084599
1.110101
1.085029
1.097126
1.109674
1.110072
1.116723
1.090081
1.096735
1.104105
1.104080
1.103356
1.090176
1.109273
1.090844
1.097088
1.090843
1.090836
1.090253
1.103050
1.084273
1.103605
1.077270
