1.089726
1.109914
1.090492
1.090206
1.090188
1.096774
1.097368
1.089827
1.083773
1.096750
1.096743
1.084014
1.083984
1.097078
1.091032
1.110273
1.083843
1.103516
1.097404
1.097390
1.084374
1.096724
1.090188
1.084178
1.110444
1.110208
1.083742
1.083475
1.103424
1.089708
1.090623
1.096600
1.096772
1.089871
1.117049
1.117374
1.103529
1.083418
1.110782
1.097093
1.089853
1.096924
1.096922
1.124157
1.089732
1.096638
1.110445
1.103832
1.096617
1.103506
1.109623
1.089688
1.103851
1.090066
1.103428
1.090075
1.090077
1.090075
1.103903
1.089807
1.090335
1.096447
1.096715
1.116993
1.103365
1.090668
1.090364
1.096697
1.103347
1.083393
1.096362
1.117317
1.096682
1.097722
1.096332
1.097379
1.103673
1.110665
1.096680
1.090045
1.090393
1.090044
1.090381
1.089698
1.090358
1.117029
1.103033
1.104020
1.097016
1.111354
1.090342
1.083029
1.110983
1.103684
1.096417
1.096708
1.090587
1.096713
1.110916
1.097240
1.103678
1.096733
1.103901
1.082457
1.110164
1.103447
1.090270
1.103895
1.104123
1.096743
1.110122
1.096524
1.096972
1.089847
1.117200
1.110046
1.103377
1.096217
1.104159
1.103884
1.096726
1.096429
1.089866
1.091126
1.103891
1.104204
1.109475
1.090510
1.096413
1.089895
1.077505
1.097355
1.090197
1.110716
1.104468
1.089614
1.090456
1.096741
1.096744
1.096746
1.110676
1.090396
1.110425
1.090153
1.089725
1.089936
1.082884
1.103172
1.110473
1.103376
1.110240
1.117106
1.103876
1.096455
1.089864
1.082695
1.096400
1.117023
1.082571
1.096686
1.096676
1.103170
1.104021
1.110064
1.103577
1.096635
1.091186
1.090194
1.104076
1.090712
1.077344
1.115923
1.103569
1.103568
1.077338
1.089665
1.103051
1.097140
1.104112
1.096078
1.084259
1.097141
1.082098
1.091214
1.077715
1.103094
1.110671
1.090081
1.089550
1.090056
1.091597
1.110763
1.103186
1.090008
1.090489
1.083852
1.096608
1.104655
1.103282
1.096617
1.110433
1.117994
1.084090
1.089108
1.082005
1.076088
1.104578
1.096630
1.075585
1.103390
1.089043
1.096617
1.088981
1.096170
1.082990
1.097505
1.091161
1.104345
1.103425
1.103896
1.090167
1.124539
1.090155
1.103909
1.089238
1.097941
1.075460
1.090122
1.119071
1.090512
1.110464
1.095798
1.104732
1.095436
1.117838
1.097388
1.104326
1.103533
1.096209
1.089286
1.088475
1.111235
1.097445
1.103038
1.111228
1.088803
1.097038
1.102938
1.091200
1.098047
1.110714
1.082912
1.090719
1.089734
1.103885
1.104359
1.088798
1.090185
1.104351
1.110309
1.089266
1.090615
1.097027
1.111659
1.097882
1.103484
1.096600
1.132273
1.103889
1.124902
1.096621
1.110702
1.103087
1.082246
1.089831
1.083841
1.110588
1.082680
1.089853
1.103799
1.097425
1.082282
1.082669
1.089837
1.103817
1.104230
1.081383
1.082992
1.103002
1.111538
1.089770
1.112020
1.104305
1.118405
1.110690
1.111104
1.097026
1.104665
1.110632
1.082635
1.118172
1.110965
1.110934
1.103773
1.104114
1.090614
1.110139
1.090279
1.082947
1.104311
1.097277
1.103427
1.095936
1.096200
1.083046
1.103956
1.103409
1.089740
1.096707
1.103385
1.110355
1.117954
1.103347
1.103984
1.096036
1.103303
1.096687
1.123729
1.082818
1.083976
1.110924
1.090945
1.104384
1.110104
1.110091
1.116574
1.103938
1.121937
