1.109980
1.102774
1.083522
1.097452
1.090335
1.104555
1.090003
1.091067
1.090711
1.102786
1.097388
1.110119
1.104034
1.096765
1.110070
1.077671
1.077410
1.090645
1.103649
1.089966
1.097010
1.097593
1.090009
1.096649
1.103454
1.103137
1.096981
1.103463
1.096819
1.103627
1.110110
1.090814
1.090193
1.090057
1.090756
1.103469
1.096836
1.103474
1.090205
1.096841
1.090531
1.103486
1.103389
1.103588
1.097034
1.090554
1.090294
1.110128
1.103540
1.103438
1.103493
1.096900
1.110084
1.096891
1.090315
1.090367
1.090289
1.083786
1.083700
1.083756
1.090317
1.096836
1.096868
1.090230
1.090213
1.083375
1.103523
1.116949
1.096832
1.090231
1.110290
1.123772
1.097165
1.096929
1.103599
1.110260
1.090402
1.117139
1.083519
1.110442
1.096925
1.090188
1.096998
1.083682
1.103664
1.096922
1.096873
1.090177
1.090251
1.110288
1.103626
1.076849
1.083568
1.103647
1.103469
1.110409
1.090146
1.083387
1.090192
1.096784
1.110337
1.110401
1.096775
1.076603
1.096761
1.089943
1.103811
1.083346
1.110289
1.089957
1.076797
1.110422
1.083386
1.097021
1.103582
1.096899
1.124323
1.096990
1.103436
1.090170
1.103615
1.097051
1.097031
1.110638
1.103694
1.096833
1.083132
1.096830
1.096842
1.103660
1.083139
1.096863
1.090151
1.076322
1.110530
1.110598
1.096806
1.124384
1.103736
1.103708
1.096865
1.096832
1.096850
1.096846
1.103683
1.090022
1.110504
1.103676
1.110495
1.103689
1.096860
1.117219
1.090083
1.090101
1.103615
1.110366
1.090136
1.090091
1.103623
1.090142
1.103561
1.090149
1.083454
1.096844
1.103539
1.103726
1.110359
1.117043
1.103521
1.090167
1.096768
1.110148
1.103562
1.097020
1.096929
1.103343
1.096722
1.090119
1.090111
1.083385
1.116824
1.096798
1.083694
1.090041
1.096778
1.103090
1.090466
1.089712
1.096745
1.110087
1.083373
1.097037
1.089856
1.082619
1.089801
1.096679
1.110134
1.083177
1.075735
1.097554
1.111138
1.102678
1.109704
1.103658
1.097123
1.111821
1.096584
1.090614
1.110732
1.096581
1.103652
1.082445
1.103650
1.097145
1.091215
1.103650
1.110158
1.097709
1.123718
1.097142
1.104184
1.116587
1.096596
1.104143
1.096604
1.104118
1.091247
1.104087
1.097647
1.083294
1.104035
1.097119
1.110433
1.082907
1.084238
1.082503
1.102696
1.082907
1.090637
1.091063
1.084995
1.096663
1.104008
1.096668
1.090904
1.096675
1.123753
1.082780
1.103637
1.103994
1.102945
1.076164
1.090070
1.103654
1.103302
1.096675
1.104032
1.104405
1.109926
1.111020
1.104021
1.104009
1.097036
1.103292
1.096693
1.103960
1.083860
1.083531
1.090743
1.082607
1.096716
1.110837
1.083175
1.110279
1.117206
1.096452
1.096451
1.097000
1.103354
1.103346
1.117162
1.090107
1.104230
1.096406
1.089818
1.103921
1.090138
1.103599
1.097033
1.096381
1.090149
1.082922
1.109811
1.097047
1.095963
1.117441
1.096677
1.090545
1.102785
1.123962
1.089738
1.097092
1.090177
1.104474
1.089280
1.117411
1.124311
1.109994
1.083803
1.110407
1.103064
1.103511
1.097581
1.103491
1.097575
1.116620
1.096683
1.096687
1.096691
1.096693
1.089963
1.091270
1.109711
1.090411
1.090844
1.097553
1.097542
1.090004
1.109316
1.102615
1.103009
1.115992
1.097540
1.103815
1.096709
1.083785
1.090460
1.100492
