1.110051
1.097127
1.109629
1.096327
1.097517
1.090876
1.109607
1.084628
1.109974
1.097466
1.104047
1.097093
1.097400
1.097077
1.103342
1.084241
1.116408
1.109629
1.103115
1.103733
1.116078
1.084114
1.097023
1.109880
1.103141
1.103008
1.103005
1.090639
1.090649
1.109612
1.102965
1.097170
1.103517
1.090975
1.109278
1.103210
1.097023
1.103315
1.078291
1.096808
1.115633
1.090547
1.078645
1.090750
1.084473
1.097011
1.090722
1.103387
1.090620
1.084308
1.090674
1.109426
1.097068
1.103181
1.096987
1.090460
1.090352
1.103282
1.109578
1.096755
1.090311
1.103138
1.109567
1.103101
1.090586
1.090353
1.116009
1.078419
1.097079
1.097367
1.090576
1.090570
1.084332
1.091133
1.109297
1.097361
1.083962
1.109353
1.083926
1.097351
1.090474
1.103097
1.097060
1.090443
1.110025
1.090144
1.103125
1.096482
1.110361
1.097060
1.077996
1.077965
1.103147
1.109833
1.096492
1.090912
1.096767
1.090613
1.102939
1.116349
1.089795
1.097036
1.089201
1.090318
1.097362
1.090942
1.103815
1.083199
1.110282
1.090599
1.103515
1.096725
1.089926
1.097051
1.103531
1.097051
1.083409
1.103210
1.090214
1.090546
1.110757
1.110084
1.110757
1.097043
1.096717
1.083041
1.103242
1.103561
1.103560
1.103558
1.089877
1.090205
1.123080
1.089527
1.097058
1.096700
1.103917
1.110388
1.089466
1.090238
1.103932
1.109970
1.115978
1.090263
1.089410
1.090277
1.077508
1.096659
1.103040
1.103516
1.090756
1.110399
1.089253
1.096121
1.090780
1.102993
1.110437
1.110987
1.097165
1.096060
1.083922
1.117328
1.088585
1.090843
1.077607
1.102365
1.096016
1.104118
1.104725
1.095990
1.109868
1.097193
1.102914
1.103522
1.088397
1.102883
1.124354
1.090282
1.079074
1.102837
1.104163
1.104159
1.102833
1.097227
1.111709
1.102830
1.096581
1.102825
1.097863
1.116542
1.078571
1.092246
1.089777
1.089194
1.083552
1.089784
1.089189
1.103461
1.097793
1.116026
1.103474
1.096601
1.117823
1.089735
1.096002
1.103465
1.096599
1.089123
1.104082
1.095961
1.104095
1.097228
1.095286
1.084145
1.084808
1.117909
1.091014
1.095252
1.097898
1.096573
1.111690
1.110365
1.090339
1.109710
1.104094
1.104082
1.091593
1.102244
1.102254
1.104032
1.103432
1.084178
1.096038
1.110221
1.096623
1.102250
1.103995
1.103402
1.103396
1.091638
1.097216
1.097214
1.097212
1.083162
1.103947
1.082601
1.110691
1.089897
1.103951
1.110695
1.089902
1.103940
1.094982
1.109553
1.103374
1.102799
1.110090
1.083199
1.110071
1.077685
1.110063
1.104559
1.102126
1.103943
1.108803
1.103934
1.097864
1.102689
1.097864
1.091823
1.091210
1.109320
1.082254
1.089453
1.096061
1.109309
1.108689
1.079852
1.111170
1.096636
1.096013
1.090629
1.104529
1.091254
1.092487
1.097859
1.097243
1.091186
1.103847
1.102205
1.091126
1.103814
1.090587
1.096694
1.091060
1.090569
1.103777
1.102869
1.090548
1.103761
1.102903
1.096723
1.108691
1.102492
1.096720
1.096717
1.078660
1.083478
1.097613
1.110432
1.104249
1.083879
1.096708
1.090939
1.090062
1.097139
1.103373
1.096711
1.096710
1.090870
1.109661
1.090023
1.102984
1.089166
1.083281
1.090412
1.084576
1.090849
1.103447
1.103931
1.089865
1.091763
1.110303
1.109845
1.096664
1.103953
1.116231
1.143044
