1.034192
1.179367
1.183105
1.011249
1.173382
1.047617
1.051048
1.030334
1.794376
1.259322
0.998890
1.099992
1.106764
1.143680
1.076978
1.072436
1.096521
1.101564
1.172852
1.090301
1.132508
1.097872
1.099909
1.153329
1.035562
1.209646
1.119712
1.169665
1.104768
1.120009
1.031912
1.161204
1.109412
1.072906
1.031024
1.176024
1.000219
1.330159
0.955084
0.964027
1.036270
1.001568
1.287569
1.178625
1.040246
1.066986
1.043233
1.174195
1.101005
1.095248
1.102952
1.092742
1.048478
1.064908
1.094262
1.308550
1.206130
1.149346
1.033687
1.144191
1.136329
1.155141
1.267978
1.242400
1.142451
1.128193
1.063027
1.284672
1.266718
0.878922
1.162554
1.183587
1.353076
1.117000
0.977337
1.110819
1.094375
1.207033
1.156390
1.080327
1.053939
0.929108
1.410158
1.461048
1.098789
1.564099
0.920993
0.967211
1.194456
1.073029
1.112899
1.104142
1.103520
1.140883
1.065543
1.144628
1.020213
1.110436
0.990632
1.025443
0.908771
1.284387
0.980336
1.120424
1.250934
1.189399
1.193036
1.079687
1.066125
1.240303
1.167473
1.113006
1.195832
1.089907
1.108722
1.123852
1.023806
1.110265
1.277697
1.125713
1.278084
1.283883
1.070734
1.105558
1.138067
1.177154
1.097161
1.038637
1.195232
0.891258
1.201516
0.957408
0.862236
1.197305
1.300129
1.088429
1.012568
1.058604
1.065420
1.270707
1.067862
1.184631
1.080342
1.114820
1.113885
1.133354
1.255329
1.279951
1.060730
1.097511
1.107943
1.191614
0.977765
1.041141
1.073616
1.401868
1.237906
1.150500
1.218912
0.993336
1.022779
1.133358
1.187627
1.197366
1.056497
1.055474
1.068202
1.109773
1.018903
1.064475
1.158126
1.063638
0.985512
1.161761
1.067195
1.059291
1.272339
1.081973
1.060106
1.080140
1.066682
1.084065
1.072974
1.054355
1.054280
1.198582
1.213065
1.156160
1.117409
1.072766
1.199631
1.145269
1.057718
1.110486
1.232009
1.162105
1.066620
1.135203
1.137423
1.079821
1.106578
1.107893
1.096822
1.070743
1.066420
1.142514
1.106510
1.145838
0.953519
1.212539
1.152970
1.167072
1.174659
1.114675
1.089524
1.064790
1.141992
1.149927
1.215849
1.092338
1.143683
1.089741
1.057701
1.062017
1.046772
1.114215
1.182039
1.143721
1.315956
1.124466
1.128107
1.095811
1.268283
1.140577
1.107073
1.178977
1.252032
1.358590
1.143950
1.190980
1.099781
0.996870
1.148200
0.988808
0.933232
1.367432
1.025684
1.026142
1.098233
1.437633
1.192030
1.141217
1.108128
1.145441
1.082584
1.055968
1.133278
1.460326
1.221877
0.924549
1.317308
1.096580
1.246919
1.138278
1.105277
1.090518
1.120087
1.032868
0.985656
1.221925
1.312696
1.570395
1.030298
1.179937
1.163169
1.111016
1.110269
1.090341
1.163730
1.119463
0.999092
1.159743
1.253830
1.393338
1.172370
1.102454
0.996864
1.092874
1.059965
1.254512
1.119604
1.194772
1.162324
1.043015
1.193516
1.058195
1.097771
1.134575
1.110478
1.090522
1.154251
1.181592
1.064032
1.178257
1.385490
1.037040
1.148524
1.115668
1.185789
1.206363
1.096040
1.114328
1.086367
1.154438
1.106186
1.310810
1.141065
1.189150
1.143057
1.149826
1.118894
1.210353
1.243188
0.889342
1.318335
1.230023
1.251110
1.102713
0.926942
1.156918
1.127715
1.146880
1.193964
1.108795
1.103223
1.174853
1.026994
1.239112
