1.097579
1.084009
1.096241
1.122406
1.090827
1.083663
1.096247
1.102519
1.084149
1.097147
1.090419
1.097626
1.102938
1.122194
1.097642
1.089944
1.109637
1.109622
1.103888
1.097174
1.096671
1.097179
1.103360
1.090502
1.109518
1.096674
1.116670
1.097705
1.098211
1.084430
1.103313
1.083957
1.096230
1.103310
1.084897
1.090563
1.083949
1.097612
1.109063
1.096269
1.097153
1.083887
1.091399
1.097147
1.089180
1.085123
1.102512
1.117215
1.097569
1.103399
1.089590
1.096705
1.116394
1.109686
1.090006
1.109670
1.097568
1.091748
1.083336
1.090020
1.090863
1.103401
1.102565
1.103407
1.097128
1.096701
1.102979
1.103844
1.115517
1.103844
1.103394
1.090453
1.110069
1.103374
1.090027
1.110027
1.108629
1.097164
1.097169
1.095736
1.109465
1.096687
1.083949
1.103304
1.091646
1.083961
1.096131
1.083943
1.077277
1.109983
1.103325
1.084438
1.103923
1.116750
1.097226
1.089936
1.089345
1.109471
1.104547
1.097230
1.090512
1.103350
1.090509
1.108882
1.091706
1.102159
1.101552
1.103962
1.084405
1.110079
1.097870
1.104596
1.096623
1.091752
1.105155
1.103339
1.103910
1.084413
1.083320
1.097198
1.091043
1.096167
1.102348
1.091502
1.090988
1.102880
1.084753
1.103851
1.097152
1.128812
1.083767
1.110072
1.097573
1.097134
1.103380
1.090057
1.103378
1.103376
1.090471
1.095948
1.089686
1.110429
1.110027
1.122505
1.096312
1.102936
1.090942
1.109097
1.084802
1.109933
1.097157
1.096716
1.083536
1.108547
1.104226
1.104231
1.109410
1.103285
1.090149
1.104680
1.103265
1.097640
1.102800
1.103245
1.109299
1.109718
1.084666
1.096746
1.109230
1.097606
1.102345
1.090756
1.103600
1.090772
1.096344
1.095920
1.090783
1.108259
1.108220
1.077966
1.096242
1.109082
1.097774
1.098343
1.097254
1.096699
1.102025
1.103149
1.103728
1.095512
1.083766
1.104367
1.108988
1.089570
1.097945
1.096010
1.096653
1.089492
1.110318
1.090137
1.116854
1.115430
1.114688
1.095908
1.096626
1.085163
1.104587
1.101586
1.098889
1.107260
1.096621
1.091714
1.107953
1.103829
1.090971
1.092548
1.109457
1.098179
1.108661
1.079750
1.109410
1.085380
1.102276
1.103018
1.097380
1.097378
1.097375
1.107938
1.097371
1.091026
1.102300
1.089621
1.096662
1.104435
1.091030
1.086828
1.095244
1.097368
1.107961
1.095946
1.109388
1.098097
1.091732
1.090287
1.110111
1.103021
1.097370
1.102308
1.103015
1.098075
1.079034
1.110055
1.098048
1.108668
1.109334
1.091031
1.102347
1.102994
1.102348
1.086695
1.091060
1.085411
1.084162
1.090429
1.092258
1.092232
1.078381
1.102444
1.108796
1.115748
1.078833
1.095553
1.090342
1.084533
1.109486
1.090287
1.097292
1.096683
1.114777
1.089604
1.084383
1.090832
1.097309
1.116157
1.097314
1.102482
1.097996
1.114837
1.110352
1.097321
1.103142
1.095967
1.083670
1.085034
1.091523
1.104517
1.097325
1.110324
1.101130
1.097317
1.090156
1.077166
1.103146
1.090809
1.103156
1.083575
1.084244
1.095910
1.084183
1.083412
1.102464
1.109865
1.091468
1.103239
1.093048
1.097352
1.092227
1.097343
1.097337
1.104050
1.102534
1.090598
1.092077
1.097309
1.108598
1.077822
1.084529
1.091244
1.101952
1.104737
1.076959
1.099312
1.097258
1.102733
1.115701
1.098522
1.103400
1.101143
