1.096618
1.096625
1.102255
1.096634
1.097763
1.110162
1.110699
1.101783
1.096654
1.110106
1.098252
1.097709
1.091515
1.090993
1.097166
1.102893
1.103354
1.102912
1.115750
1.115726
1.102900
1.097579
1.102878
1.109432
1.104136
1.109377
1.102832
1.103240
1.083788
1.110114
1.085119
1.097600
1.103193
1.102778
1.102774
1.077554
1.091182
1.096353
1.108748
1.091199
1.097187
1.097189
1.089898
1.109155
1.127982
1.095828
1.097681
1.102196
1.084890
1.096730
1.091328
1.097237
1.090818
1.109046
1.098298
1.103142
1.096196
1.092395
1.092375
1.103647
1.096244
1.096257
1.084880
1.095800
1.085324
1.109119
1.096738
1.090771
1.103647
1.096735
1.084302
1.103191
1.103197
1.097199
1.108739
1.090726
1.096253
1.091200
1.090715
1.103215
1.102241
1.083197
1.096704
1.090161
1.097225
1.084101
1.103253
1.088924
1.102679
1.117146
1.102656
1.109919
1.095985
1.095966
1.083981
1.097294
1.096600
1.109953
1.090628
1.102542
1.101789
1.095059
1.085479
1.116707
1.085516
1.095743
1.083900
1.128593
1.097367
1.083055
1.088938
1.090625
1.090618
1.090609
1.096502
1.098298
1.089672
1.095572
1.097403
1.090546
1.101463
1.084589
1.083609
1.095477
1.089496
1.090461
1.112407
1.090431
1.084423
1.090400
1.096403
1.104484
1.096397
1.104504
1.091352
1.083217
1.096392
1.103512
1.083144
1.086166
1.122992
1.109703
1.097392
1.110715
1.075910
1.105543
1.118870
1.123066
1.110686
1.095457
1.109682
1.096422
1.096425
1.090306
1.098325
1.088433
1.104429
1.097377
1.089391
1.102534
1.117558
1.104414
1.084276
1.109538
1.098316
1.102518
1.095521
1.103439
1.104364
1.109473
1.117347
1.084416
1.090448
1.109404
1.109389
1.103377
1.090494
1.109331
1.095560
1.088687
1.103339
1.089607
1.098366
1.077785
1.122976
1.104289
1.096462
1.079751
1.091527
1.096466
1.090558
1.089606
1.110206
1.103340
1.108337
1.098348
1.094594
1.089598
1.104287
1.098367
1.088636
1.095504
1.109265
1.098397
1.089560
1.079688
1.079662
1.101408
1.088543
1.109335
1.091461
1.091454
1.104390
1.084453
1.103415
1.117406
1.091390
1.096434
1.117416
1.103428
1.097391
1.110396
1.110381
1.089511
1.101577
1.090446
1.090451
1.105227
1.095559
1.104302
1.103390
1.103386
1.091373
1.076678
1.104275
1.109397
1.103382
1.091358
1.096489
1.105128
1.104243
1.105086
1.096508
1.089662
1.105009
1.088878
1.117036
1.092090
1.104139
1.108625
1.103348
1.110124
1.089797
1.109347
1.091295
1.091297
1.089853
1.096584
1.110031
1.089870
1.115317
1.090590
1.097301
1.078616
1.092015
1.102597
1.101905
1.091280
1.110723
1.102613
1.091269
1.083868
1.116735
1.083863
1.096602
1.083850
1.104669
1.096603
1.089877
1.082474
1.089851
1.104031
1.103361
1.104053
1.111532
1.096586
1.090482
1.096589
1.097261
1.110166
1.076236
1.091130
1.095925
1.089112
1.090437
1.090424
1.085628
1.083529
1.103446
1.091042
1.084111
1.088950
1.097238
1.094496
1.102139
1.097950
1.095809
1.115445
1.090951
1.094990
1.085437
1.111452
1.089387
1.090165
1.097275
1.103603
1.098080
1.092542
1.125051
1.090906
1.082991
1.097247
1.097986
1.089371
1.102916
1.105069
1.117201
1.090088
1.110073
1.111422
1.096533
1.103624
1.111996
1.096551
1.110021
1.110622
1.104802
1.122409
