1.096592
1.102972
1.111556
1.098248
1.110357
1.102978
1.103952
1.083580
1.089917
1.104330
1.103425
1.109710
1.096709
1.103803
1.090054
1.096726
1.083048
1.102986
1.104160
1.096333
1.096726
1.097126
1.097937
1.122464
1.103353
1.102553
1.090127
1.097135
1.097546
1.103730
1.103721
1.097535
1.096354
1.097517
1.097129
1.109467
1.115626
1.089887
1.084106
1.090620
1.109045
1.090248
1.090240
1.097145
1.116730
1.083696
1.115499
1.122004
1.097166
1.109758
1.095416
1.102774
1.089768
1.096719
1.096712
1.096183
1.085858
1.097795
1.097245
1.114537
1.115647
1.096680
1.108506
1.084282
1.084900
1.097285
1.096662
1.090152
1.083627
1.084250
1.091432
1.078987
1.102521
1.102525
1.084789
1.084057
1.091377
1.089926
1.108522
1.103287
1.108536
1.097320
1.096562
1.098099
1.077827
1.110873
1.098107
1.097324
1.101797
1.096550
1.116928
1.102569
1.101792
1.089761
1.090544
1.117711
1.097337
1.097338
1.103321
1.083790
1.102522
1.095744
1.089762
1.104130
1.092203
1.093016
1.101705
1.083769
1.090548
1.110136
1.083730
1.092125
1.116192
1.085270
1.089721
1.104141
1.110199
1.098822
1.091222
1.097289
1.097281
1.089764
1.097265
1.097934
1.090440
1.104053
1.089156
1.098482
1.110846
1.102227
1.084189
1.103426
1.098336
1.084704
1.102360
1.115974
1.097169
1.098194
1.102936
1.084593
1.077321
1.089432
1.090356
1.097592
1.097578
1.083516
1.097543
1.104340
1.083860
1.103906
1.084535
1.089531
1.090213
1.089550
1.090807
1.097024
1.096429
1.103039
1.097007
1.103917
1.097001
1.090074
1.090879
1.090570
1.096731
1.117104
1.097181
1.124299
1.090213
1.083096
1.103855
1.096770
1.110451
1.110591
1.117341
1.103548
1.110531
1.096914
1.096913
1.117177
1.096622
1.096915
1.110577
1.090152
1.103581
1.096835
1.083538
1.096912
1.083418
1.090067
1.083539
1.103426
1.096676
1.097105
1.096725
1.090265
1.110255
1.103593
1.083235
1.103597
1.103458
1.097248
1.096636
1.083639
1.097110
1.103930
1.083442
1.096649
1.103626
1.089684
1.103352
1.096784
1.096616
1.090421
1.097129
1.090423
1.090047
1.096764
1.103501
1.097291
1.076677
1.097087
1.096330
1.103569
1.096625
1.083144
1.103432
1.103582
1.089421
1.090286
1.089518
1.097351
1.096722
1.076619
1.096279
1.103584
1.103356
1.104064
1.090556
1.110477
1.096942
1.096689
1.089280
1.082098
1.104128
1.089481
1.097255
1.097565
1.096657
1.097560
1.125282
1.089149
1.082786
1.103037
1.096368
1.103895
1.111451
1.096648
1.125631
1.089411
1.089734
1.117696
1.103870
1.089101
1.103519
1.076048
1.125144
1.103845
1.096633
1.111032
1.097007
1.083018
1.110617
1.104564
1.104176
1.110947
1.082734
1.110553
1.097007
1.104115
1.095977
1.083170
1.097693
1.104086
1.082524
1.096997
1.096994
1.089607
1.096371
1.110527
1.090222
1.103447
1.089591
1.096033
1.110863
1.097002
1.104109
1.083845
1.096316
1.103766
1.104112
1.104109
1.096663
1.103762
1.075724
1.116955
1.096664
1.096317
1.097011
1.124702
1.083559
1.097020
1.117559
1.097021
1.089947
1.111161
1.096307
1.123813
1.102633
1.077037
1.097035
1.103313
1.109947
1.104065
1.117298
1.104055
1.089675
1.095855
1.097069
1.097495
1.116274
1.117086
1.116603
1.090618
1.103565
1.096196
1.104006
1.099101
