1.097600
1.097602
1.102563
1.083462
1.117151
1.104429
1.103941
1.089880
1.109782
1.095771
1.103899
1.116481
1.084583
1.102957
1.096686
1.083721
1.102937
1.109637
1.103859
1.089987
1.083295
1.096679
1.084260
1.103381
1.090966
1.083221
1.116861
1.089921
1.103399
1.076936
1.102335
1.090416
1.089291
1.090396
1.083565
1.098404
1.110916
1.104069
1.104071
1.110341
1.096013
1.115428
1.116595
1.096605
1.096000
1.090984
1.109046
1.109019
1.097231
1.092348
1.104059
1.091070
1.102766
1.097872
1.104027
1.082421
1.091693
1.110174
1.096616
1.096618
1.101583
1.103388
1.110154
1.090467
1.102758
1.104618
1.082490
1.097240
1.088592
1.099178
1.097892
1.104011
1.102735
1.104003
1.110751
1.115611
1.108237
1.097859
1.109422
1.103321
1.102694
1.084543
1.115981
1.096020
1.097261
1.091267
1.090650
1.096641
1.089406
1.116475
1.103880
1.091943
1.090049
1.084087
1.110460
1.089432
1.090050
1.084068
1.103250
1.096636
1.095993
1.102615
1.096622
1.088626
1.102587
1.102572
1.091344
1.104018
1.098817
1.095073
1.104044
1.103285
1.103284
1.115948
1.090626
1.094219
1.089844
1.090639
1.096544
1.110002
1.109162
1.103263
1.090654
1.077194
1.108244
1.088876
1.083898
1.104187
1.102332
1.096481
1.094550
1.091618
1.089638
1.111124
1.086546
1.094356
1.090614
1.096410
1.098607
1.110222
1.096385
1.102167
1.092900
1.117197
1.096368
1.103307
1.097538
1.090604
1.110236
1.090610
1.103296
1.096366
1.121714
1.094169
1.102105
1.089473
1.104442
1.111325
1.096381
1.102094
1.110106
1.104392
1.093011
1.095261
1.088457
1.104349
1.090738
1.095276
1.098676
1.078280
1.083934
1.111160
1.107785
1.100971
1.111170
1.111163
1.103212
1.092994
1.104318
1.082876
1.096425
1.082893
1.097526
1.103200
1.088550
1.091847
1.098631
1.098625
1.110015
1.089631
1.097512
1.102145
1.096429
1.104307
1.093933
1.120424
1.103226
1.103221
1.106364
1.107888
1.097489
1.098510
1.095459
1.097481
1.096480
1.104164
1.086097
1.096493
1.104133
1.086062
1.095560
1.104104
1.102236
1.096518
1.092635
1.096524
1.104975
1.108911
1.103165
1.111530
1.104877
1.098247
1.096572
1.078530
1.090041
1.092388
1.120479
1.110431
1.098839
1.108916
1.096632
1.090160
1.095956
1.096647
1.092232
1.097327
1.097990
1.101799
1.103112
1.083777
1.090866
1.083113
1.089541
1.102464
1.108950
1.098019
1.086410
1.090115
1.103856
1.122057
1.097327
1.090799
1.108991
1.103156
1.097325
1.120627
1.103835
1.097330
1.096641
1.097332
1.090177
1.084403
1.083021
1.093654
1.091547
1.085043
1.103822
1.103821
1.097312
1.103812
1.090150
1.085547
1.108438
1.088916
1.084854
1.078916
1.103823
1.116336
1.097264
1.086524
1.097832
1.097238
1.103794
1.089597
1.109307
1.109826
1.091138
1.102775
1.078012
1.097657
1.097178
1.077047
1.096720
1.097164
1.122178
1.096719
1.097159
1.091444
1.083540
1.102890
1.089256
1.103768
1.083464
1.097608
1.097611
1.115756
1.097155
1.103814
1.102903
1.096699
1.110013
1.084308
1.097156
1.096701
1.096248
1.090956
1.090039
1.090489
1.090942
1.084708
1.082390
1.103398
1.083694
1.096675
1.102954
1.096663
1.090855
1.103461
1.102962
1.103986
1.096641
1.110323
1.097160
1.096636
1.096635
1.110332
1.090847
1.097326
