1.097167
1.098244
1.097706
1.116646
1.097167
1.096630
1.104016
1.110328
1.102944
1.089786
1.109254
1.091391
1.090322
1.109252
1.097701
1.090858
1.102941
1.102941
1.090325
1.089791
1.102940
1.096633
1.104010
1.083483
1.076640
1.109782
1.110320
1.104552
1.077172
1.096093
1.089784
1.097169
1.098248
1.122945
1.116096
1.089783
1.104016
1.102937
1.097170
1.090324
1.102935
1.123470
1.098251
1.096630
1.096631
1.097170
1.117152
1.089792
1.096632
1.090871
1.116066
1.104007
1.102929
1.096094
1.091415
1.104542
1.097171
1.076142
1.084582
1.090339
1.089267
1.089266
1.097170
1.090335
1.090870
1.097170
1.089793
1.089791
1.097169
1.090326
1.109244
1.123475
1.108705
1.104016
1.102935
1.096629
1.102932
1.117166
1.091961
1.091416
1.083485
1.104559
1.110315
1.083487
1.105093
1.084027
1.097707
1.097704
1.109244
1.110843
1.089267
1.101882
1.089800
1.097165
1.089799
1.098226
1.097165
1.083492
1.091386
1.109255
1.109784
1.076650
1.109257
1.097164
1.103475
1.117684
1.110314
1.109783
1.097164
1.117143
1.097164
1.090332
1.089807
1.097164
1.096638
1.109247
1.096639
1.084034
1.090336
1.090862
1.116073
1.090336
1.089283
1.089809
1.097165
1.097165
1.103469
1.103998
1.084559
1.090862
1.103470
1.103998
1.095583
1.109777
1.103998
1.096637
1.077193
1.103470
1.090331
1.109778
1.082969
1.090857
1.083493
1.104529
1.097164
1.104529
1.102422
1.090851
1.104527
1.103475
1.083486
1.076648
1.110839
1.096638
1.103999
1.096638
1.090840
1.096119
1.109800
1.096639
1.090837
1.098196
1.110839
1.103480
1.116643
1.091348
1.097155
1.102967
1.102967
1.116125
1.103987
1.096135
1.089814
1.103475
1.083496
1.090326
1.102963
1.117133
1.097156
1.097156
1.090328
1.097156
1.096645
1.097155
1.103472
1.095625
1.097156
1.116615
1.102960
1.084016
1.116610
1.102957
1.089820
1.077198
1.096644
1.096644
1.105017
1.102953
1.083507
1.090332
1.103986
1.090848
1.097159
1.096643
1.096127
1.082985
1.096126
1.097676
1.097676
1.103474
1.089290
1.103993
1.096122
1.091360
1.082967
1.104515
1.091358
1.123477
1.102961
1.102444
1.103996
1.110833
1.109281
1.103477
1.116628
1.090325
1.096126
1.102956
1.103472
1.097677
1.110299
1.084541
1.089300
1.110294
1.101916
1.102949
1.090855
1.098200
1.109250
1.091378
1.095604
1.097162
1.089301
1.096642
1.103985
1.097163
1.089819
1.090341
1.097164
1.105035
1.109766
1.110288
1.097685
1.085082
1.103983
1.103464
1.104497
1.097675
1.083525
1.096647
1.102953
1.096648
1.096648
1.102448
1.096141
1.083019
1.096139
1.089321
1.089829
1.095619
1.102950
1.088786
1.090857
1.103467
1.089811
1.096638
1.097694
1.089803
1.076131
1.102405
1.116080
1.076109
1.103473
1.097171
1.090870
1.097719
1.109232
1.116082
1.104026
1.095523
1.110327
1.116626
1.090326
1.098845
1.094956
1.090328
1.103472
1.110323
1.091447
1.089214
1.103471
1.090331
1.089772
1.097741
1.103471
1.109762
1.102350
1.096620
1.097745
1.091457
1.096620
1.091457
1.096620
1.084042
1.078311
1.090889
1.096621
1.083473
1.104033
1.089211
1.097177
1.109781
1.091428
1.097730
1.104588
1.103482
1.084007
1.091412
1.104031
1.102393
1.094992
1.104029
1.096626
1.102941
1.096626
1.089766
1.109801
1.120145
