1.096079
1.090311
1.089763
1.110345
1.103484
1.090864
1.096070
1.116099
1.097729
1.103482
1.110341
1.090873
1.083459
1.116086
1.110893
1.083463
1.110890
1.097177
1.084023
1.084578
1.103477
1.104030
1.090874
1.090322
1.103477
1.109232
1.083470
1.090321
1.083468
1.090868
1.102384
1.096625
1.089769
1.097173
1.109791
1.109242
1.090864
1.082903
1.109241
1.090313
1.111454
1.097175
1.110347
1.103483
1.110899
1.096622
1.090868
1.104587
1.096623
1.096623
1.109788
1.104030
1.096075
1.096075
1.102380
1.102928
1.097175
1.090322
1.085679
1.089770
1.110883
1.090874
1.096624
1.097175
1.097724
1.085115
1.090320
1.097172
1.089228
1.109246
1.109791
1.089772
1.084005
1.109793
1.122961
1.096626
1.110882
1.096626
1.110334
1.103480
1.117182
1.096627
1.116085
1.090325
1.104019
1.096084
1.096083
1.102926
1.102924
1.094986
1.096078
1.104019
1.104572
1.090892
1.104574
1.076660
1.110305
1.088677
1.096625
1.090897
1.096624
1.116590
1.096624
1.103464
1.104582
1.110303
1.101786
1.090904
1.090905
1.089786
1.095503
1.097184
1.097184
1.096622
1.095497
1.090345
1.096621
1.076661
1.089209
1.109740
1.104035
1.104036
1.102320
1.089767
1.083490
1.089763
1.102889
1.077788
1.104048
1.109745
1.102886
1.103469
1.090918
1.078368
1.092087
1.097193
1.097776
1.123478
1.102311
1.090909
1.110913
1.109755
1.078343
1.088602
1.096037
1.111484
1.097188
1.116616
1.108609
1.096614
1.110902
1.097188
1.075478
1.090909
1.097189
1.102895
1.102894
1.116604
1.097190
1.091488
1.089761
1.117750
1.084060
1.089763
1.117171
1.090338
1.090912
1.097188
1.084059
1.084628
1.089196
1.103469
1.089765
1.089195
1.102902
1.092040
1.090329
1.085747
1.096616
1.092026
1.103477
1.103478
1.089757
1.096618
1.097741
1.111464
1.097178
1.090873
1.097176
1.090868
1.098279
1.102384
1.083451
1.109798
1.090856
1.098261
1.090308
1.095542
1.085070
1.097707
1.102951
1.101877
1.096628
1.096090
1.085050
1.109819
1.104029
1.097164
1.090835
1.102958
1.111427
1.077103
1.110358
1.082370
1.090828
1.089765
1.096099
1.103496
1.083426
1.083424
1.096096
1.104032
1.109840
1.103500
1.095558
1.102966
1.122518
1.090287
1.089749
1.103500
1.096623
1.084498
1.102956
1.097167
1.109833
1.097168
1.102405
1.097717
1.111477
1.097169
1.117254
1.096621
1.082870
1.103496
1.096621
1.082872
1.084517
1.089745
1.097719
1.102399
1.110375
1.082314
1.082862
1.102947
1.083408
1.090288
1.116159
1.103502
1.102943
1.097174
1.096613
1.123607
1.097175
1.104628
1.082837
1.096612
1.089159
1.096612
1.090855
1.078776
1.095477
1.109827
1.089717
1.096040
1.117294
1.123050
1.096608
1.109826
1.088567
1.096032
1.089711
1.083970
1.103501
1.117296
1.111562
1.096021
1.109813
1.090291
1.097771
1.104082
1.082815
1.089709
1.103497
1.090879
1.116701
1.089708
1.110391
1.097189
1.110976
1.110388
1.097774
1.096019
1.116103
1.097189
1.089133
1.097774
1.082833
1.117847
1.110375
1.104658
1.090307
1.098354
1.097188
1.102907
1.097187
1.090310
1.094878
1.083434
1.096609
1.090887
1.096031
1.109787
1.104066
1.094871
1.096607
1.110948
1.090309
1.103486
1.078299
1.103486
1.104652
1.109785
1.091473
1.105229
1.098346
1.110363
1.096035
1.099094
