1.110358
1.082869
1.109785
1.110354
1.116652
1.102345
1.097183
1.109776
1.090889
1.104046
1.096616
1.110336
1.090325
1.083469
1.091460
1.097749
1.104038
1.089200
1.117183
1.097744
1.101790
1.103473
1.103472
1.083479
1.090330
1.102911
1.117172
1.097181
1.117169
1.083486
1.089774
1.091454
1.090335
1.089775
1.089775
1.090333
1.122899
1.077752
1.102912
1.102353
1.102911
1.097181
1.096620
1.110886
1.109760
1.083480
1.110322
1.122332
1.117734
1.102904
1.097749
1.102901
1.090905
1.075526
1.104029
1.097186
1.136544
1.116012
1.110299
1.095488
1.089218
1.104024
1.095482
1.082953
1.090358
1.096045
1.110862
1.089783
1.090938
1.103451
1.084104
1.116543
1.083524
1.109706
1.090361
1.104034
1.098363
1.083524
1.090943
1.077849
1.104034
1.096615
1.089777
1.109715
1.097194
1.097773
1.109140
1.103456
1.097771
1.090930
1.090930
1.109721
1.089778
1.109722
1.096618
1.095470
1.102882
1.109145
1.103456
1.097771
1.090933
1.098350
1.117131
1.097193
1.096617
1.084673
1.097193
1.111434
1.091502
1.103453
1.097190
1.097189
1.110281
1.102325
1.085221
1.082973
1.102892
1.084093
1.097185
1.115989
1.097184
1.089801
1.097184
1.089801
1.097183
1.110280
1.103453
1.090357
1.096072
1.082418
1.097740
1.084084
1.103455
1.097741
1.104014
1.090909
1.110844
1.110288
1.084075
1.097181
1.109736
1.102907
1.090901
1.091999
1.085167
1.096631
1.096632
1.096632
1.089264
1.103460
1.089805
1.091427
1.104002
1.090343
1.096094
1.091418
1.077753
1.090338
1.089801
1.103468
1.084567
1.117144
1.103471
1.116082
1.090329
1.090329
1.097696
1.096635
1.083490
1.084545
1.076120
1.090850
1.122422
1.102951
1.103479
1.097162
1.097162
1.096107
1.083472
1.090845
1.102953
1.082408
1.110332
1.110865
1.102421
1.110867
1.116121
1.089248
1.116649
1.103481
1.097167
1.083470
1.095557
1.098244
1.090320
1.090859
1.103478
1.084548
1.096629
1.097707
1.084006
1.082929
1.091390
1.103482
1.090849
1.097165
1.102416
1.090309
1.097698
1.096097
1.102422
1.089238
1.089236
1.103490
1.090302
1.089763
1.097705
1.116687
1.098247
1.089758
1.077101
1.102954
1.104036
1.102955
1.097166
1.103496
1.103496
1.097708
1.096624
1.102955
1.123571
1.095541
1.089753
1.096624
1.090841
1.089752
1.116147
1.090297
1.090297
1.096621
1.110916
1.096621
1.103494
1.077101
1.083423
1.096069
1.075992
1.083969
1.102944
1.096617
1.102387
1.104058
1.097173
1.083399
1.104063
1.109270
1.090846
1.084517
1.089720
1.083388
1.102379
1.089714
1.091408
1.122511
1.116744
1.109275
1.103509
1.083376
1.109268
1.097178
1.089132
1.097180
1.109834
1.103507
1.110987
1.111564
1.090860
1.124204
1.097759
1.116143
1.109820
1.117283
1.089719
1.102349
1.103495
1.097183
1.116683
1.084570
1.096037
1.092026
1.097756
1.097183
1.103486
1.084006
1.090878
1.109791
1.096049
1.104617
1.103485
1.084006
1.097179
1.097179
1.084004
1.110352
1.097177
1.090868
1.102373
1.090309
1.102931
1.096065
1.089198
1.097175
1.089195
1.110914
1.096060
1.096059
1.090306
1.102927
1.091430
1.123546
1.104615
1.109235
1.109796
1.104050
1.089183
1.097180
1.102356
1.097181
1.097181
1.089182
1.096615
1.090882
1.090314
1.097752
1.090883
1.096045
1.097752
1.143002
