1.097751
1.095478
1.090883
1.090315
1.090883
1.109214
1.110349
1.110348
1.109779
1.090318
1.089752
1.090887
1.097750
1.089186
1.104046
1.096616
1.097183
1.124067
1.091453
1.090321
1.084026
1.090321
1.084023
1.110339
1.089759
1.097179
1.096619
1.097178
1.090874
1.083453
1.098290
1.090313
1.095512
1.096620
1.090309
1.090307
1.102934
1.097174
1.090858
1.104598
1.096620
1.090300
1.104045
1.102391
1.089747
1.110368
1.109266
1.089194
1.116691
1.117243
1.096065
1.090300
1.096619
1.096062
1.110364
1.103491
1.083989
1.083990
1.096057
1.103490
1.083990
1.084551
1.109244
1.075425
1.103492
1.103493
1.075974
1.075967
1.096611
1.102927
1.090864
1.104072
1.103500
1.090863
1.111546
1.097757
1.097181
1.109823
1.084538
1.102930
1.102931
1.097751
1.104645
1.123615
1.103502
1.083964
1.110391
1.108691
1.117276
1.084535
1.084536
1.096050
1.123023
1.089732
1.091419
1.091418
1.108695
1.103495
1.116133
1.097175
1.104052
1.096617
1.084544
1.096617
1.090302
1.096061
1.091416
1.130428
1.103491
1.097730
1.097728
1.109252
1.076018
1.117223
1.108698
1.084546
1.096621
1.116112
1.116661
1.116657
1.084558
1.108684
1.110339
1.102926
1.116082
1.084023
1.096622
1.096622
1.085145
1.116619
1.103472
1.090886
1.096623
1.098290
1.102915
1.104024
1.084044
1.097731
1.096626
1.097177
1.096627
1.095528
1.104018
1.096077
1.102919
1.090335
1.098828
1.088686
1.109760
1.104569
1.110310
1.090336
1.109208
1.091437
1.109756
1.102368
1.083501
1.098827
1.096627
1.122878
1.105110
1.102916
1.102915
1.102368
1.083514
1.117122
1.083518
1.096630
1.097178
1.096081
1.090349
1.096629
1.109188
1.084622
1.089799
1.083519
1.096628
1.085174
1.077232
1.097733
1.089790
1.084608
1.110857
1.102915
1.116048
1.077203
1.082391
1.088680
1.103471
1.085696
1.097731
1.103474
1.096071
1.116626
1.096623
1.104582
1.084024
1.090323
1.096623
1.096623
1.090321
1.076056
1.110337
1.103481
1.116093
1.089763
1.104589
1.109787
1.084011
1.097176
1.089207
1.096621
1.084009
1.103483
1.109790
1.102927
1.097734
1.102926
1.091429
1.104598
1.089199
1.105154
1.110346
1.102928
1.103482
1.117203
1.091423
1.103481
1.102929
1.083464
1.082915
1.077710
1.103479
1.096624
1.089219
1.090866
1.116647
1.103482
1.102932
1.097174
1.090316
1.097174
1.104032
1.083457
1.123507
1.104031
1.097722
1.096624
1.096077
1.104028
1.097720
1.109241
1.117732
1.090320
1.095538
1.104022
1.105109
1.090324
1.095002
1.102933
1.082394
1.103475
1.089237
1.083479
1.090325
1.083475
1.117178
1.096074
1.097175
1.123485
1.083469
1.090876
1.095514
1.102922
1.084022
1.096621
1.110336
1.084580
1.089761
1.090878
1.102920
1.097179
1.082334
1.109784
1.110347
1.109222
1.103482
1.122949
1.109780
1.110910
1.090320
1.103477
1.083462
1.097753
1.102907
1.096047
1.104613
1.117760
1.097185
1.084611
1.097185
1.110325
1.097184
1.097748
1.091459
1.091456
1.084603
1.090889
1.109208
1.110871
1.097177
1.082388
1.089234
1.097175
1.090330
1.096627
1.089781
1.116620
1.097174
1.083479
1.115530
1.089778
1.103475
1.103475
1.109775
1.096625
1.089776
1.090878
1.089222
1.096070
1.103475
1.109216
1.090883
1.097179
1.083471
1.089765
1.096619
1.120077
