1.089760
1.110335
1.089757
1.083463
1.096615
1.097185
1.103477
1.090322
1.103478
1.083455
1.116062
1.090320
1.124083
1.097188
1.090321
1.102900
1.102900
1.104056
1.104636
1.096610
1.108605
1.103475
1.102895
1.097191
1.083465
1.089747
1.097775
1.101723
1.096609
1.089158
1.089742
1.078361
1.089738
1.103475
1.110938
1.109755
1.109755
1.102289
1.096009
1.090327
1.109750
1.116621
1.129164
1.104073
1.102869
1.089732
1.096600
1.103467
1.095993
2.712854
1.097816
1.091560
1.103464
1.102246
1.103463
1.109108
1.084092
1.110326
1.090347
1.097821
1.083485
1.095987
1.108488
1.105300
1.095371
1.096597
1.096597
1.095365
1.091583
1.091584
1.104079
1.084718
1.084716
1.089729
1.096596
1.096596
1.097827
1.103465
1.110950
1.089727
1.109110
1.104079
1.097822
1.109723
1.097820
1.076605
1.116591
1.109723
1.083475
1.109113
1.090952
1.097818
1.097208
1.097816
1.089734
1.103464
1.097207
1.091555
1.095995
1.110329
1.077822
1.095394
1.102259
1.097808
1.089735
1.089734
1.102863
1.083469
1.095993
1.090942
1.083462
1.108518
1.090332
1.090330
1.089104
1.095980
1.104091
1.108508
1.117246
1.084060
1.082817
1.116007
1.097213
1.089698
1.097214
1.095958
1.097215
1.095955
1.090954
1.109741
1.109107
1.082790
1.103479
1.085338
1.095942
1.095300
1.095297
1.085347
1.117289
1.089027
1.097869
1.097223
1.109742
1.117297
1.090317
1.109740
1.104779
1.084711
1.117290
1.078455
1.095931
1.122897
1.090966
1.097866
1.103479
1.091606
1.110376
1.102838
1.091600
1.096582
1.103477
1.097218
1.075275
1.097851
1.095952
1.079070
1.097216
1.104109
1.097215
1.089692
1.090320
1.097213
1.129808
1.111001
1.089694
1.090943
1.122912
1.102857
1.109748
1.076543
1.097833
1.109745
1.103477
1.110364
1.103476
1.110360
1.089086
1.103473
1.084069
1.090331
1.097212
1.109111
1.095969
1.104093
1.096591
1.084076
1.097213
1.095967
1.089709
1.090957
1.104096
1.109105
1.095964
1.076566
1.096588
1.102845
1.082186
1.096586
1.096585
1.091596
1.104111
1.096583
1.122886
1.097219
1.089688
1.090964
1.103477
1.083429
1.102838
1.109734
1.096580
1.091607
1.089682
1.097222
1.090322
1.117278
1.084065
1.108452
1.116637
1.090322
1.095291
1.109734
1.096578
1.103478
1.104125
1.092270
1.085370
1.089678
1.110376
1.111021
1.097868
1.103476
1.097865
1.084714
1.090966
1.090964
1.103476
1.104744
1.102213
1.104107
1.084064
1.102221
1.096587
1.084688
1.102851
1.097838
1.104101
1.098457
1.102856
1.083436
1.102859
1.104715
1.102243
1.084054
1.089090
1.104095
1.084667
1.097207
1.082817
1.097821
1.083428
1.091543
1.103483
1.102872
1.096593
1.090922
1.109770
1.082805
1.117888
1.110993
1.089699
1.095985
1.084631
1.091524
1.095987
1.090912
1.097806
1.103491
1.084011
1.097198
1.097198
1.102892
1.090299
1.129887
1.097196
1.090298
1.090298
1.117288
1.110390
1.082807
1.103493
1.097194
1.103493
1.097789
1.090895
1.084002
1.090300
1.110386
1.102903
1.109205
1.091480
1.097191
1.116686
1.090888
1.097190
1.090301
1.104663
1.123570
1.109211
1.083419
1.090304
1.110953
1.088565
1.117252
1.109209
1.116666
1.096027
1.096608
1.084600
1.090314
1.090896
1.104065
1.096027
1.104645
1.102901
1.089735
1.102901
1.122004
