1.089736
1.104061
1.109189
1.103479
1.116053
1.095445
1.111509
1.091493
1.082297
1.076017
1.116033
1.109166
1.098368
1.097195
1.082292
1.102293
1.082877
1.090924
1.097791
1.110933
1.090925
1.090330
1.097792
1.090923
1.096604
1.098975
1.108570
1.116622
1.084639
1.110342
1.083460
1.102298
1.091503
1.097194
1.109169
1.116622
1.097194
1.090914
1.103473
1.083465
1.103473
1.110920
1.102889
1.117196
1.096028
1.103470
1.103469
1.098357
1.103468
1.103467
1.083485
1.103466
1.090340
1.096613
1.102886
1.077796
1.090919
1.089762
1.090339
1.096036
1.090337
1.083481
1.097770
1.077776
1.089753
1.110333
1.097190
1.096611
1.096033
1.104054
1.089745
1.102321
1.089742
1.096609
1.102898
1.083447
1.090901
1.097191
1.089146
1.117238
1.096605
1.077729
1.104072
1.089723
1.109192
1.096015
1.089130
1.102305
1.097194
1.104082
1.090902
1.097792
1.102296
1.117270
1.096598
1.090904
1.090904
1.096598
1.109184
1.096598
1.090905
1.082215
1.089705
1.090304
1.110386
1.095993
1.096595
1.103492
1.091513
1.117290
1.096593
1.097806
1.089695
1.116684
1.101674
1.090909
1.090302
1.109782
1.102883
1.103491
1.089694
1.084626
1.097203
1.104102
1.088471
1.109167
1.116678
1.090918
1.090919
1.109775
1.122958
1.122339
1.104103
1.097206
1.082186
1.097825
1.115415
1.083424
1.434713
1.103481
1.101620
1.103479
1.116014
1.090323
1.090948
1.103476
1.116624
1.110360
1.116616
1.089706
1.097841
1.109723
1.089711
1.110345
1.090340
1.102838
1.104092
1.103463
1.090345
1.110334
1.090975
1.096591
1.104087
1.109700
1.109072
1.097845
1.097218
1.089729
1.103455
1.096593
1.082870
1.115924
1.102826
1.095964
1.095962
1.110944
1.090362
1.116539
1.084137
1.117803
1.090365
1.089098
1.082874
1.104083
1.089731
1.095953
1.084143
1.110948
1.110949
1.090365
1.104725
1.098501
1.103449
1.084777
1.090999
1.110940
1.097852
1.090365
1.102196
1.097220
1.077278
1.090363
1.104696
1.090361
1.115925
1.089741
1.104071
1.089124
1.103453
1.084737
1.102220
1.091591
1.083499
1.103456
1.097213
1.090354
1.102842
1.090967
1.110935
1.084718
1.115342
1.089736
1.090962
1.102847
1.098435
1.091571
1.115354
1.097209
1.123436
1.109712
1.097209
1.098424
1.110921
1.083498
1.122810
1.098412
1.097206
1.090357
1.117148
1.097801
1.096013
1.103451
1.103450
1.109105
1.096611
1.108510
1.090368
1.096611
1.109095
1.097204
1.097205
1.109681
1.109679
1.096016
1.084144
1.104633
1.097804
1.084148
1.083552
1.103439
1.096015
1.104630
1.103439
1.097802
1.104627
1.084147
1.091563
1.110855
1.102850
1.104026
1.092722
1.092129
1.097199
1.076741
1.104015
1.089804
1.083559
1.084696
1.096056
1.081853
1.090936
1.102880
1.101750
1.097190
1.082970
1.082398
1.088652
1.077263
1.090355
1.097192
1.102305
1.109147
1.083501
1.083497
1.117166
1.083489
1.092101
1.104640
1.091512
1.084064
1.096023
1.091504
1.123474
1.103472
1.097193
1.090329
1.104055
1.103473
1.084625
1.081728
1.096032
1.090325
1.103476
1.104056
1.089743
1.096610
1.096030
1.084031
1.096609
1.096026
1.103481
1.110357
1.103482
1.090315
1.083439
1.104069
1.102897
1.110362
1.090900
1.109775
1.104070
1.097192
1.090901
1.096020
1.103482
1.109773
1.110944
1.099093
