0.894325
3.891148
1.642387
0.843589
7.088862
1.460063
1.002985
1.018691
1.208504
1.104758
1.017221
1.074714
1.129083
1.080081
1.202635
1.117075
1.125452
1.108887
1.145991
1.110806
1.120697
1.176598
1.167559
1.134440
1.188173
1.085956
1.093533
1.099100
1.098217
1.093677
1.150728
1.078042
1.095666
1.112391
1.132498
1.117710
1.119106
1.066610
1.125716
1.090871
1.028669
1.187929
1.236721
1.136446
1.245396
1.192392
1.114164
1.303193
1.303758
1.190067
1.074283
1.027308
1.158542
1.269428
1.260703
1.073513
0.947903
1.040909
1.031120
1.041230
1.372660
1.156720
1.424682
1.124421
1.092949
1.139047
1.126380
1.108749
1.017102
1.386399
1.092664
1.089533
1.048137
1.192144
1.055060
1.090080
1.106496
1.096594
1.122185
1.108706
1.102416
1.128364
1.098906
1.093044
1.105541
1.086393
1.257326
0.917209
1.168902
1.125808
0.901812
7.624253
1.136680
1.489492
1.216324
0.985821
1.328692
1.052420
0.999982
1.107332
0.903123
1.131845
1.162990
1.504064
1.405949
1.122847
1.037087
1.154873
1.096567
1.124158
1.117111
1.040171
1.166657
1.250559
1.069674
1.063994
1.138870
0.973406
1.146309
1.316921
1.274616
1.158159
1.158878
1.105983
1.071639
1.160461
1.133610
1.058846
1.289675
1.189602
1.227067
1.156032
1.093555
1.102186
1.085513
1.088972
1.094700
1.097810
1.152204
1.112888
1.229036
1.215960
1.074249
1.260979
1.186740
1.184228
1.022938
1.140786
1.133912
1.167684
1.137601
1.173161
1.180807
1.079364
1.066579
1.059350
1.191084
1.088390
1.269042
1.154023
1.109809
1.072559
1.041874
1.101895
1.080104
1.208968
1.179387
1.229212
1.083339
1.165940
1.157607
1.064031
0.991440
1.273454
1.153499
1.063358
1.172999
1.312809
1.128228
1.356158
2.085611
1.129564
1.169331
1.241753
1.166308
1.216896
1.306273
1.033836
1.199390
1.152823
1.107902
1.143987
1.135755
1.060741
1.102917
1.295548
1.242510
1.106550
1.094740
1.118225
1.069016
1.092186
1.108789
1.174090
0.911863
1.263600
1.059743
1.182086
1.114155
1.054357
1.088237
1.184903
1.199219
1.082786
1.109963
1.079774
1.061143
1.230248
1.206508
1.178408
1.049777
1.193154
1.114891
1.050110
1.053423
1.029676
1.162638
1.153244
1.091963
1.241258
1.280355
1.162631
0.993483
1.126122
1.128418
1.247706
1.080168
1.104122
1.090308
1.567448
1.659820
1.454498
2.075805
1.011767
1.258222
1.267863
1.332562
0.988644
1.111264
1.006545
1.148802
1.010869
1.247794
0.977312
1.265871
1.083978
1.131197
1.085180
1.116604
1.075162
1.039917
1.093519
1.127781
1.318934
1.177770
1.209853
1.205678
1.112648
1.163822
0.993955
1.030547
1.326659
1.162549
1.025136
1.168210
1.114864
1.252635
1.218633
1.021364
1.240559
1.414054
1.345935
1.512181
1.179814
1.313585
1.278505
1.057656
1.089694
1.262733
1.429950
0.969552
1.351061
1.082865
1.339639
1.273889
1.265430
1.077027
1.128614
1.241125
1.047240
1.226594
1.411523
1.263699
1.397627
1.260178
1.175249
1.110453
1.051992
1.259776
1.334654
1.093975
1.367527
1.294870
1.150646
1.004798
1.182029
1.041604
1.095365
1.049019
1.282363
1.317270
1.091888
1.119653
1.095521
1.188566
1.061197
1.122478
1.033806
1.128285
1.269031
1.038453
1.150905
1.217021
1.128635
1.091656
1.121074
1.032684
1.179735
