1.133321
1.125112
1.137967
1.111195
1.110112
0.831177
1.111820
1.034192
0.894325
1.017055
1.073962
1.089244
1.069811
1.160038
2.851256
1.081474
2.761052
1.071222
1.138659
1.022320
1.092425
1.061972
1.130103
1.076874
1.051722
1.171570
1.117647
1.117421
1.110273
1.093803
1.080929
1.099541
1.095600
1.101442
1.085452
1.071416
1.100042
1.074967
1.096082
1.116154
1.116077
1.073220
1.060257
1.061286
1.083311
1.109994
1.118903
1.072321
1.095322
1.085530
1.102891
1.101915
1.114344
1.089210
1.117404
1.124784
1.084214
1.102060
1.083776
1.116146
1.077559
1.098217
1.107308
1.098680
1.101570
1.094103
1.089906
1.096082
1.102719
1.117216
1.096729
1.104654
1.120332
1.111009
1.110050
1.068290
1.088517
1.097125
1.089099
1.117636
1.079925
1.103040
1.103664
1.097198
1.103676
1.084182
1.089726
1.109980
1.110051
1.097579
1.096618
1.096592
1.097600
1.097167
1.096079
1.110358
1.097751
1.089760
1.089736
1.082273
1.117227
1.090900
1.102891
1.102282
1.089700
1.076511
1.102890
1.110387
1.115476
1.091509
1.082188
1.097199
1.097199
1.079527
1.084000
1.116697
1.090296
1.089083
1.097805
1.096593
1.085211
1.103496
1.089689
1.103496
1.096592
1.095986
1.090902
1.103496
1.095985
1.082178
1.110400
1.089082
1.089688
1.109186
1.115484
1.078308
1.090902
1.090295
1.092116
1.098413
1.097199
1.088475
1.095986
1.097199
1.095986
1.104710
1.090902
1.104103
1.076488
1.089082
1.124208
1.096592
1.116090
1.097199
1.097806
1.099020
1.097199
1.089688
1.089689
1.089688
1.104103
1.123601
1.098413
1.122994
1.097199
1.109186
1.102889
1.089082
1.103496
1.083998
1.095986
1.104710
1.104103
1.083998
1.102283
1.097199
1.111007
1.084605
1.102889
1.090295
1.110400
1.104710
1.096592
1.102283
1.097199
1.085819
1.102889
1.097199
1.084605
1.095379
1.111614
1.091509
1.083391
1.090902
1.091509
1.077701
1.089082
1.111007
1.104103
1.075881
1.111007
1.090902
1.089689
1.077701
1.090295
1.104103
1.090295
1.090902
1.077701
1.097199
1.111007
1.097806
1.096592
1.102283
1.102889
1.084605
1.097806
1.090295
1.109186
1.110400
1.103496
1.102889
1.122387
1.082784
1.089082
1.097806
1.104103
1.102283
1.092116
1.084605
1.097199
1.083998
1.083998
1.089689
1.103496
1.083998
1.117304
1.082785
1.090902
1.102889
1.096592
1.096592
1.097806
1.091509
1.097806
1.089688
1.102889
1.102889
1.090295
1.116697
1.096592
1.090902
1.097199
1.083391
1.090902
1.097199
1.104103
1.103496
1.089689
1.089689
1.097806
1.117304
1.110400
1.091509
1.103496
1.098413
1.083391
1.108580
1.103496
1.109186
1.102889
1.103496
1.117304
1.095379
1.096592
1.096592
1.097199
1.104103
1.091509
1.090902
1.102889
1.095986
1.109793
1.089082
1.091509
1.083391
1.096592
1.083391
1.083998
1.090295
1.103496
1.090902
1.097199
1.109793
1.109793
1.097199
1.111007
1.090902
1.116090
